LENS PARMS:
   alpha 4.106689e-01 1.627264e-01 6.812323e-03 2.804499e-01 8.829358e+01 2.199939e-02 5.389156e+01 0.0 0.0 1.000000e+00
SOURCE PARMS:
   ptsrc 1.074451e-01 2.350070e-01 -8.898834e-03 0.0 0.0 0.0 0.0 0.0
CHISQ: 8.205396e-05 8.156554e-05 4.884123e-07 0.000000e+00 2.652630e-12 0.000000e+00 0.000000e+00 0.000000e+00 0.000000e+00 # tot pos flux tdel gal plim crv ring weak

Source #1
  posn:  2.350070e-01 -8.898834e-03
  flux:  1.074451e-01
     h:  7.000000e-01
tscale:  1.000000e+00
images:
   0.4410  -0.3743 (6.0e-03)   1.3680 ( 1.00e+03)   0.00 (0.0e+00) ->   0.4409  -0.3742   0.7332   0.0000
   0.6262   0.0482 (6.0e-03)   1.3680 ( 1.00e+03)   0.00 (0.0e+00) ->   0.6262   0.0482   1.6555   0.0067
   0.5669   0.2483 (6.0e-03)   1.3680 ( 1.00e+03)   0.00 (0.0e+00) ->   0.5669   0.2482   1.3998   0.0060
  -0.9449   0.9449 (1.0e+03)   1.3680 ( 1.00e+03)   0.00 (0.0e+00) ->  -0.0216   0.3182   1.3264   0.0611


