2.854149e+01  1.439525e+02  1.622375e-01 -2.172952e-01  2.120988e-01  1.302237e+02  1.264353e+02  1.611109e-01 -2.179937e-01  8.435873e-01  7.837154e+00 
2.437698e+01  1.449144e+02  1.619749e-01 -2.213323e-01  1.371758e-01  1.314758e+02  1.280322e+02  1.624932e-01 -2.206834e-01  8.119688e-01  5.688738e+00 
2.117957e+01  1.463081e+02  1.659261e-01 -2.234101e-01  9.515123e-02  1.317702e+02  1.271587e+02  1.624634e-01 -2.179224e-01  7.873025e-01  5.894741e+00 
1.126490e+01  1.453758e+02  1.647829e-01 -2.205186e-01  7.147673e-02  1.334672e+02  1.257211e+02  1.579726e-01 -2.247377e-01  8.120152e-01  6.646870e+00 
8.648806e+00  1.472912e+02  1.684091e-01 -2.233697e-01  8.529468e-02  1.344587e+02  1.252036e+02  1.471232e-01 -2.179729e-01  8.920202e-01  5.859190e+00 
8.124155e+00  1.476616e+02  1.714345e-01 -2.279248e-01  1.384750e-01  1.332586e+02  1.278082e+02  1.496713e-01 -2.216383e-01  8.462127e-01  6.318213e+00 
9.420386e+00  1.498251e+02  1.717351e-01 -2.246018e-01  9.432200e-02  1.336990e+02  1.287985e+02  1.454993e-01 -2.183899e-01  8.867032e-01  5.695362e+00 
4.922663e+00  1.483057e+02  1.788347e-01 -2.269759e-01  5.124319e-02  1.356523e+02  1.291854e+02  1.511308e-01 -2.175801e-01  8.833064e-01  4.649798e+00 
4.224816e+00  1.482301e+02  1.836601e-01 -2.291710e-01  1.202596e-01  1.345467e+02  1.285359e+02  1.535444e-01 -2.155966e-01  8.530893e-01  6.460055e+00 
2.686243e+00  1.445938e+02  1.801535e-01 -2.294340e-01  1.170206e-01  1.357921e+02  1.286210e+02  1.420389e-01 -2.116730e-01  8.579933e-01  5.121514e+00 
4.533363e+00  1.462981e+02  1.830659e-01 -2.237639e-01  1.490478e-01  1.367553e+02  1.269387e+02  1.382827e-01 -2.076839e-01  8.720320e-01  5.398462e+00 
1.275960e+01  1.476521e+02  1.842714e-01 -2.297176e-01  1.408426e-01  1.363609e+02  1.296793e+02  1.324363e-01 -2.043586e-01  9.144460e-01  5.681860e+00 
1.101646e+01  1.501952e+02  1.881224e-01 -2.313305e-01  1.143919e-01  1.335465e+02  1.303593e+02  1.267482e-01 -1.995100e-01  9.217089e-01  6.899218e+00 
6.843958e+00  1.497669e+02  1.862251e-01 -2.272274e-01  1.453128e-01  1.331982e+02  1.304717e+02  1.355907e-01 -1.891848e-01  9.143431e-01  7.487807e+00 
8.787332e+00  1.507123e+02  1.935986e-01 -2.344200e-01  1.319071e-01  1.317040e+02  1.288205e+02  1.330846e-01 -1.870075e-01  8.917221e-01  7.332674e+00 
1.069198e+01  1.517926e+02  1.989027e-01 -2.304181e-01  1.177202e-01  1.328339e+02  1.305960e+02  1.297215e-01 -1.903306e-01  9.160957e-01  7.443737e+00 
1.320411e+01  1.518831e+02  1.988855e-01 -2.287716e-01  1.619244e-01  1.337013e+02  1.295040e+02  1.315353e-01 -1.887873e-01  8.939738e-01  6.522341e+00 
1.192232e+01  1.515265e+02  2.015813e-01 -2.259423e-01  1.655038e-01  1.323675e+02  1.291249e+02  1.302707e-01 -1.882365e-01  8.964444e-01  7.681934e+00 
1.112444e+01  1.520330e+02  2.062612e-01 -2.155585e-01  9.654007e-02  1.326936e+02  1.290206e+02  1.326882e-01 -1.877484e-01  9.156857e-01  6.631298e+00 
1.170212e+01  1.532712e+02  1.999402e-01 -2.174177e-01  8.999153e-02  1.342330e+02  1.289863e+02  1.357723e-01 -1.936602e-01  9.267593e-01  7.101684e+00 
7.741483e+00  1.514375e+02  1.967010e-01 -2.246481e-01  1.068216e-01  1.346874e+02  1.280350e+02  1.418881e-01 -1.976736e-01  9.036745e-01  7.517878e+00 
6.575165e+00  1.517404e+02  1.937937e-01 -2.315737e-01  8.747741e-02  1.342484e+02  1.280009e+02  1.459924e-01 -2.031964e-01  8.964326e-01  7.405492e+00 
6.944268e+00  1.527437e+02  1.947969e-01 -2.346586e-01  1.019783e-01  1.344260e+02  1.302080e+02  1.460823e-01 -2.116878e-01  8.990827e-01  7.694745e+00 
8.847059e+00  1.498139e+02  1.903970e-01 -2.398426e-01  7.154459e-02  1.334921e+02  1.272969e+02  1.535384e-01 -2.174497e-01  8.604459e-01  7.398748e+00 
6.881916e+00  1.495811e+02  1.977084e-01 -2.435294e-01  3.067315e-02  1.325754e+02  1.295881e+02  1.517888e-01 -2.075762e-01  8.505623e-01  5.905403e+00 
1.131518e+01  1.491043e+02  1.908749e-01 -2.449821e-01  1.689284e-02  1.324946e+02  1.296520e+02  1.560410e-01 -2.114835e-01  8.608542e-01  4.270405e+00 
1.015743e+01  1.490269e+02  1.880658e-01 -2.430716e-01  6.857328e-03  1.329229e+02  1.298992e+02  1.566163e-01 -2.069844e-01  8.490743e-01  3.926757e+00 
9.133576e+00  1.489558e+02  1.840591e-01 -2.404215e-01  8.780496e-03  1.314499e+02  1.304103e+02  1.573904e-01 -2.048678e-01  8.511343e-01  6.544063e+00 
6.841378e+00  1.513080e+02  1.854642e-01 -2.327335e-01  1.783407e-02  1.314532e+02  1.289306e+02  1.589685e-01 -2.081230e-01  8.770997e-01  7.449647e+00 
6.952593e+00  1.505667e+02  1.883428e-01 -2.302916e-01  9.762391e-02  1.309575e+02  1.252025e+02  1.565636e-01 -2.085701e-01  8.345151e-01  7.832293e+00 
1.051193e+01  1.489987e+02  1.948439e-01 -2.297634e-01  1.508396e-01  1.308994e+02  1.245351e+02  1.485787e-01 -2.078917e-01  7.900421e-01  6.984412e+00 
1.017325e+01  1.514098e+02  1.912124e-01 -2.303701e-01  1.794708e-01  1.312731e+02  1.238071e+02  1.481525e-01 -2.180305e-01  7.875685e-01  6.806195e+00 
8.858799e+00  1.515849e+02  1.973308e-01 -2.296013e-01  1.944561e-01  1.320608e+02  1.250506e+02  1.527809e-01 -2.212569e-01  7.949880e-01  8.361497e+00 
9.863611e+00  1.505441e+02  1.896714e-01 -2.294677e-01  7.858251e-02  1.328899e+02  1.259878e+02  1.546317e-01 -2.189099e-01  8.115278e-01  6.472119e+00 
7.227580e+00  1.511136e+02  1.965901e-01 -2.307369e-01  5.648298e-02  1.325013e+02  1.260998e+02  1.577812e-01 -2.172365e-01  8.156547e-01  6.266605e+00 
9.092279e+00  1.531342e+02  2.018860e-01 -2.345700e-01  3.433091e-02  1.319838e+02  1.263660e+02  1.545097e-01 -2.057187e-01  8.478110e-01  6.074396e+00 
7.916389e+00  1.520719e+02  2.036735e-01 -2.314108e-01  6.710379e-02  1.312444e+02  1.259577e+02  1.416320e-01 -2.071931e-01  8.593034e-01  6.010671e+00 
7.458499e+00  1.531768e+02  2.044818e-01 -2.231416e-01  9.365662e-02  1.326288e+02  1.259418e+02  1.468389e-01 -2.059971e-01  8.702111e-01  7.009393e+00 
8.863927e+00  1.525874e+02  2.007844e-01 -2.143135e-01  8.550780e-02  1.315344e+02  1.241257e+02  1.451547e-01 -2.080399e-01  8.506611e-01  5.657392e+00 
9.666129e+00  1.521002e+02  2.054657e-01 -2.113140e-01  9.676737e-02  1.311804e+02  1.246403e+02  1.443872e-01 -2.175545e-01  8.660885e-01  4.498939e+00 
5.207050e+00  1.521291e+02  2.048738e-01 -2.152771e-01  4.906131e-02  1.300380e+02  1.244390e+02  1.436233e-01 -2.175345e-01  8.516803e-01  4.390322e+00 
6.871336e+00  1.514965e+02  2.040879e-01 -2.225965e-01  1.599097e-01  1.303548e+02  1.248989e+02  1.424522e-01 -2.166225e-01  8.432586e-01  6.703403e+00 
9.432031e+00  1.512896e+02  2.014478e-01 -2.189091e-01  1.285155e-01  1.287037e+02  1.261151e+02  1.418186e-01 -2.102732e-01  8.850611e-01  7.844433e+00 
9.164277e+00  1.523175e+02  1.977147e-01 -2.104327e-01  2.146705e-01  1.272319e+02  1.246712e+02  1.482324e-01 -2.171799e-01  8.620336e-01  9.517378e+00 
5.757732e+00  1.494199e+02  1.940339e-01 -2.108981e-01  1.256866e-01  1.273806e+02  1.250462e+02  1.463080e-01 -2.177310e-01  8.459232e-01  7.231802e+00 
7.672217e+00  1.520395e+02  1.967961e-01 -2.160470e-01  1.151727e-01  1.271877e+02  1.267861e+02  1.485751e-01 -2.197398e-01  8.625576e-01  6.153881e+00 
8.457778e+00  1.505895e+02  2.020570e-01 -2.212964e-01  8.711309e-03  1.282612e+02  1.272068e+02  1.500756e-01 -2.172514e-01  8.832812e-01  5.650147e+00 
7.970138e+00  1.459453e+02  2.021030e-01 -2.240909e-01  1.017479e-02  1.270844e+02  1.286865e+02  1.473452e-01 -2.171021e-01  8.351378e-01  4.994344e+00 
4.738547e+00  1.450672e+02  1.960526e-01 -2.238355e-01  4.267231e-02  1.286534e+02  1.285199e+02  1.498332e-01 -2.174764e-01  8.201973e-01  4.894626e+00 
5.023492e+00  1.449731e+02  1.996061e-01 -2.214440e-01  1.203112e-01  1.300273e+02  1.283486e+02  1.468283e-01 -2.156389e-01  8.222998e-01  5.321021e+00 
5.615769e+00  1.464359e+02  2.049548e-01 -2.225682e-01  3.292235e-02  1.310429e+02  1.307055e+02  1.442126e-01 -2.181751e-01  8.530721e-01  3.089580e+00 
5.219060e+00  1.467041e+02  1.995334e-01 -2.220181e-01  4.338772e-02  1.313207e+02  1.292244e+02  1.461081e-01 -2.186679e-01  8.321189e-01  3.150555e+00 
4.435162e+00  1.461484e+02  1.971134e-01 -2.196367e-01  3.795853e-02  1.292836e+02  1.292226e+02  1.476861e-01 -2.178184e-01  8.395093e-01  3.323885e+00 
9.622292e+00  1.481353e+02  1.944094e-01 -2.266989e-01  7.720455e-02  1.297195e+02  1.288069e+02  1.494406e-01 -2.183555e-01  8.683786e-01  4.127936e+00 
3.828959e+00  1.451078e+02  1.958723e-01 -2.214408e-01  7.708615e-02  1.303683e+02  1.288711e+02  1.395539e-01 -2.148978e-01  8.590250e-01  3.631923e+00 
3.103200e+00  1.459647e+02  1.926947e-01 -2.206965e-01  8.784329e-02  1.307819e+02  1.277310e+02  1.392422e-01 -2.153362e-01  8.448157e-01  3.403586e+00 
7.062601e+00  1.462173e+02  1.872765e-01 -2.199858e-01  5.081370e-02  1.313282e+02  1.287558e+02  1.433232e-01 -2.090040e-01  8.740794e-01  2.969340e+00 
5.620104e+00  1.481781e+02  1.823588e-01 -2.254605e-01  6.304644e-02  1.346859e+02  1.287813e+02  1.409083e-01 -2.133417e-01  8.760632e-01  3.664756e+00 
8.676067e+00  1.470270e+02  1.821857e-01 -2.260292e-01  7.946911e-02  1.342726e+02  1.294061e+02  1.367962e-01 -2.127249e-01  9.051294e-01  4.224103e+00 
5.693406e+00  1.470725e+02  1.921852e-01 -2.277523e-01  8.654835e-02  1.314545e+02  1.302440e+02  1.330847e-01 -2.126933e-01  8.716911e-01  4.049111e+00 
7.089294e+00  1.493844e+02  1.945192e-01 -2.375730e-01  2.445098e-02  1.318609e+02  1.322815e+02  1.333774e-01 -2.139488e-01  9.033961e-01  4.611954e+00 
5.825961e+00  1.499538e+02  1.902530e-01 -2.415809e-01  4.531974e-02  1.329989e+02  1.307863e+02  1.374022e-01 -2.109399e-01  8.966574e-01  3.500553e+00 
5.124525e+00  1.480972e+02  1.845570e-01 -2.335139e-01  8.556273e-02  1.324769e+02  1.308984e+02  1.330632e-01 -2.116609e-01  9.021160e-01  5.112421e+00 
7.682092e+00  1.486418e+02  1.898077e-01 -2.364069e-01  9.665586e-02  1.344597e+02  1.315696e+02  1.390515e-01 -2.173652e-01  8.784116e-01  3.495272e+00 
1.019839e+01  1.469625e+02  1.843832e-01 -2.315991e-01  5.883467e-02  1.332315e+02  1.315351e+02  1.374008e-01 -2.178260e-01  8.918398e-01  2.129741e+00 
5.277685e+00  1.462563e+02  1.902131e-01 -2.241104e-01  3.069291e-02  1.343141e+02  1.307806e+02  1.339902e-01 -2.139912e-01  9.003422e-01  3.762904e+00 
8.921995e+00  1.468119e+02  1.921010e-01 -2.252134e-01  1.779600e-02  1.338890e+02  1.305906e+02  1.261606e-01 -2.062356e-01  8.972397e-01  3.708161e+00 
6.536916e+00  1.464502e+02  1.919537e-01 -2.279039e-01  7.419270e-02  1.331404e+02  1.308655e+02  1.302996e-01 -2.147711e-01  9.009282e-01  3.590442e+00 
6.148889e+00  1.481099e+02  1.868187e-01 -2.340224e-01  8.401877e-02  1.332307e+02  1.297490e+02  1.274190e-01 -2.119450e-01  8.964367e-01  2.609552e+00 
8.595057e+00  1.493404e+02  1.908552e-01 -2.380416e-01  5.695688e-02  1.331927e+02  1.266149e+02  1.284850e-01 -2.058593e-01  8.490974e-01  1.576009e+00 
1.039326e+01  1.512631e+02  1.912057e-01 -2.400544e-01  5.626727e-02  1.316813e+02  1.266396e+02  1.233394e-01 -2.103993e-01  9.010263e-01  2.012223e+00 
9.961094e+00  1.518681e+02  1.850451e-01 -2.385060e-01  1.135455e-01  1.306854e+02  1.255894e+02  1.200532e-01 -2.138565e-01  8.812295e-01  1.574909e+00 
7.078187e+00  1.529790e+02  1.866782e-01 -2.409859e-01  5.667222e-02  1.308718e+02  1.251923e+02  1.267955e-01 -2.178058e-01  9.007834e-01  3.260362e+00 
5.025688e+00  1.523871e+02  1.858831e-01 -2.431829e-01  5.634748e-02  1.308347e+02  1.250050e+02  1.256978e-01 -2.188925e-01  8.757001e-01  2.251631e+00 
5.062542e+00  1.522948e+02  1.860668e-01 -2.397277e-01  5.060911e-02  1.312893e+02  1.265164e+02  1.289024e-01 -2.195034e-01  8.867387e-01  3.338612e+00 
4.694923e+00  1.539016e+02  1.871600e-01 -2.413211e-01  2.122507e-02  1.310504e+02  1.257884e+02  1.278794e-01 -2.148369e-01  8.987691e-01  2.064112e+00 
5.184804e+00  1.515602e+02  1.880339e-01 -2.434446e-01  6.906324e-02  1.318703e+02  1.264379e+02  1.253125e-01 -2.249298e-01  8.780289e-01  2.623930e+00 
5.183516e+00  1.512039e+02  1.833155e-01 -2.425444e-01  3.339601e-03  1.322105e+02  1.285513e+02  1.330174e-01 -2.292223e-01  8.840064e-01  1.846021e+00 
6.223759e+00  1.508701e+02  1.817718e-01 -2.380521e-01  1.396725e-02  1.326594e+02  1.277401e+02  1.302634e-01 -2.354223e-01  8.882544e-01  1.235435e+00 
7.607746e+00  1.506518e+02  1.882981e-01 -2.460400e-01  3.541203e-02  1.328425e+02  1.294107e+02  1.301490e-01 -2.331984e-01  8.929171e-01  1.362473e+00 
8.794494e+00  1.504586e+02  1.883635e-01 -2.494541e-01  9.974041e-02  1.332726e+02  1.312964e+02  1.253690e-01 -2.374140e-01  9.019290e-01  2.514081e+00 
8.003450e+00  1.485115e+02  1.902027e-01 -2.436771e-01  8.673391e-02  1.323928e+02  1.294847e+02  1.215843e-01 -2.332888e-01  8.869777e-01  2.502054e+00 
1.001218e+01  1.484806e+02  1.799289e-01 -2.457215e-01  1.581463e-01  1.322866e+02  1.295794e+02  1.253858e-01 -2.290440e-01  8.774729e-01  2.307562e+00 
8.281155e+00  1.473067e+02  1.808483e-01 -2.525059e-01  1.697262e-01  1.313995e+02  1.295966e+02  1.290274e-01 -2.240176e-01  8.410676e-01  2.683849e+00 
9.154109e+00  1.472544e+02  1.810090e-01 -2.462730e-01  6.738445e-02  1.326541e+02  1.288895e+02  1.336650e-01 -2.231391e-01  8.825263e-01  3.989966e+00 
7.853033e+00  1.465506e+02  1.764506e-01 -2.450762e-01  1.873624e-02  1.323434e+02  1.301053e+02  1.363917e-01 -2.265714e-01  8.867322e-01  3.372277e+00 
5.146616e+00  1.474498e+02  1.784328e-01 -2.490846e-01  3.750329e-02  1.324667e+02  1.299457e+02  1.380541e-01 -2.340283e-01  8.429271e-01  1.798865e+00 
5.649310e+00  1.470510e+02  1.781616e-01 -2.531228e-01  4.820252e-02  1.312935e+02  1.309090e+02  1.396883e-01 -2.356665e-01  8.614956e-01  3.496772e+00 
4.309498e+00  1.475770e+02  1.847947e-01 -2.622596e-01  6.922525e-02  1.318107e+02  1.330887e+02  1.399143e-01 -2.373345e-01  8.483976e-01  3.228995e+00 
7.006037e+00  1.495667e+02  1.903298e-01 -2.652239e-01  1.228851e-01  1.317872e+02  1.301905e+02  1.397987e-01 -2.343542e-01  8.285217e-01  3.769965e+00 
6.796109e+00  1.488945e+02  1.965963e-01 -2.550791e-01  1.327742e-01  1.313071e+02  1.302613e+02  1.373669e-01 -2.386464e-01  7.933295e-01  2.124410e+00 
9.467339e+00  1.488203e+02  1.938457e-01 -2.575585e-01  4.924428e-02  1.313117e+02  1.304503e+02  1.415062e-01 -2.280493e-01  7.892028e-01  1.732880e+00 
1.403625e+01  1.482319e+02  1.907998e-01 -2.611205e-01  4.050265e-02  1.313555e+02  1.289161e+02  1.417470e-01 -2.314701e-01  8.366557e-01  2.804216e+00 
1.390145e+01  1.493543e+02  1.915439e-01 -2.629864e-01  8.185094e-02  1.306693e+02  1.282816e+02  1.432727e-01 -2.334265e-01  7.570087e-01  2.072688e+00 
1.284612e+01  1.513593e+02  1.974435e-01 -2.587467e-01  8.172465e-02  1.298512e+02  1.270551e+02  1.420338e-01 -2.295666e-01  8.120079e-01  2.839131e+00 
9.896790e+00  1.528001e+02  2.000808e-01 -2.590794e-01  1.278294e-02  1.291654e+02  1.280356e+02  1.410259e-01 -2.161769e-01  8.276167e-01  2.390284e+00 
1.133967e+01  1.540997e+02  1.997659e-01 -2.535126e-01  7.722743e-02  1.288006e+02  1.273802e+02  1.384996e-01 -2.166216e-01  8.521856e-01  2.383575e+00 
1.040000e+01  1.531024e+02  2.034605e-01 -2.583188e-01  2.021652e-02  1.291027e+02  1.274056e+02  1.403993e-01 -2.213597e-01  8.229859e-01  2.719274e+00 
9.179028e+00  1.549746e+02  2.038272e-01 -2.605142e-01  8.336135e-03  1.278639e+02  1.277647e+02  1.382374e-01 -2.282027e-01  8.370110e-01  1.876987e+00 
9.593832e+00  1.562963e+02  1.995246e-01 -2.542426e-01  4.016242e-02  1.280538e+02  1.278636e+02  1.356132e-01 -2.293934e-01  8.897095e-01  2.207118e+00 
1.326428e+01  1.576743e+02  2.035790e-01 -2.527554e-01  3.693163e-02  1.278316e+02  1.293102e+02  1.285794e-01 -2.345300e-01  9.228124e-01  3.829746e+00 
7.666580e+00  1.577050e+02  2.023815e-01 -2.609913e-01  4.744599e-02  1.266660e+02  1.267759e+02  1.337480e-01 -2.282277e-01  8.774198e-01  3.766350e+00 
7.984770e+00  1.599040e+02  1.994951e-01 -2.574647e-01  9.904555e-02  1.266671e+02  1.253067e+02  1.365660e-01 -2.267610e-01  8.792688e-01  3.851914e+00 
6.724301e+00  1.593933e+02  1.967134e-01 -2.593914e-01  1.157257e-01  1.255687e+02  1.245945e+02  1.387218e-01 -2.284487e-01  8.571613e-01  4.723319e+00 
1.287313e+01  1.617248e+02  1.924937e-01 -2.556658e-01  9.561554e-02  1.231410e+02  1.234890e+02  1.401566e-01 -2.330346e-01  9.056854e-01  5.202242e+00 
5.961613e+00  1.632057e+02  1.846472e-01 -2.549528e-01  1.166878e-01  1.226514e+02  1.238788e+02  1.371834e-01 -2.377240e-01  9.084733e-01  5.622939e+00 
6.037124e+00  1.628926e+02  1.811918e-01 -2.596935e-01  1.090461e-01  1.218804e+02  1.214244e+02  1.436802e-01 -2.381402e-01  8.752630e-01  5.871600e+00 
1.001869e+01  1.630200e+02  1.755408e-01 -2.534944e-01  1.601530e-01  1.225108e+02  1.218606e+02  1.399575e-01 -2.356443e-01  8.978414e-01  7.023286e+00 
1.000644e+01  1.631027e+02  1.806232e-01 -2.514225e-01  1.375093e-01  1.235485e+02  1.208460e+02  1.402794e-01 -2.273290e-01  9.044402e-01  6.819845e+00 
1.345169e+01  1.626505e+02  1.824836e-01 -2.555969e-01  1.507045e-01  1.252375e+02  1.205607e+02  1.424344e-01 -2.238361e-01  8.715942e-01  6.316896e+00 
1.515975e+01  1.617959e+02  1.841720e-01 -2.533611e-01  1.254704e-01  1.248127e+02  1.199904e+02  1.342558e-01 -2.190412e-01  8.954688e-01  4.501756e+00 
1.586210e+01  1.609303e+02  1.868351e-01 -2.583251e-01  1.100044e-01  1.233039e+02  1.187773e+02  1.339503e-01 -2.181746e-01  8.348474e-01  5.179074e+00 
8.604050e+00  1.623006e+02  1.827480e-01 -2.615239e-01  3.811004e-02  1.238635e+02  1.213066e+02  1.344278e-01 -2.185334e-01  8.780287e-01  3.167357e+00 
5.459559e+00  1.618062e+02  1.875434e-01 -2.599332e-01  2.603744e-03  1.225644e+02  1.224769e+02  1.372574e-01 -2.215388e-01  8.917729e-01  3.137284e+00 
6.250416e+00  1.631071e+02  1.923447e-01 -2.527470e-01  1.875433e-03  1.205524e+02  1.229181e+02  1.443967e-01 -2.306890e-01  9.028220e-01  4.230666e+00 
4.564895e+00  1.636618e+02  1.832939e-01 -2.523438e-01  1.691803e-02  1.195001e+02  1.204703e+02  1.417202e-01 -2.332620e-01  9.024475e-01  4.678306e+00 
5.826576e+00  1.629389e+02  1.868630e-01 -2.601629e-01  9.241156e-03  1.212744e+02  1.213085e+02  1.425665e-01 -2.378367e-01  8.961260e-01  4.520695e+00 
5.699355e+00  1.626966e+02  1.849942e-01 -2.637523e-01  4.878633e-03  1.216915e+02  1.204034e+02  1.374342e-01 -2.331402e-01  8.851570e-01  3.348595e+00 
1.130944e+01  1.635990e+02  1.898963e-01 -2.605110e-01  1.331003e-02  1.218986e+02  1.205010e+02  1.432537e-01 -2.348056e-01  8.957967e-01  3.210158e+00 
9.196627e+00  1.621382e+02  1.862858e-01 -2.682962e-01  5.993838e-02  1.213694e+02  1.215093e+02  1.401189e-01 -2.361916e-01  8.503318e-01  2.455931e+00 
7.472302e+00  1.614095e+02  1.763777e-01 -2.653387e-01  3.986681e-02  1.207179e+02  1.215830e+02  1.428092e-01 -2.361409e-01  8.555489e-01  3.284245e+00 
9.130289e+00  1.628051e+02  1.697627e-01 -2.652107e-01  3.414279e-02  1.197387e+02  1.211284e+02  1.476502e-01 -2.378218e-01  8.743747e-01  3.543834e+00 
7.904386e+00  1.639164e+02  1.623008e-01 -2.675114e-01  9.372091e-03  1.210674e+02  1.233845e+02  1.435337e-01 -2.417645e-01  9.203815e-01  4.236953e+00 
7.491765e+00  1.641409e+02  1.732117e-01 -2.678728e-01  1.297728e-02  1.195661e+02  1.245860e+02  1.473464e-01 -2.462975e-01  9.112411e-01  5.762561e+00 
7.434349e+00  1.609237e+02  1.726476e-01 -2.680211e-01  3.359522e-02  1.196369e+02  1.246699e+02  1.444758e-01 -2.534676e-01  8.939114e-01  5.054637e+00 
8.635919e+00  1.608070e+02  1.694985e-01 -2.696134e-01  4.147750e-02  1.210981e+02  1.227094e+02  1.445476e-01 -2.541901e-01  8.567065e-01  4.032098e+00 
1.272011e+01  1.607057e+02  1.683731e-01 -2.709030e-01  9.865141e-03  1.200220e+02  1.204461e+02  1.420721e-01 -2.535039e-01  8.721851e-01  3.642810e+00 
1.177133e+01  1.611357e+02  1.696909e-01 -2.642978e-01  1.990509e-02  1.204876e+02  1.198253e+02  1.372125e-01 -2.531582e-01  8.515634e-01  2.585876e+00 
1.280784e+01  1.612476e+02  1.643101e-01 -2.586416e-01  5.920487e-02  1.201726e+02  1.186592e+02  1.321908e-01 -2.562348e-01  8.816199e-01  1.288908e+00 
8.528503e+00  1.618368e+02  1.665693e-01 -2.402655e-01  3.866683e-02  1.188108e+02  1.170384e+02  1.371618e-01 -2.494017e-01  8.970173e-01  3.742600e+00 
7.921993e+00  1.595842e+02  1.699976e-01 -2.393240e-01  1.181459e-01  1.185997e+02  1.180053e+02  1.360149e-01 -2.563256e-01  8.709938e-01  4.222375e+00 
1.190954e+01  1.600533e+02  1.670920e-01 -2.462047e-01  8.688483e-02  1.176896e+02  1.157522e+02  1.409675e-01 -2.562549e-01  8.394468e-01  3.361756e+00 
1.147032e+01  1.601522e+02  1.563103e-01 -2.444348e-01  4.499089e-02  1.171658e+02  1.189051e+02  1.398640e-01 -2.602858e-01  9.064312e-01  4.419348e+00 
1.165836e+01  1.587907e+02  1.651182e-01 -2.491456e-01  5.758430e-02  1.193048e+02  1.203449e+02  1.397515e-01 -2.575912e-01  8.948324e-01  4.645122e+00 
9.506086e+00  1.575672e+02  1.630964e-01 -2.467565e-01  1.067489e-01  1.207005e+02  1.229420e+02  1.365851e-01 -2.583155e-01  9.013322e-01  4.677369e+00 
1.311505e+01  1.563133e+02  1.615155e-01 -2.447268e-01  1.783537e-01  1.196266e+02  1.237546e+02  1.345163e-01 -2.613963e-01  8.823104e-01  5.574890e+00 
1.673140e+01  1.592849e+02  1.618431e-01 -2.417633e-01  1.631201e-01  1.193838e+02  1.234378e+02  1.353897e-01 -2.610826e-01  8.933420e-01  5.572042e+00 
1.506707e+01  1.623707e+02  1.586056e-01 -2.487354e-01  1.333599e-01  1.189850e+02  1.229873e+02  1.331454e-01 -2.668625e-01  9.336486e-01  5.134517e+00 
1.302593e+01  1.625950e+02  1.594843e-01 -2.503861e-01  7.825464e-02  1.193944e+02  1.241442e+02  1.361541e-01 -2.660954e-01  9.374974e-01  5.533053e+00 
1.257249e+01  1.625584e+02  1.533420e-01 -2.536041e-01  8.814959e-02  1.202133e+02  1.255060e+02  1.473080e-01 -2.629851e-01  9.278266e-01  5.333519e+00 
1.108520e+01  1.623166e+02  1.514881e-01 -2.517629e-01  8.131762e-02  1.201482e+02  1.259296e+02  1.419660e-01 -2.720579e-01  9.373087e-01  5.364525e+00 
1.138658e+01  1.606995e+02  1.538271e-01 -2.473442e-01  8.163136e-02  1.220094e+02  1.225199e+02  1.427561e-01 -2.669404e-01  9.228736e-01  4.606629e+00 
1.117734e+01  1.586265e+02  1.579654e-01 -2.426024e-01  1.115007e-01  1.222334e+02  1.202098e+02  1.422355e-01 -2.649374e-01  8.971293e-01  4.547358e+00 
1.071730e+01  1.595927e+02  1.613393e-01 -2.397117e-01  1.094442e-01  1.238283e+02  1.179947e+02  1.437219e-01 -2.612065e-01  8.914495e-01  4.715894e+00 
1.058077e+01  1.579316e+02  1.614347e-01 -2.397780e-01  1.090484e-01  1.235234e+02  1.196785e+02  1.445852e-01 -2.533503e-01  8.655278e-01  4.285904e+00 
1.047031e+01  1.569595e+02  1.618771e-01 -2.378396e-01  8.092195e-02  1.233247e+02  1.211739e+02  1.469333e-01 -2.647351e-01  8.630399e-01  3.241193e+00 
1.342280e+01  1.562322e+02  1.649333e-01 -2.376957e-01  9.654375e-02  1.236135e+02  1.191799e+02  1.399653e-01 -2.665472e-01  8.286392e-01  3.504936e+00 
9.811329e+00  1.558127e+02  1.704711e-01 -2.357058e-01  1.034546e-01  1.204527e+02  1.189460e+02  1.483772e-01 -2.622093e-01  8.150549e-01  3.603008e+00 
9.358177e+00  1.597681e+02  1.656984e-01 -2.343068e-01  7.588510e-02  1.206154e+02  1.194703e+02  1.509656e-01 -2.609415e-01  8.945433e-01  4.174315e+00 
8.238024e+00  1.574686e+02  1.669552e-01 -2.338008e-01  8.496693e-02  1.185236e+02  1.219740e+02  1.510251e-01 -2.667305e-01  8.653807e-01  4.281479e+00 
5.686262e+00  1.577051e+02  1.730564e-01 -2.295888e-01  8.406114e-02  1.191426e+02  1.221137e+02  1.523325e-01 -2.677059e-01  8.766334e-01  4.918454e+00 
6.423440e+00  1.620036e+02  1.733877e-01 -2.335850e-01  1.273608e-01  1.223880e+02  1.182453e+02  1.514218e-01 -2.722079e-01  8.833636e-01  5.796383e+00 
8.714927e+00  1.633492e+02  1.665708e-01 -2.321995e-01  9.882268e-02  1.228178e+02  1.171204e+02  1.532444e-01 -2.710023e-01  8.933384e-01  6.024057e+00 
7.458046e+00  1.621163e+02  1.670918e-01 -2.280783e-01  1.183666e-01  1.230271e+02  1.165596e+02  1.514011e-01 -2.698148e-01  8.888771e-01  6.370411e+00 
7.798705e+00  1.627922e+02  1.650504e-01 -2.337338e-01  6.506739e-02  1.250460e+02  1.190074e+02  1.573440e-01 -2.706403e-01  9.246546e-01  6.670808e+00 
1.070767e+01  1.640966e+02  1.598552e-01 -2.411428e-01  3.292091e-02  1.250867e+02  1.177133e+02  1.573112e-01 -2.717981e-01  9.288902e-01  7.304678e+00 
7.648876e+00  1.650868e+02  1.662552e-01 -2.472628e-01  5.479766e-02  1.280486e+02  1.192308e+02  1.629040e-01 -2.666242e-01  9.235711e-01  7.889997e+00 
5.556441e+00  1.653669e+02  1.674997e-01 -2.536553e-01  6.454320e-02  1.282993e+02  1.207270e+02  1.545252e-01 -2.630095e-01  9.079171e-01  6.261070e+00 
6.181842e+00  1.645427e+02  1.673414e-01 -2.542749e-01  8.689545e-02  1.308898e+02  1.220756e+02  1.541746e-01 -2.641725e-01  9.239385e-01  7.311325e+00 
7.012783e+00  1.628946e+02  1.628187e-01 -2.562103e-01  6.306548e-02  1.301603e+02  1.219486e+02  1.502698e-01 -2.719542e-01  9.144872e-01  6.010546e+00 
1.003133e+01  1.643875e+02  1.565740e-01 -2.606915e-01  4.999825e-02  1.289618e+02  1.207613e+02  1.582214e-01 -2.659976e-01  8.883915e-01  5.966313e+00 
1.316537e+01  1.652459e+02  1.590432e-01 -2.633532e-01  9.161158e-02  1.279935e+02  1.197390e+02  1.505816e-01 -2.582060e-01  8.841379e-01  6.158960e+00 
1.295593e+01  1.666232e+02  1.583042e-01 -2.712398e-01  7.139680e-03  1.263191e+02  1.203889e+02  1.618616e-01 -2.626245e-01  8.794980e-01  4.696159e+00 
1.064702e+01  1.651500e+02  1.649299e-01 -2.765315e-01  4.825925e-02  1.254329e+02  1.203274e+02  1.597304e-01 -2.637956e-01  8.519123e-01  4.683335e+00 
8.223438e+00  1.678685e+02  1.721403e-01 -2.789359e-01  7.192353e-02  1.259812e+02  1.191154e+02  1.536884e-01 -2.644485e-01  8.631688e-01  5.066367e+00 
7.334046e+00  1.680894e+02  1.764676e-01 -2.830893e-01  6.077433e-02  1.265689e+02  1.219850e+02  1.487368e-01 -2.673704e-01  8.982259e-01  5.686997e+00 
8.073801e+00  1.691478e+02  1.754959e-01 -2.808206e-01  5.153139e-02  1.270916e+02  1.238603e+02  1.491295e-01 -2.719033e-01  9.042124e-01  5.108665e+00 
9.521405e+00  1.702546e+02  1.821470e-01 -2.805161e-01  2.372597e-02  1.283586e+02  1.236353e+02  1.554236e-01 -2.801359e-01  9.026074e-01  5.168605e+00 
1.393048e+01  1.724882e+02  1.950549e-01 -2.771792e-01  5.410518e-02  1.276748e+02  1.223409e+02  1.533675e-01 -2.811158e-01  9.123387e-01  5.086228e+00 
1.171950e+01  1.717778e+02  1.986246e-01 -2.743833e-01  5.357296e-02  1.278467e+02  1.209222e+02  1.485465e-01 -2.839480e-01  9.042600e-01  5.111644e+00 
1.193780e+01  1.716478e+02  1.974715e-01 -2.741671e-01  1.306057e-02  1.282581e+02  1.222769e+02  1.507250e-01 -2.800357e-01  9.061378e-01  4.343336e+00 
1.401978e+01  1.716414e+02  1.905555e-01 -2.777476e-01  4.181500e-02  1.292615e+02  1.188234e+02  1.533457e-01 -2.828631e-01  8.305536e-01  3.611609e+00 
1.429227e+01  1.725175e+02  1.859271e-01 -2.801367e-01  3.291563e-02  1.285090e+02  1.211731e+02  1.554703e-01 -2.876594e-01  8.797590e-01  4.194602e+00 
1.343808e+01  1.743196e+02  1.826027e-01 -2.797640e-01  5.030751e-02  1.274476e+02  1.207848e+02  1.466140e-01 -2.903012e-01  9.145854e-01  4.206729e+00 
1.539942e+01  1.730152e+02  1.800357e-01 -2.737850e-01  1.258565e-02  1.264920e+02  1.225496e+02  1.558860e-01 -2.812375e-01  9.380174e-01  6.055888e+00 
1.574770e+01  1.743257e+02  1.792161e-01 -2.699874e-01  5.311369e-02  1.255953e+02  1.250538e+02  1.555003e-01 -2.778256e-01  9.456546e-01  7.309715e+00 
1.910067e+01  1.718335e+02  1.813389e-01 -2.754478e-01  1.043231e-01  1.251364e+02  1.243775e+02  1.609199e-01 -2.646472e-01  9.358808e-01  8.345842e+00 
1.571889e+01  1.722753e+02  1.812879e-01 -2.753793e-01  7.718120e-02  1.248360e+02  1.235649e+02  1.617672e-01 -2.652181e-01  9.072243e-01  7.471389e+00 
1.701949e+01  1.744715e+02  1.758685e-01 -2.788121e-01  2.376943e-02  1.252144e+02  1.248342e+02  1.608517e-01 -2.628683e-01  9.423053e-01  6.711551e+00 
1.375607e+01  1.733936e+02  1.797097e-01 -2.850605e-01  5.387940e-02  1.258190e+02  1.248758e+02  1.579498e-01 -2.610060e-01  9.331198e-01  6.898416e+00 
1.255494e+01  1.710028e+02  1.860741e-01 -2.821951e-01  7.019575e-02  1.259096e+02  1.254520e+02  1.614473e-01 -2.648059e-01  9.040971e-01  6.720489e+00 
1.398471e+01  1.708719e+02  1.880022e-01 -2.845004e-01  4.179127e-02  1.259774e+02  1.278644e+02  1.576711e-01 -2.704256e-01  9.176709e-01  6.565444e+00 
1.804280e+01  1.715871e+02  1.890329e-01 -2.865849e-01  6.259729e-03  1.252117e+02  1.279436e+02  1.587912e-01 -2.711906e-01  9.295068e-01  5.812730e+00 
1.240488e+01  1.683497e+02  1.834317e-01 -2.867445e-01  6.976718e-02  1.266459e+02  1.291558e+02  1.576467e-01 -2.718731e-01  9.015801e-01  6.179941e+00 
1.295638e+01  1.707396e+02  1.720538e-01 -2.932785e-01  5.318497e-02  1.263941e+02  1.307245e+02  1.685108e-01 -2.772198e-01  9.214139e-01  8.347568e+00 
1.559594e+01  1.690446e+02  1.685199e-01 -2.983797e-01  5.039927e-02  1.262751e+02  1.299223e+02  1.664555e-01 -2.815226e-01  8.928746e-01  6.191801e+00 
1.666767e+01  1.691630e+02  1.734223e-01 -3.016533e-01  2.212525e-02  1.250852e+02  1.316432e+02  1.635052e-01 -2.756873e-01  9.040269e-01  6.062024e+00 
1.428938e+01  1.685561e+02  1.733491e-01 -2.982219e-01  2.684420e-02  1.245437e+02  1.289169e+02  1.615259e-01 -2.709384e-01  9.203859e-01  5.898520e+00 
1.606278e+01  1.686244e+02  1.735138e-01 -2.982933e-01  2.332522e-02  1.256508e+02  1.307860e+02  1.629331e-01 -2.698613e-01  9.285097e-01  6.277172e+00 
9.592827e+00  1.681941e+02  1.754896e-01 -2.964266e-01  2.137366e-02  1.257882e+02  1.294391e+02  1.617055e-01 -2.758661e-01  9.073187e-01  6.655199e+00 
8.931941e+00  1.686479e+02  1.755361e-01 -3.052573e-01  3.789015e-02  1.264181e+02  1.296918e+02  1.571979e-01 -2.825444e-01  9.035326e-01  5.833877e+00 
8.943874e+00  1.671795e+02  1.784611e-01 -3.050395e-01  3.624965e-02  1.251406e+02  1.287930e+02  1.593128e-01 -2.839209e-01  8.629070e-01  4.352518e+00 
1.147609e+01  1.680910e+02  1.789538e-01 -3.090160e-01  4.780747e-02  1.241956e+02  1.279467e+02  1.582242e-01 -2.848738e-01  8.467836e-01  3.303136e+00 
1.127221e+01  1.650880e+02  1.769486e-01 -2.967925e-01  3.242475e-02  1.255846e+02  1.286203e+02  1.546998e-01 -2.875289e-01  8.477153e-01  2.776686e+00 
1.065459e+01  1.647979e+02  1.799352e-01 -3.023138e-01  1.175894e-02  1.255283e+02  1.285614e+02  1.487262e-01 -2.918713e-01  8.394734e-01  1.737230e+00 
1.189525e+01  1.630929e+02  1.824563e-01 -3.000825e-01  1.856915e-02  1.258362e+02  1.277299e+02  1.429609e-01 -2.950974e-01  8.143507e-01  4.545669e-01 
1.167079e+01  1.639453e+02  1.895370e-01 -3.053235e-01  5.253255e-02  1.272406e+02  1.285698e+02  1.465762e-01 -2.824978e-01  8.044670e-01  2.422363e+00 
1.289384e+01  1.650151e+02  1.989425e-01 -3.095955e-01  5.846836e-02  1.280206e+02  1.286589e+02  1.490999e-01 -2.794908e-01  8.142208e-01  3.007781e+00 
9.622605e+00  1.640754e+02  1.921445e-01 -3.059887e-01  2.844295e-02  1.285483e+02  1.296021e+02  1.492243e-01 -2.821889e-01  8.337305e-01  2.891781e+00 
9.136792e+00  1.642255e+02  1.850952e-01 -3.004735e-01  6.695096e-02  1.275495e+02  1.288551e+02  1.483040e-01 -2.788647e-01  8.596218e-01  2.606424e+00 
1.143977e+01  1.626817e+02  1.869182e-01 -3.038590e-01  6.311291e-02  1.269367e+02  1.302985e+02  1.496990e-01 -2.865602e-01  8.346020e-01  3.882408e+00 
1.008025e+01  1.634312e+02  1.913274e-01 -2.942415e-01  9.737132e-02  1.258637e+02  1.299211e+02  1.533963e-01 -2.822217e-01  8.338555e-01  2.999158e+00 
1.373975e+01  1.633741e+02  1.926383e-01 -2.951090e-01  9.903992e-03  1.260468e+02  1.290578e+02  1.493395e-01 -2.851053e-01  8.844597e-01  3.643753e+00 
1.217592e+01  1.622774e+02  1.918593e-01 -2.928388e-01  3.228487e-02  1.266965e+02  1.298749e+02  1.558320e-01 -2.860393e-01  8.105631e-01  3.507858e+00 
9.396031e+00  1.626255e+02  1.973622e-01 -2.963101e-01  8.795437e-02  1.261398e+02  1.312254e+02  1.524496e-01 -2.843822e-01  8.111505e-01  3.223776e+00 
9.443001e+00  1.639966e+02  1.998764e-01 -3.004389e-01  7.002223e-02  1.264624e+02  1.300193e+02  1.454317e-01 -2.770276e-01  8.600717e-01  2.858649e+00 
1.024750e+01  1.640014e+02  2.029559e-01 -2.986143e-01  1.300361e-01  1.263309e+02  1.306233e+02  1.433225e-01 -2.772178e-01  8.360608e-01  4.074236e+00 
1.123007e+01  1.653337e+02  2.034351e-01 -2.994690e-01  1.082323e-01  1.267409e+02  1.307469e+02  1.519744e-01 -2.777751e-01  8.434800e-01  5.181039e+00 
1.166782e+01  1.655514e+02  1.979481e-01 -3.010381e-01  1.259786e-01  1.262901e+02  1.310653e+02  1.478007e-01 -2.704737e-01  8.555455e-01  3.633860e+00 
1.214534e+01  1.642537e+02  1.978959e-01 -2.900601e-01  1.956915e-01  1.260324e+02  1.282805e+02  1.460241e-01 -2.708131e-01  8.405323e-01  4.891472e+00 
1.143832e+01  1.645674e+02  1.983819e-01 -2.913775e-01  1.447454e-01  1.259949e+02  1.284832e+02  1.485205e-01 -2.722871e-01  8.603470e-01  5.868367e+00 
9.270371e+00  1.644162e+02  1.997967e-01 -2.892957e-01  1.127300e-01  1.252537e+02  1.286433e+02  1.518929e-01 -2.734721e-01  8.333016e-01  5.107113e+00 
1.018907e+01  1.637934e+02  2.017979e-01 -2.939325e-01  3.928868e-02  1.253504e+02  1.282782e+02  1.516714e-01 -2.740007e-01  8.385118e-01  3.108762e+00 
1.323693e+01  1.654809e+02  1.994084e-01 -2.943466e-01  1.000359e-01  1.242168e+02  1.275471e+02  1.509533e-01 -2.755654e-01  8.570785e-01  4.036708e+00 
1.082056e+01  1.651860e+02  1.990726e-01 -2.963846e-01  5.426069e-02  1.256391e+02  1.279584e+02  1.524973e-01 -2.748408e-01  8.594285e-01  3.923492e+00 
1.025422e+01  1.671644e+02  2.023137e-01 -2.999903e-01  1.119920e-01  1.267009e+02  1.283927e+02  1.538764e-01 -2.779609e-01  8.273181e-01  4.678039e+00 
1.394215e+01  1.665058e+02  1.973239e-01 -3.028501e-01  1.015176e-01  1.274066e+02  1.311807e+02  1.588459e-01 -2.769872e-01  8.736316e-01  4.816807e+00 
1.529997e+01  1.655613e+02  2.038171e-01 -2.959175e-01  8.554951e-02  1.273291e+02  1.288388e+02  1.654132e-01 -2.766938e-01  8.014188e-01  4.389691e+00 
1.560065e+01  1.656679e+02  2.002769e-01 -2.881545e-01  5.394492e-02  1.276165e+02  1.283651e+02  1.643945e-01 -2.659824e-01  8.209025e-01  5.475817e+00 
1.343672e+01  1.667424e+02  1.994229e-01 -2.978079e-01  1.182911e-01  1.286209e+02  1.284718e+02  1.601475e-01 -2.629557e-01  8.436405e-01  5.460555e+00 
1.008860e+01  1.646970e+02  1.996615e-01 -2.953094e-01  1.249302e-01  1.286320e+02  1.289283e+02  1.541958e-01 -2.602670e-01  8.577934e-01  6.223945e+00 
1.016572e+01  1.638206e+02  1.941297e-01 -3.005147e-01  9.021383e-02  1.271520e+02  1.308873e+02  1.518208e-01 -2.637678e-01  8.826997e-01  5.323840e+00 
1.159411e+01  1.642504e+02  1.982252e-01 -3.022168e-01  1.787273e-01  1.266845e+02  1.317265e+02  1.495039e-01 -2.727686e-01  8.182769e-01  5.055801e+00 
1.114839e+01  1.645722e+02  1.967981e-01 -2.995063e-01  1.603252e-01  1.279038e+02  1.299665e+02  1.406140e-01 -2.657031e-01  8.600882e-01  3.351392e+00 
8.470613e+00  1.651751e+02  1.926046e-01 -2.980664e-01  1.205701e-01  1.273763e+02  1.296265e+02  1.350782e-01 -2.693086e-01  8.749482e-01  3.024007e+00 
9.417821e+00  1.646239e+02  1.881832e-01 -2.965134e-01  8.466501e-02  1.280030e+02  1.283723e+02  1.312612e-01 -2.667195e-01  8.724141e-01  2.437931e+00 
9.845148e+00  1.639233e+02  1.831745e-01 -2.968988e-01  1.087363e-01  1.289496e+02  1.263749e+02  1.341119e-01 -2.671372e-01  8.701010e-01  2.324023e+00 
1.232351e+01  1.642758e+02  1.788607e-01 -2.974456e-01  1.223142e-01  1.294872e+02  1.248369e+02  1.382747e-01 -2.689029e-01  8.122398e-01  1.810475e+00 
1.067154e+01  1.630143e+02  1.736028e-01 -2.987990e-01  4.201006e-02  1.301488e+02  1.258772e+02  1.426328e-01 -2.734018e-01  8.608804e-01  3.161559e+00 
1.001660e+01  1.643915e+02  1.848517e-01 -3.007115e-01  4.118099e-03  1.301793e+02  1.275420e+02  1.472835e-01 -2.735279e-01  8.747358e-01  2.521046e+00 
7.290313e+00  1.639879e+02  1.836433e-01 -2.923770e-01  4.950375e-02  1.305408e+02  1.263925e+02  1.447147e-01 -2.692446e-01  8.549674e-01  2.290921e+00 
7.381688e+00  1.621033e+02  1.787262e-01 -2.897734e-01  8.385519e-02  1.309651e+02  1.266412e+02  1.421545e-01 -2.747962e-01  8.593698e-01  2.837618e+00 
8.361230e+00  1.608027e+02  1.767402e-01 -2.899379e-01  6.354670e-02  1.307465e+02  1.276501e+02  1.499230e-01 -2.728694e-01  8.291570e-01  2.433845e+00 
8.818320e+00  1.615439e+02  1.757155e-01 -2.879650e-01  6.754531e-02  1.297374e+02  1.296828e+02  1.499963e-01 -2.723560e-01  8.799926e-01  3.285741e+00 
6.971177e+00  1.611388e+02  1.795878e-01 -2.823151e-01  7.321083e-02  1.294469e+02  1.289761e+02  1.563139e-01 -2.689492e-01  8.568179e-01  4.166532e+00 
9.029918e+00  1.600023e+02  1.749083e-01 -2.843252e-01  2.547939e-02  1.294089e+02  1.285438e+02  1.579823e-01 -2.747571e-01  8.233749e-01  3.269734e+00 
8.094537e+00  1.587030e+02  1.732458e-01 -2.816783e-01  2.817105e-02  1.280564e+02  1.280794e+02  1.572913e-01 -2.781580e-01  8.282978e-01  3.524443e+00 
