3.713571e+06  1.400000e+02  1.600000e-01 -2.100000e-01  1.000000e-01  7.000000e+01  1.000000e+02  1.409569e-01 -2.000535e-01  8.000000e-01  3.300131e+00 
8.979805e+02  1.414876e+02  1.535939e-01 -2.169384e-01  1.503760e-01  6.957929e+01  9.847615e+01  1.326190e-01 -2.021972e-01  8.102534e-01  3.946943e+00 
5.943696e+02  1.401270e+02  1.580410e-01 -2.213750e-01  2.609483e-01  6.846754e+01  1.015614e+02  1.246676e-01 -1.951262e-01  7.989425e-01  6.579115e+00 
5.954055e+02  1.391975e+02  1.553620e-01 -2.226024e-01  2.104717e-01  6.861509e+01  1.005590e+02  1.222144e-01 -2.012812e-01  8.402808e-01  8.282947e+00 
5.737494e+02  1.407706e+02  1.545558e-01 -2.223248e-01  1.766511e-01  6.754130e+01  9.922897e+01  1.195048e-01 -2.020350e-01  8.401386e-01  7.793817e+00 
5.493371e+02  1.415059e+02  1.601706e-01 -2.159347e-01  6.365094e-02  6.710529e+01  9.813318e+01  1.179940e-01 -1.934227e-01  7.704990e-01  6.891526e+00 
5.478515e+02  1.429555e+02  1.575036e-01 -2.160182e-01  2.672989e-02  6.682764e+01  9.759844e+01  1.250792e-01 -1.931479e-01  7.465057e-01  6.632366e+00 
4.997842e+02  1.414023e+02  1.538986e-01 -2.123523e-01  8.735303e-02  6.738185e+01  9.875053e+01  1.272492e-01 -1.957647e-01  7.783606e-01  5.915994e+00 
2.781828e+02  1.454259e+02  1.436145e-01 -2.041771e-01  1.376280e-01  6.550644e+01  9.837169e+01  1.305995e-01 -1.924438e-01  8.070885e-01  5.600631e+00 
2.367068e+02  1.456454e+02  1.452459e-01 -1.995345e-01  1.696566e-01  6.756457e+01  1.010752e+02  1.296160e-01 -1.946095e-01  8.739959e-01  6.578432e+00 
1.797708e+02  1.464287e+02  1.463593e-01 -2.012240e-01  1.173159e-01  6.822929e+01  1.018591e+02  1.314600e-01 -1.957831e-01  8.319691e-01  6.753315e+00 
1.733791e+02  1.482351e+02  1.371987e-01 -2.110754e-01  4.937030e-02  6.875466e+01  9.983601e+01  1.307765e-01 -1.918135e-01  8.635566e-01  6.641757e+00 
1.718525e+02  1.494681e+02  1.329361e-01 -2.210733e-01  2.686827e-02  6.759064e+01  1.011498e+02  1.363511e-01 -1.978879e-01  8.614122e-01  8.031503e+00 
1.626213e+02  1.494468e+02  1.373597e-01 -2.225459e-01  5.855336e-03  6.871373e+01  1.006150e+02  1.324407e-01 -1.910573e-01  8.370134e-01  7.199999e+00 
1.326427e+02  1.490975e+02  1.321677e-01 -2.197721e-01  5.286121e-03  6.903572e+01  1.015813e+02  1.251089e-01 -1.915818e-01  8.637264e-01  6.065825e+00 
1.164964e+02  1.483814e+02  1.411987e-01 -2.200974e-01  1.345509e-02  6.697692e+01  1.034248e+02  1.258106e-01 -1.894050e-01  8.433566e-01  4.752420e+00 
9.474960e+01  1.516333e+02  1.297521e-01 -2.255788e-01  2.856278e-02  6.662359e+01  1.053466e+02  1.269290e-01 -1.920658e-01  8.106143e-01  4.621910e+00 
6.841445e+01  1.522757e+02  1.301667e-01 -2.159039e-01  1.422258e-02  6.701703e+01  1.024926e+02  1.339087e-01 -1.935349e-01  8.317166e-01  2.964850e+00 
6.017811e+01  1.580217e+02  1.310474e-01 -2.141823e-01  4.217899e-02  6.815674e+01  1.019206e+02  1.411524e-01 -1.939870e-01  8.496513e-01  3.057881e+00 
5.313256e+01  1.572915e+02  1.355620e-01 -2.102587e-01  1.199469e-01  6.885098e+01  1.031383e+02  1.457517e-01 -1.964839e-01  8.452975e-01  3.278159e+00 
5.458788e+01  1.593500e+02  1.309149e-01 -2.182487e-01  1.347825e-01  6.919345e+01  1.037379e+02  1.401491e-01 -1.950704e-01  8.774731e-01  3.388784e+00 
5.036836e+01  1.603764e+02  1.359855e-01 -2.167270e-01  7.303753e-02  7.027819e+01  1.021039e+02  1.473307e-01 -1.908058e-01  8.583054e-01  3.884133e+00 
4.842659e+01  1.603942e+02  1.385228e-01 -2.079569e-01  1.164058e-01  6.974886e+01  1.008276e+02  1.526143e-01 -1.879061e-01  8.626090e-01  4.771089e+00 
4.661743e+01  1.586220e+02  1.403126e-01 -2.036874e-01  5.695931e-02  6.755460e+01  1.001759e+02  1.474019e-01 -2.002113e-01  9.100053e-01  6.826260e+00 
4.800792e+01  1.606821e+02  1.482353e-01 -1.962823e-01  7.059614e-02  6.530553e+01  9.993883e+01  1.454405e-01 -1.975808e-01  9.424127e-01  5.067072e+00 
3.100441e+01  1.615836e+02  1.559423e-01 -1.927770e-01  4.103528e-02  6.383309e+01  1.014038e+02  1.463612e-01 -2.038962e-01  9.450845e-01  4.384764e+00 
2.960011e+01  1.578880e+02  1.572046e-01 -1.918578e-01  9.903106e-03  6.465106e+01  9.892742e+01  1.537300e-01 -2.102828e-01  8.401391e-01  6.247469e+00 
3.151923e+01  1.587765e+02  1.534453e-01 -1.975599e-01  2.370890e-02  6.399073e+01  9.887207e+01  1.577794e-01 -2.197548e-01  8.811802e-01  6.547224e+00 
3.326275e+01  1.608988e+02  1.509283e-01 -1.943014e-01  4.675414e-02  6.183536e+01  9.922244e+01  1.532262e-01 -2.205614e-01  9.274207e-01  6.463905e+00 
2.552913e+01  1.597995e+02  1.488308e-01 -1.865791e-01  1.689427e-02  6.186697e+01  9.944455e+01  1.565805e-01 -2.224145e-01  9.313528e-01  7.125287e+00 
2.095944e+01  1.598870e+02  1.518681e-01 -1.863272e-01  1.525365e-02  6.111206e+01  1.002238e+02  1.573105e-01 -2.215762e-01  9.248181e-01  5.456659e+00 
3.019940e+01  1.582321e+02  1.484970e-01 -1.864279e-01  1.884228e-02  6.281485e+01  9.957465e+01  1.625072e-01 -2.194659e-01  8.745449e-01  5.238111e+00 
3.147201e+01  1.573579e+02  1.499303e-01 -1.802437e-01  1.318539e-02  6.239286e+01  1.006107e+02  1.651590e-01 -2.230569e-01  9.241907e-01  5.454661e+00 
2.330916e+01  1.591371e+02  1.529465e-01 -1.771341e-01  5.630078e-03  6.220372e+01  9.891112e+01  1.602688e-01 -2.317290e-01  9.195088e-01  4.547908e+00 
2.035859e+01  1.605472e+02  1.534718e-01 -1.819065e-01  9.656224e-03  6.104633e+01  9.749537e+01  1.613827e-01 -2.285993e-01  9.166548e-01  5.960509e+00 
1.375469e+01  1.607941e+02  1.635273e-01 -1.816269e-01  2.550781e-03  5.990198e+01  9.591972e+01  1.636278e-01 -2.359680e-01  8.712626e-01  5.353454e+00 
1.790947e+01  1.595827e+02  1.713880e-01 -1.826685e-01  1.724379e-02  6.068563e+01  9.839080e+01  1.672945e-01 -2.436151e-01  8.284744e-01  5.424230e+00 
1.990565e+01  1.604396e+02  1.727452e-01 -1.746379e-01  1.339778e-02  6.173438e+01  9.869672e+01  1.779377e-01 -2.501934e-01  8.177849e-01  3.868553e+00 
1.786061e+01  1.614357e+02  1.722751e-01 -1.819901e-01  7.961867e-03  6.150247e+01  1.001327e+02  1.808990e-01 -2.557944e-01  8.527064e-01  4.285689e+00 
1.469945e+01  1.609631e+02  1.754987e-01 -1.837730e-01  4.537900e-03  6.166086e+01  9.984526e+01  1.778646e-01 -2.582302e-01  8.125965e-01  4.973337e+00 
1.539583e+01  1.599838e+02  1.766874e-01 -1.807786e-01  3.841235e-03  6.247054e+01  1.001522e+02  1.761982e-01 -2.541658e-01  7.911492e-01  5.068081e+00 
1.587937e+01  1.603644e+02  1.749998e-01 -1.803213e-01  9.473987e-03  6.223662e+01  1.017959e+02  1.733785e-01 -2.556524e-01  8.341069e-01  3.593137e+00 
1.513844e+01  1.590560e+02  1.719532e-01 -1.783957e-01  1.146341e-02  6.195943e+01  9.977549e+01  1.708504e-01 -2.509514e-01  8.450801e-01  5.103558e+00 
1.607455e+01  1.620640e+02  1.709769e-01 -1.838352e-01  1.895387e-02  6.447422e+01  1.016064e+02  1.756028e-01 -2.496369e-01  8.839724e-01  4.568076e+00 
1.743486e+01  1.614754e+02  1.738692e-01 -1.802767e-01  2.957438e-02  6.493213e+01  1.022273e+02  1.689040e-01 -2.454501e-01  8.973104e-01  6.240372e+00 
2.005043e+01  1.593838e+02  1.695140e-01 -1.862355e-01  2.190820e-03  6.399292e+01  1.027370e+02  1.655980e-01 -2.449412e-01  8.316488e-01  5.049090e+00 
2.730001e+01  1.608538e+02  1.768569e-01 -1.878181e-01  4.295144e-02  6.599250e+01  1.025008e+02  1.637609e-01 -2.489068e-01  8.213932e-01  4.518660e+00 
2.450716e+01  1.610419e+02  1.825159e-01 -1.948067e-01  3.135225e-02  6.723038e+01  1.017825e+02  1.685598e-01 -2.463451e-01  7.494971e-01  4.360012e+00 
2.800785e+01  1.639566e+02  1.852331e-01 -1.875153e-01  4.241694e-02  6.877405e+01  9.964559e+01  1.715771e-01 -2.502512e-01  7.959564e-01  5.585315e+00 
2.827508e+01  1.641488e+02  1.767259e-01 -1.884596e-01  2.677135e-02  6.920150e+01  9.806351e+01  1.642473e-01 -2.505548e-01  9.071418e-01  4.984655e+00 
2.593378e+01  1.662662e+02  1.772397e-01 -1.940262e-01  6.752884e-02  6.906564e+01  9.825135e+01  1.643700e-01 -2.447019e-01  9.070209e-01  5.561379e+00 
1.706159e+01  1.665440e+02  1.873745e-01 -1.919786e-01  3.017250e-02  6.925868e+01  9.633846e+01  1.598349e-01 -2.513335e-01  8.688449e-01  5.326005e+00 
1.447234e+01  1.684466e+02  1.830941e-01 -1.878075e-01  7.066995e-03  6.900227e+01  9.526692e+01  1.526017e-01 -2.510280e-01  9.148132e-01  3.374512e+00 
1.206141e+01  1.677370e+02  1.846387e-01 -1.855166e-01  4.860545e-02  6.959657e+01  9.405622e+01  1.554141e-01 -2.490692e-01  8.621019e-01  2.630789e+00 
1.199145e+01  1.690526e+02  1.847471e-01 -1.969595e-01  5.671930e-02  6.923768e+01  9.853897e+01  1.588437e-01 -2.454612e-01  8.926692e-01  2.833011e+00 
1.150962e+01  1.684546e+02  1.832109e-01 -2.064932e-01  4.638857e-02  7.146299e+01  9.758041e+01  1.567954e-01 -2.444790e-01  8.096471e-01  2.181469e+00 
1.180040e+01  1.699529e+02  1.864619e-01 -2.089464e-01  4.502134e-02  7.106973e+01  9.778835e+01  1.499891e-01 -2.386822e-01  8.311259e-01  2.264193e+00 
1.264014e+01  1.688675e+02  1.955245e-01 -2.047662e-01  4.253649e-02  7.204220e+01  9.909782e+01  1.555813e-01 -2.528667e-01  7.850719e-01  2.433232e+00 
1.113952e+01  1.678769e+02  1.945095e-01 -1.958791e-01  6.634014e-02  7.170899e+01  9.974959e+01  1.486995e-01 -2.538285e-01  8.386978e-01  1.890566e+00 
8.292924e+00  1.656723e+02  2.003141e-01 -1.872145e-01  4.803799e-02  7.275634e+01  9.946525e+01  1.379933e-01 -2.530583e-01  8.419563e-01  1.222782e+00 
6.284609e+00  1.651486e+02  1.972762e-01 -1.885442e-01  1.979547e-02  7.159695e+01  9.821727e+01  1.358201e-01 -2.510795e-01  8.126942e-01  8.920265e-01 
1.127722e+01  1.670762e+02  1.984063e-01 -1.895908e-01  5.431253e-02  7.239487e+01  9.684393e+01  1.341489e-01 -2.465653e-01  8.370160e-01  1.488891e+00 
1.249079e+01  1.681896e+02  1.976207e-01 -1.917719e-01  4.052154e-02  7.160040e+01  9.968574e+01  1.347677e-01 -2.407534e-01  8.727054e-01  2.009495e+00 
1.163316e+01  1.662260e+02  2.033671e-01 -1.855620e-01  3.310609e-02  7.252941e+01  9.794889e+01  1.342687e-01 -2.366838e-01  8.314866e-01  2.659141e+00 
1.371346e+01  1.665562e+02  2.003873e-01 -1.886742e-01  9.761344e-03  7.123724e+01  9.628919e+01  1.326369e-01 -2.350834e-01  8.011058e-01  2.546613e+00 
1.329893e+01  1.674806e+02  2.096212e-01 -1.829406e-01  7.612508e-03  7.191493e+01  9.904730e+01  1.458673e-01 -2.404447e-01  8.156796e-01  1.588570e+00 
1.178712e+01  1.667040e+02  1.981392e-01 -1.792525e-01  5.110682e-02  7.452163e+01  9.736186e+01  1.433407e-01 -2.430702e-01  8.345052e-01  9.660296e-01 
1.043617e+01  1.665339e+02  1.951476e-01 -1.840085e-01  6.083626e-02  7.507916e+01  9.938233e+01  1.490772e-01 -2.376012e-01  8.509082e-01  1.444383e+00 
1.043527e+01  1.649201e+02  1.946532e-01 -1.848469e-01  3.247093e-02  7.503823e+01  9.608234e+01  1.437394e-01 -2.420986e-01  7.669471e-01  7.603326e-01 
1.088949e+01  1.651368e+02  1.897082e-01 -1.765321e-01  8.900592e-02  7.704308e+01  9.515089e+01  1.500943e-01 -2.418955e-01  8.296173e-01  1.260994e+00 
1.307207e+01  1.636533e+02  1.940498e-01 -1.735602e-01  8.589654e-02  7.745948e+01  9.595103e+01  1.510907e-01 -2.332257e-01  7.578392e-01  2.546055e-01 
1.007077e+01  1.634818e+02  1.899348e-01 -1.741224e-01  4.399437e-02  7.732192e+01  9.369498e+01  1.502624e-01 -2.305893e-01  7.923669e-01  1.732370e+00 
1.372559e+01  1.624595e+02  1.856790e-01 -1.749207e-01  4.306958e-02  7.812891e+01  9.328968e+01  1.503370e-01 -2.279424e-01  7.865715e-01  2.759603e+00 
1.232460e+01  1.630193e+02  1.900885e-01 -1.678272e-01  3.430150e-02  7.827139e+01  9.341686e+01  1.577360e-01 -2.246082e-01  7.874898e-01  1.770122e+00 
9.337208e+00  1.628387e+02  1.850670e-01 -1.749979e-01  3.403699e-02  7.901264e+01  9.338882e+01  1.500190e-01 -2.308030e-01  8.200679e-01  2.390638e+00 
5.536917e+00  1.636679e+02  1.885354e-01 -1.706407e-01  2.258813e-02  7.931636e+01  9.315731e+01  1.429945e-01 -2.358989e-01  8.380864e-01  1.975787e+00 
9.583113e+00  1.659448e+02  1.883047e-01 -1.819478e-01  6.596222e-02  8.105691e+01  9.530033e+01  1.432902e-01 -2.324055e-01  8.784495e-01  3.778845e+00 
8.651232e+00  1.661614e+02  1.827150e-01 -1.818740e-01  3.441038e-02  8.237582e+01  9.554276e+01  1.441955e-01 -2.345849e-01  9.067071e-01  4.726275e+00 
9.337230e+00  1.657420e+02  1.816396e-01 -1.873636e-01  1.049523e-02  8.432527e+01  9.345018e+01  1.464521e-01 -2.363172e-01  8.820361e-01  4.942516e+00 
8.343813e+00  1.656242e+02  1.771045e-01 -1.808688e-01  4.624060e-02  8.467288e+01  9.548792e+01  1.540792e-01 -2.345402e-01  9.038361e-01  4.655854e+00 
9.029036e+00  1.630845e+02  1.727378e-01 -1.813249e-01  3.547615e-02  8.584210e+01  9.507279e+01  1.493035e-01 -2.331526e-01  8.696542e-01  3.380489e+00 
1.238030e+01  1.619433e+02  1.746121e-01 -1.848717e-01  4.410715e-02  8.695828e+01  9.622339e+01  1.439754e-01 -2.375347e-01  8.305252e-01  2.955655e+00 
7.475478e+00  1.633379e+02  1.802016e-01 -1.893224e-01  3.042119e-02  8.733590e+01  9.707851e+01  1.480608e-01 -2.329858e-01  8.366902e-01  2.508585e+00 
1.251905e+01  1.630708e+02  1.735064e-01 -1.846459e-01  5.214742e-02  8.974567e+01  9.627432e+01  1.501545e-01 -2.305068e-01  8.341906e-01  2.596389e+00 
1.185370e+01  1.607784e+02  1.683872e-01 -1.925820e-01  6.937100e-03  8.924450e+01  9.873054e+01  1.512147e-01 -2.318403e-01  8.347626e-01  3.041394e+00 
1.098452e+01  1.609026e+02  1.686133e-01 -1.919912e-01  1.395199e-02  8.813069e+01  9.974752e+01  1.446819e-01 -2.411499e-01  8.577564e-01  2.290650e+00 
1.279929e+01  1.612872e+02  1.686954e-01 -1.932786e-01  9.255682e-04  8.791498e+01  9.943955e+01  1.428971e-01 -2.427397e-01  8.659236e-01  3.211109e+00 
1.701133e+01  1.619902e+02  1.656837e-01 -1.990668e-01  2.327253e-02  8.889801e+01  1.005552e+02  1.478537e-01 -2.424091e-01  8.363199e-01  2.062522e+00 
1.023765e+01  1.620993e+02  1.718192e-01 -2.050690e-01  1.198332e-03  8.791501e+01  1.016666e+02  1.506294e-01 -2.365879e-01  8.327212e-01  3.771728e+00 
8.274370e+00  1.638637e+02  1.710074e-01 -2.077582e-01  1.140822e-02  8.746897e+01  1.017504e+02  1.559532e-01 -2.352045e-01  8.567341e-01  4.089927e+00 
1.035111e+01  1.647441e+02  1.797816e-01 -2.060353e-01  5.167965e-02  8.584704e+01  1.017275e+02  1.567790e-01 -2.370246e-01  8.262156e-01  3.268679e+00 
1.158676e+01  1.673274e+02  1.853984e-01 -2.020575e-01  8.365042e-02  8.348342e+01  1.020568e+02  1.450497e-01 -2.394736e-01  8.523072e-01  2.455039e+00 
1.127611e+01  1.660356e+02  1.835127e-01 -2.000886e-01  9.306903e-02  8.427753e+01  1.001904e+02  1.457651e-01 -2.390449e-01  8.649454e-01  2.355755e+00 
1.381373e+01  1.644694e+02  1.812367e-01 -1.976840e-01  9.088001e-02  8.297753e+01  1.009900e+02  1.397835e-01 -2.367627e-01  8.834506e-01  1.764040e+00 
2.346229e+01  1.657295e+02  1.815086e-01 -1.942923e-01  8.398069e-02  8.488452e+01  1.003337e+02  1.396279e-01 -2.385582e-01  8.327124e-01  8.806476e-01 
9.126068e+00  1.646879e+02  1.847906e-01 -1.985649e-01  5.680090e-02  8.408633e+01  1.013409e+02  1.434089e-01 -2.382332e-01  8.333822e-01  5.557536e-01 
1.288579e+01  1.634265e+02  1.885671e-01 -1.988474e-01  1.304766e-02  8.312116e+01  1.013964e+02  1.489921e-01 -2.422423e-01  8.213268e-01  1.190931e+00 
1.021637e+01  1.605383e+02  1.781638e-01 -1.916511e-01  3.249763e-02  8.255456e+01  1.019245e+02  1.425223e-01 -2.395774e-01  8.627931e-01  1.277759e+00 
1.180676e+01  1.633286e+02  1.741703e-01 -1.923612e-01  1.778746e-02  8.282351e+01  1.016447e+02  1.448460e-01 -2.418559e-01  8.915114e-01  1.886245e+00 
1.333354e+01  1.605748e+02  1.769754e-01 -1.991493e-01  7.185513e-03  8.144507e+01  1.024783e+02  1.377198e-01 -2.451031e-01  8.697882e-01  1.052312e+00 
1.222265e+01  1.607477e+02  1.762127e-01 -1.942392e-01  5.976896e-02  8.142619e+01  1.023622e+02  1.369245e-01 -2.516321e-01  8.627576e-01  1.195461e+00 
6.862639e+00  1.601332e+02  1.840898e-01 -1.906568e-01  3.218219e-02  8.104042e+01  1.050219e+02  1.391946e-01 -2.501396e-01  8.604183e-01  1.397442e+00 
7.118492e+00  1.598915e+02  1.883963e-01 -1.856215e-01  3.242926e-02  7.864817e+01  1.048338e+02  1.369071e-01 -2.475202e-01  8.494654e-01  1.404821e+00 
7.795194e+00  1.602471e+02  1.923772e-01 -1.826279e-01  2.603007e-02  7.925497e+01  1.038410e+02  1.325086e-01 -2.424361e-01  8.771803e-01  1.681410e+00 
8.341662e+00  1.612954e+02  2.011807e-01 -1.813611e-01  2.205825e-02  8.068718e+01  1.045668e+02  1.208274e-01 -2.447487e-01  8.523723e-01 -6.169046e-01 
8.287222e+00  1.607023e+02  2.083966e-01 -1.837619e-01  6.116390e-03  7.948253e+01  1.054349e+02  1.228777e-01 -2.535179e-01  7.873749e-01 -4.136406e-01 
1.141116e+01  1.631245e+02  2.050801e-01 -1.916822e-01  7.167062e-02  7.775483e+01  1.063163e+02  1.239510e-01 -2.556557e-01  8.219140e-01 -2.880977e-01 
1.105744e+01  1.627849e+02  2.085929e-01 -1.903918e-01  8.280478e-02  7.884615e+01  1.056442e+02  1.256132e-01 -2.533130e-01  8.080598e-01 -1.306328e+00 
1.059221e+01  1.600066e+02  2.132828e-01 -1.798332e-01  2.257637e-02  7.936899e+01  1.073829e+02  1.227612e-01 -2.479195e-01  7.737283e-01 -7.107099e-01 
1.129572e+01  1.611704e+02  2.089728e-01 -1.903257e-01  4.431040e-02  8.026468e+01  1.064257e+02  1.267117e-01 -2.478229e-01  8.043239e-01 -9.561631e-01 
1.202758e+01  1.594769e+02  2.062587e-01 -1.918913e-01  4.923669e-02  8.210357e+01  1.069010e+02  1.236190e-01 -2.378592e-01  7.957414e-01 -5.624246e-01 
9.653066e+00  1.609676e+02  2.068056e-01 -1.898028e-01  4.312403e-02  8.167959e+01  1.053976e+02  1.251107e-01 -2.338594e-01  7.893183e-01  2.487707e-01 
8.655656e+00  1.624240e+02  2.139883e-01 -1.871417e-01  2.006418e-02  8.176471e+01  1.065967e+02  1.319334e-01 -2.379792e-01  8.158377e-01  5.447152e-01 
9.926582e+00  1.630130e+02  2.077978e-01 -1.773749e-01  1.105936e-02  8.298604e+01  1.026177e+02  1.300689e-01 -2.438628e-01  8.320137e-01  5.087943e-02 
9.237882e+00  1.651315e+02  2.143825e-01 -1.826106e-01  7.224284e-02  8.436523e+01  1.027383e+02  1.192250e-01 -2.350678e-01  8.464468e-01  5.167679e-01 
1.077808e+01  1.661791e+02  2.187846e-01 -1.758429e-01  6.472508e-02  8.169056e+01  1.023504e+02  1.242721e-01 -2.421595e-01  8.376384e-01  1.273435e-02 
1.167249e+01  1.647149e+02  2.193070e-01 -1.777200e-01  8.360167e-02  7.980973e+01  1.044321e+02  1.340462e-01 -2.420021e-01  7.998644e-01 -3.367774e-01 
8.257518e+00  1.635751e+02  2.083160e-01 -1.769328e-01  6.811161e-02  7.970965e+01  1.035705e+02  1.415581e-01 -2.366500e-01  8.258665e-01  8.362682e-01 
6.266339e+00  1.612369e+02  2.066485e-01 -1.764657e-01  5.806945e-02  7.992132e+01  1.051381e+02  1.390807e-01 -2.378063e-01  8.325807e-01  1.566958e+00 
6.771755e+00  1.600299e+02  2.016389e-01 -1.759485e-01  4.603743e-02  8.112167e+01  1.063001e+02  1.408238e-01 -2.356923e-01  8.511144e-01  1.340670e+00 
1.822031e+01  1.587333e+02  2.000780e-01 -1.726426e-01  7.540534e-02  8.210267e+01  1.052254e+02  1.473876e-01 -2.344320e-01  8.468966e-01  1.197934e+00 
1.418368e+01  1.597842e+02  1.990422e-01 -1.692831e-01  1.491914e-01  8.121248e+01  1.046451e+02  1.533224e-01 -2.313159e-01  8.188577e-01  1.829800e+00 
1.159519e+01  1.635530e+02  2.024166e-01 -1.753791e-01  1.003563e-01  8.159167e+01  1.035958e+02  1.536333e-01 -2.316983e-01  8.259685e-01  1.133939e+00 
1.145683e+01  1.621785e+02  2.036751e-01 -1.748687e-01  1.018356e-01  8.115321e+01  1.032389e+02  1.501799e-01 -2.352145e-01  8.018855e-01  5.007767e-01 
1.096211e+01  1.608871e+02  2.058793e-01 -1.762849e-01  4.645872e-03  8.012876e+01  1.020982e+02  1.405280e-01 -2.307897e-01  7.855659e-01  8.890971e-01 
8.281240e+00  1.628050e+02  2.102954e-01 -1.704060e-01  4.063060e-03  7.901594e+01  9.973841e+01  1.355117e-01 -2.296412e-01  8.032625e-01  2.715053e+00 
9.944613e+00  1.626792e+02  2.051184e-01 -1.692971e-01  4.542632e-02  7.874820e+01  1.005856e+02  1.401189e-01 -2.256073e-01  8.107842e-01  1.544423e+00 
1.029735e+01  1.600511e+02  2.107561e-01 -1.587356e-01  1.546548e-02  7.986149e+01  1.027876e+02  1.423764e-01 -2.355370e-01  8.230148e-01  2.355372e+00 
1.016735e+01  1.599162e+02  2.078239e-01 -1.581961e-01  1.147862e-02  7.946861e+01  1.017855e+02  1.377635e-01 -2.304432e-01  8.121857e-01  1.986805e+00 
1.490348e+01  1.600989e+02  2.062846e-01 -1.521785e-01  1.094569e-02  8.128631e+01  1.022242e+02  1.412577e-01 -2.256325e-01  8.581339e-01  2.139988e+00 
1.240820e+01  1.585547e+02  1.999074e-01 -1.578810e-01  4.779920e-02  8.179909e+01  1.010318e+02  1.365859e-01 -2.300223e-01  8.335823e-01  3.199602e+00 
7.423935e+00  1.577620e+02  2.076103e-01 -1.516682e-01  3.836566e-03  8.196985e+01  1.010573e+02  1.387354e-01 -2.227347e-01  7.994766e-01  2.547057e+00 
6.606540e+00  1.590780e+02  2.071918e-01 -1.542250e-01  3.462803e-02  8.178587e+01  1.001891e+02  1.324663e-01 -2.158092e-01  8.385054e-01  1.672112e+00 
6.166056e+00  1.559222e+02  1.978075e-01 -1.499371e-01  6.347630e-02  8.111961e+01  1.009137e+02  1.291954e-01 -2.154844e-01  8.476923e-01  5.843437e-01 
1.452038e+01  1.567358e+02  2.047434e-01 -1.422345e-01  4.828844e-02  8.040569e+01  9.981237e+01  1.290783e-01 -2.164806e-01  8.245897e-01 -8.994122e-01 
1.030507e+01  1.563599e+02  2.008991e-01 -1.462909e-01  7.551324e-02  7.998354e+01  1.008461e+02  1.290188e-01 -2.058675e-01  8.261663e-01 -1.008628e+00 
6.963516e+00  1.573767e+02  2.020009e-01 -1.501687e-01  1.084124e-01  7.879227e+01  9.919500e+01  1.287872e-01 -2.016462e-01  8.211248e-01 -3.359332e-01 
8.488436e+00  1.555666e+02  1.954711e-01 -1.502853e-01  9.950062e-02  8.008812e+01  9.989521e+01  1.312014e-01 -1.997314e-01  8.471526e-01  1.364537e+00 
9.267892e+00  1.575378e+02  1.982773e-01 -1.535936e-01  9.515002e-02  8.022478e+01  1.025474e+02  1.265816e-01 -2.064151e-01  8.906460e-01  1.808013e+00 
7.452377e+00  1.566208e+02  1.997444e-01 -1.492409e-01  7.856608e-02  7.975771e+01  1.031182e+02  1.333624e-01 -2.027827e-01  8.830481e-01  2.440407e+00 
6.571338e+00  1.557145e+02  2.041056e-01 -1.516504e-01  7.124567e-02  7.997724e+01  1.029015e+02  1.335274e-01 -1.923320e-01  8.411690e-01  2.071627e+00 
6.667607e+00  1.541188e+02  1.999389e-01 -1.501788e-01  5.016603e-02  8.027278e+01  1.049998e+02  1.356641e-01 -1.952998e-01  8.402928e-01  2.301747e+00 
7.969773e+00  1.548057e+02  1.959725e-01 -1.478212e-01  1.112293e-01  8.116194e+01  1.026839e+02  1.358917e-01 -1.962499e-01  8.594946e-01  6.421301e-01 
8.712884e+00  1.533513e+02  1.881615e-01 -1.448202e-01  4.707579e-02  8.222306e+01  1.007418e+02  1.387487e-01 -2.012540e-01  8.511817e-01  9.771528e-01 
7.861664e+00  1.542821e+02  1.984537e-01 -1.499405e-01  9.154544e-02  8.057640e+01  1.019891e+02  1.344847e-01 -2.017087e-01  8.012644e-01 -4.439154e-01 
6.321019e+00  1.541877e+02  1.946942e-01 -1.552201e-01  7.347810e-02  8.206307e+01  1.029474e+02  1.389858e-01 -2.039627e-01  8.176588e-01  1.021156e+00 
7.110036e+00  1.540291e+02  1.987452e-01 -1.471818e-01  6.436990e-02  8.059380e+01  1.051826e+02  1.411497e-01 -2.088123e-01  8.602630e-01  2.206721e+00 
5.279256e+00  1.545284e+02  2.011924e-01 -1.565635e-01  1.994821e-02  8.193954e+01  1.063067e+02  1.349454e-01 -2.153398e-01  8.600832e-01  2.551279e+00 
9.730242e+00  1.575051e+02  2.090527e-01 -1.554787e-01  4.949380e-02  8.161388e+01  1.053621e+02  1.332094e-01 -2.129974e-01  8.714117e-01  3.574619e+00 
7.404827e+00  1.577977e+02  2.028961e-01 -1.613085e-01  6.571589e-02  8.068037e+01  1.056746e+02  1.270891e-01 -2.166365e-01  8.847502e-01  1.509545e+00 
9.928551e+00  1.573347e+02  1.958897e-01 -1.658987e-01  1.259403e-01  8.300733e+01  1.065113e+02  1.304352e-01 -2.214001e-01  8.831455e-01  6.277971e-01 
1.089910e+01  1.587824e+02  1.940883e-01 -1.646198e-01  8.922598e-02  8.265142e+01  1.055135e+02  1.237383e-01 -2.202770e-01  8.974980e-01  3.492623e-01 
1.237816e+01  1.593020e+02  2.005449e-01 -1.692860e-01  1.189570e-01  8.312052e+01  1.089573e+02  1.209414e-01 -2.228438e-01  8.902812e-01 -4.989711e-02 
1.178280e+01  1.594453e+02  2.064117e-01 -1.721106e-01  1.271134e-01  8.476786e+01  1.085611e+02  1.175379e-01 -2.198192e-01  8.689329e-01  5.915500e-01 
1.149712e+01  1.608044e+02  2.055173e-01 -1.770316e-01  1.253962e-01  8.640642e+01  1.093057e+02  1.166730e-01 -2.225761e-01  8.741878e-01 -6.012329e-01 
7.930813e+00  1.616556e+02  2.006627e-01 -1.840271e-01  1.044168e-01  8.560223e+01  1.076020e+02  1.216579e-01 -2.212412e-01  8.836076e-01 -6.869513e-01 
7.874142e+00  1.608659e+02  2.001373e-01 -1.844684e-01  1.754614e-01  8.649545e+01  1.073046e+02  1.236112e-01 -2.217097e-01  8.118052e-01 -1.575168e+00 
7.694281e+00  1.621734e+02  1.903092e-01 -1.849882e-01  1.510044e-01  8.504758e+01  1.040851e+02  1.239646e-01 -2.197709e-01  8.531916e-01 -8.340969e-01 
8.810137e+00  1.611735e+02  1.857632e-01 -1.838793e-01  1.536825e-01  8.594082e+01  1.045937e+02  1.193961e-01 -2.277206e-01  8.886735e-01  1.731740e-01 
6.473271e+00  1.591248e+02  1.947394e-01 -1.790273e-01  9.561483e-02  8.585942e+01  1.053857e+02  1.185222e-01 -2.260815e-01  8.738349e-01 -4.903713e-01 
9.416902e+00  1.573826e+02  1.969650e-01 -1.795626e-01  1.260495e-01  8.562116e+01  1.076261e+02  1.233552e-01 -2.314428e-01  8.365748e-01 -1.705289e+00 
1.064833e+01  1.577915e+02  1.998873e-01 -1.843342e-01  8.211102e-02  8.694788e+01  1.072589e+02  1.329337e-01 -2.197561e-01  8.009681e-01 -5.918551e-01 
1.008855e+01  1.583360e+02  1.964777e-01 -1.866485e-01  1.282585e-01  8.561525e+01  1.074912e+02  1.298568e-01 -2.238215e-01  7.835314e-01 -1.518681e+00 
8.736249e+00  1.595053e+02  1.921514e-01 -1.885529e-01  1.408803e-01  8.586172e+01  1.079750e+02  1.244193e-01 -2.211584e-01  8.380029e-01 -1.390694e+00 
1.061495e+01  1.593772e+02  1.929963e-01 -1.845546e-01  1.681482e-01  8.292704e+01  1.057355e+02  1.247242e-01 -2.163217e-01  8.104199e-01 -2.324264e+00 
1.258697e+01  1.620284e+02  1.871101e-01 -1.861590e-01  1.941902e-01  8.265406e+01  1.043816e+02  1.214672e-01 -2.178334e-01  8.469244e-01 -2.678822e+00 
8.569617e+00  1.634930e+02  1.945499e-01 -1.879353e-01  1.434402e-01  8.191162e+01  1.033020e+02  1.152638e-01 -2.206946e-01  8.682248e-01 -2.903540e+00 
7.017836e+00  1.657261e+02  1.975353e-01 -1.955949e-01  1.214046e-01  8.154500e+01  1.040263e+02  1.117011e-01 -2.134828e-01  9.016860e-01 -1.155160e+00 
8.964880e+00  1.656857e+02  1.981374e-01 -1.879823e-01  1.864125e-01  8.111440e+01  1.041921e+02  1.135501e-01 -2.132478e-01  8.938959e-01 -1.773334e+00 
1.148873e+01  1.654384e+02  1.962739e-01 -1.915747e-01  1.980351e-01  8.105045e+01  1.044714e+02  1.116121e-01 -2.164024e-01  8.911182e-01 -3.121363e+00 
9.905196e+00  1.668227e+02  1.954003e-01 -1.974210e-01  1.703747e-01  8.070174e+01  1.032512e+02  1.079354e-01 -2.167179e-01  8.820692e-01 -3.899254e+00 
8.554159e+00  1.671390e+02  2.031557e-01 -1.931795e-01  1.719221e-01  8.160108e+01  1.027757e+02  1.009045e-01 -2.150178e-01  8.772449e-01 -4.291866e+00 
1.287024e+01  1.657060e+02  2.048385e-01 -1.890796e-01  2.311725e-01  8.230788e+01  1.066706e+02  1.023716e-01 -2.176357e-01  8.807875e-01 -5.246796e+00 
1.107308e+01  1.660685e+02  2.061389e-01 -1.934648e-01  2.201100e-01  8.196722e+01  1.074677e+02  1.050224e-01 -2.239274e-01  8.665417e-01 -5.144408e+00 
1.589202e+01  1.654760e+02  2.103565e-01 -1.893487e-01  1.953771e-01  8.080638e+01  1.054814e+02  1.109225e-01 -2.219511e-01  8.423396e-01 -5.667033e+00 
1.650981e+01  1.656477e+02  2.154337e-01 -1.878490e-01  2.465659e-01  8.156435e+01  1.070187e+02  1.105430e-01 -2.199974e-01  8.017320e-01 -6.087045e+00 
1.629689e+01  1.654845e+02  2.077599e-01 -1.876162e-01  2.189598e-01  8.091660e+01  1.035467e+02  1.124226e-01 -2.173177e-01  7.995392e-01 -5.839266e+00 
1.715031e+01  1.671117e+02  2.141466e-01 -1.882539e-01  1.573184e-01  7.944186e+01  1.020072e+02  1.149454e-01 -2.244308e-01  7.366516e-01 -6.166721e+00 
2.037538e+01  1.672830e+02  2.072413e-01 -1.908856e-01  1.286413e-01  8.020401e+01  9.964047e+01  1.076859e-01 -2.263624e-01  7.558105e-01 -5.031357e+00 
1.633132e+01  1.673616e+02  2.040765e-01 -1.864900e-01  1.103193e-01  8.022786e+01  9.917817e+01  1.170434e-01 -2.225400e-01  8.406552e-01 -4.171703e+00 
1.306782e+01  1.649524e+02  2.029105e-01 -1.838191e-01  1.652707e-01  7.935777e+01  1.009963e+02  1.172527e-01 -2.253560e-01  8.100951e-01 -3.279351e+00 
1.056911e+01  1.636054e+02  2.041311e-01 -1.789470e-01  1.386766e-01  7.925145e+01  1.033816e+02  1.121360e-01 -2.218606e-01  8.729454e-01 -3.889553e+00 
8.103276e+00  1.646049e+02  2.030812e-01 -1.854757e-01  1.170134e-01  7.909853e+01  1.000070e+02  1.082067e-01 -2.280449e-01  8.187351e-01 -3.811218e+00 
8.300035e+00  1.637676e+02  2.027847e-01 -1.813494e-01  1.168409e-01  7.844555e+01  1.017349e+02  1.047026e-01 -2.293937e-01  8.779926e-01 -2.960322e+00 
9.911449e+00  1.633845e+02  1.981680e-01 -1.870414e-01  1.253779e-01  7.861450e+01  1.019591e+02  1.065306e-01 -2.311798e-01  8.517459e-01 -2.887796e+00 
1.250289e+01  1.634712e+02  1.899270e-01 -1.876452e-01  1.136642e-01  7.929815e+01  1.002298e+02  1.129603e-01 -2.297282e-01  8.462583e-01 -2.160437e+00 
7.617226e+00  1.640761e+02  1.935922e-01 -1.897900e-01  8.874514e-02  7.860428e+01  1.008583e+02  1.125009e-01 -2.264923e-01  8.864909e-01 -1.399927e+00 
8.723879e+00  1.635172e+02  1.851326e-01 -1.951579e-01  4.108849e-02  7.933183e+01  1.010672e+02  1.100588e-01 -2.313078e-01  9.003429e-01 -1.027484e+00 
1.379743e+01  1.627346e+02  1.837958e-01 -1.977190e-01  6.881336e-02  8.050832e+01  1.016302e+02  1.088538e-01 -2.329359e-01  8.962342e-01 -1.156909e+00 
1.178612e+01  1.644844e+02  1.763697e-01 -1.961469e-01  5.467006e-02  8.052781e+01  9.953018e+01  1.168103e-01 -2.350823e-01  9.042540e-01  5.108697e-02 
1.536535e+01  1.632847e+02  1.874210e-01 -1.967433e-01  2.752945e-02  7.966441e+01  1.011026e+02  1.149458e-01 -2.257252e-01  8.678330e-01  9.618778e-01 
6.234577e+00  1.641908e+02  1.952400e-01 -1.942640e-01  1.857825e-02  8.111616e+01  1.000408e+02  1.186084e-01 -2.211027e-01  8.498821e-01 -1.981191e-01 
8.382988e+00  1.627461e+02  2.012592e-01 -1.788141e-01  4.019256e-02  8.090457e+01  1.013990e+02  1.232096e-01 -2.275739e-01  8.566773e-01 -1.082045e+00 
8.509231e+00  1.632839e+02  1.989162e-01 -1.856820e-01  1.130361e-01  8.175897e+01  1.024315e+02  1.175081e-01 -2.318927e-01  8.679558e-01 -6.432085e-01 
9.379268e+00  1.643492e+02  1.999508e-01 -1.872192e-01  1.605149e-01  8.370475e+01  1.057704e+02  1.201239e-01 -2.271211e-01  8.938811e-01  2.851164e-01 
1.151180e+01  1.648551e+02  1.946542e-01 -1.822226e-01  1.979698e-01  8.589181e+01  1.042031e+02  1.154538e-01 -2.308927e-01  8.999320e-01 -3.675992e-02 
1.042179e+01  1.643857e+02  1.985285e-01 -1.864916e-01  1.218467e-01  8.414572e+01  1.047719e+02  1.164914e-01 -2.291297e-01  8.855524e-01  3.474491e-01 
1.276064e+01  1.642657e+02  1.992372e-01 -1.823259e-01  7.925677e-02  8.408398e+01  1.025009e+02  1.194049e-01 -2.242643e-01  9.107214e-01  6.520041e-01 
1.190067e+01  1.627028e+02  1.976429e-01 -1.864087e-01  9.235305e-03  8.536155e+01  1.049512e+02  1.131063e-01 -2.237553e-01  9.030780e-01  1.865123e+00 
1.184698e+01  1.606486e+02  1.932200e-01 -1.908132e-01  2.507897e-03  8.521084e+01  1.052342e+02  1.109897e-01 -2.262096e-01  9.079848e-01  2.117843e+00 
9.412615e+00  1.624506e+02  1.941450e-01 -1.892767e-01  4.045697e-02  8.525719e+01  1.049670e+02  1.169672e-01 -2.272082e-01  8.963763e-01  1.748836e+00 
8.880773e+00  1.629180e+02  1.974730e-01 -1.974307e-01  2.752955e-02  8.452962e+01  1.038993e+02  1.219686e-01 -2.274846e-01  8.819499e-01  1.116978e+00 
1.736846e+01  1.641971e+02  1.974115e-01 -1.984537e-01  6.922125e-02  8.397752e+01  1.016200e+02  1.262905e-01 -2.282091e-01  8.478576e-01 -2.831044e-01 
5.777579e+00  1.636480e+02  1.888303e-01 -2.057925e-01  3.373761e-02  8.577282e+01  1.033631e+02  1.233004e-01 -2.288645e-01  8.673334e-01  4.939187e-01 
4.696616e+00  1.646436e+02  1.862813e-01 -2.087096e-01  2.390688e-02  8.428622e+01  1.051992e+02  1.242292e-01 -2.329748e-01  8.896475e-01  1.211364e+00 
7.108974e+00  1.638233e+02  1.890116e-01 -2.043880e-01  4.987515e-03  8.525492e+01  1.063876e+02  1.304129e-01 -2.263982e-01  8.838611e-01  1.038612e+00 
7.089951e+00  1.630366e+02  1.839658e-01 -1.997193e-01  1.017227e-01  8.512595e+01  1.060536e+02  1.344239e-01 -2.309869e-01  8.652569e-01  4.145198e-01 
9.913304e+00  1.613326e+02  1.871507e-01 -1.926000e-01  1.091629e-01  8.487659e+01  1.039589e+02  1.341480e-01 -2.340132e-01  8.136627e-01  9.563490e-01 
1.206915e+01  1.610712e+02  1.826862e-01 -1.792541e-01  4.113874e-02  8.291061e+01  1.057106e+02  1.339047e-01 -2.258840e-01  9.167669e-01  2.309425e+00 
8.592412e+00  1.593070e+02  1.780392e-01 -1.837966e-01  3.814299e-02  8.371656e+01  1.058251e+02  1.315653e-01 -2.207820e-01  9.143323e-01  2.404494e+00 
5.076702e+00  1.589579e+02  1.827284e-01 -1.864050e-01  1.472788e-02  8.333055e+01  1.062451e+02  1.385624e-01 -2.209859e-01  8.905471e-01  2.270190e+00 
7.590312e+00  1.589914e+02  1.858528e-01 -1.952729e-01  2.211649e-02  8.355908e+01  1.047250e+02  1.451598e-01 -2.227680e-01  8.211484e-01  3.146028e+00 
1.207626e+01  1.594922e+02  1.846130e-01 -1.843096e-01  3.800778e-02  8.201090e+01  1.039738e+02  1.540272e-01 -2.195520e-01  8.068819e-01  2.300850e+00 
1.408103e+01  1.579337e+02  1.867765e-01 -1.872888e-01  1.167704e-01  8.331712e+01  1.068680e+02  1.549902e-01 -2.215764e-01  7.610493e-01  1.789966e+00 
1.196285e+01  1.575722e+02  1.883259e-01 -1.928610e-01  1.255241e-01  8.444981e+01  1.089681e+02  1.476288e-01 -2.223093e-01  7.921666e-01  1.770440e+00 
1.217001e+01  1.535673e+02  1.846169e-01 -1.895448e-01  7.551796e-02  8.559536e+01  1.108588e+02  1.521226e-01 -2.158395e-01  7.714053e-01  2.024489e+00 
1.531814e+01  1.547397e+02  1.866502e-01 -1.920017e-01  7.988857e-02  8.801148e+01  1.100788e+02  1.445475e-01 -2.127619e-01  7.555894e-01  1.866374e+00 
1.272282e+01  1.539556e+02  1.847275e-01 -1.979541e-01  4.517499e-02  8.948872e+01  1.119084e+02  1.402054e-01 -2.144954e-01  7.860764e-01  1.721852e+00 
1.207118e+01  1.538588e+02  1.869437e-01 -2.022915e-01  5.505116e-02  8.924667e+01  1.120807e+02  1.367677e-01 -2.120706e-01  8.294891e-01  3.235683e+00 
1.114434e+01  1.551463e+02  1.871075e-01 -2.037420e-01  1.517823e-02  8.948755e+01  1.107848e+02  1.357523e-01 -2.042605e-01  8.341481e-01  3.729201e+00 
6.267923e+00  1.552316e+02  1.862230e-01 -2.025362e-01  1.314981e-02  9.072814e+01  1.110108e+02  1.362304e-01 -2.037528e-01  8.557271e-01  2.999650e+00 
5.805652e+00  1.559568e+02  1.783712e-01 -2.050731e-01  3.957120e-02  9.096007e+01  1.120070e+02  1.294787e-01 -2.017347e-01  8.808220e-01  2.438019e+00 
7.643343e+00  1.561039e+02  1.844111e-01 -2.063207e-01  4.924220e-04  9.070355e+01  1.130422e+02  1.303106e-01 -2.002083e-01  8.954606e-01  1.562997e+00 
7.892450e+00  1.584513e+02  1.911946e-01 -2.029739e-01  1.252599e-02  9.172330e+01  1.111805e+02  1.312779e-01 -1.943999e-01  8.719663e-01  3.389341e+00 
5.714355e+00  1.558788e+02  1.866627e-01 -2.018741e-01  1.107309e-02  9.083009e+01  1.123447e+02  1.374417e-01 -1.928223e-01  8.674477e-01  4.075968e+00 
5.227419e+00  1.539912e+02  1.841919e-01 -2.068352e-01  5.278012e-04  8.958561e+01  1.145413e+02  1.462347e-01 -1.983988e-01  8.566483e-01  4.601625e+00 
9.273519e+00  1.518989e+02  1.826881e-01 -2.073383e-01  1.795914e-02  8.858343e+01  1.153755e+02  1.483327e-01 -2.009397e-01  8.345518e-01  5.225026e+00 
7.109501e+00  1.517890e+02  1.814388e-01 -2.025679e-01  3.226601e-02  8.932054e+01  1.158341e+02  1.466699e-01 -2.104970e-01  8.465491e-01  4.994893e+00 
5.786536e+00  1.544467e+02  1.787012e-01 -1.997047e-01  6.302721e-02  8.864560e+01  1.136066e+02  1.466516e-01 -2.120327e-01  8.586673e-01  4.713169e+00 
6.030352e+00  1.575579e+02  1.806651e-01 -1.968359e-01  1.137604e-03  9.079889e+01  1.123123e+02  1.568979e-01 -2.151925e-01  8.728612e-01  5.019984e+00 
4.700993e+00  1.548838e+02  1.745720e-01 -1.919999e-01  2.552939e-03  9.062019e+01  1.130245e+02  1.580032e-01 -2.158689e-01  8.794049e-01  5.228533e+00 
7.645057e+00  1.563558e+02  1.777059e-01 -1.943585e-01  3.759953e-02  9.064380e+01  1.135520e+02  1.584499e-01 -2.180429e-01  8.664261e-01  4.555466e+00 
4.498558e+00  1.534940e+02  1.753737e-01 -1.877172e-01  4.489501e-02  8.929473e+01  1.132768e+02  1.558123e-01 -2.249624e-01  8.746876e-01  5.029328e+00 
4.076560e+00  1.536172e+02  1.787058e-01 -1.873580e-01  5.241372e-02  8.700257e+01  1.141200e+02  1.567357e-01 -2.193197e-01  8.678773e-01  4.575352e+00 
4.257842e+00  1.534882e+02  1.771082e-01 -1.960200e-01  8.658143e-02  8.709666e+01  1.170813e+02  1.561707e-01 -2.173946e-01  8.665535e-01  5.063116e+00 
7.549630e+00  1.555896e+02  1.762790e-01 -1.988000e-01  1.486002e-01  8.580156e+01  1.171186e+02  1.584226e-01 -2.166575e-01  8.562087e-01  4.564172e+00 
6.565434e+00  1.574267e+02  1.773511e-01 -1.979015e-01  1.640019e-01  8.664988e+01  1.170460e+02  1.549911e-01 -2.239224e-01  8.967389e-01  5.200344e+00 
7.507855e+00  1.554789e+02  1.799063e-01 -2.015129e-01  1.394243e-01  8.657613e+01  1.181651e+02  1.595262e-01 -2.294711e-01  8.367572e-01  4.229828e+00 
1.201244e+01  1.533474e+02  1.775328e-01 -1.911434e-01  1.646432e-01  8.594797e+01  1.202855e+02  1.470512e-01 -2.325069e-01  8.685614e-01  1.879862e+00 
1.112401e+01  1.533895e+02  1.759942e-01 -1.902977e-01  1.727799e-01  8.496734e+01  1.185747e+02  1.520298e-01 -2.380369e-01  8.613584e-01  3.598297e+00 
7.442566e+00  1.531406e+02  1.801960e-01 -1.859579e-01  2.163012e-01  8.616205e+01  1.195816e+02  1.601226e-01 -2.358447e-01  8.450223e-01  3.827728e+00 
7.417952e+00  1.503036e+02  1.759101e-01 -1.836651e-01  2.355310e-01  8.709257e+01  1.205393e+02  1.604390e-01 -2.347593e-01  8.195608e-01  3.234338e+00 
7.691180e+00  1.486138e+02  1.728425e-01 -1.861815e-01  1.777390e-01  8.679390e+01  1.225847e+02  1.595243e-01 -2.348217e-01  8.445853e-01  3.433571e+00 
7.229727e+00  1.483083e+02  1.741170e-01 -1.789217e-01  1.843876e-01  8.847839e+01  1.223313e+02  1.589971e-01 -2.273972e-01  8.775615e-01  4.623828e+00 
7.495025e+00  1.471768e+02  1.766904e-01 -1.757523e-01  2.117319e-01  8.851254e+01  1.220816e+02  1.566807e-01 -2.242559e-01  8.558552e-01  3.254645e+00 
7.699482e+00  1.456658e+02  1.810909e-01 -1.747155e-01  1.217144e-01  8.830876e+01  1.197601e+02  1.556333e-01 -2.295029e-01  8.102025e-01  1.956131e+00 
1.267641e+01  1.457473e+02  1.809584e-01 -1.725756e-01  1.379694e-01  8.736353e+01  1.193679e+02  1.658056e-01 -2.369550e-01  7.301466e-01  2.733448e+00 
1.207383e+01  1.446221e+02  1.781901e-01 -1.766267e-01  1.502479e-01  8.530608e+01  1.204540e+02  1.634361e-01 -2.330455e-01  7.525245e-01  2.026023e+00 
1.306235e+01  1.427351e+02  1.796384e-01 -1.736492e-01  1.616496e-01  8.325621e+01  1.223367e+02  1.590918e-01 -2.372843e-01  7.765236e-01  2.368367e+00 
1.150775e+01  1.430868e+02  1.809627e-01 -1.689638e-01  1.407030e-01  8.449967e+01  1.247085e+02  1.533034e-01 -2.243808e-01  8.399043e-01  1.803204e+00 
1.181612e+01  1.421237e+02  1.766565e-01 -1.720368e-01  1.487021e-01  8.417143e+01  1.229373e+02  1.534912e-01 -2.282603e-01  7.968941e-01  7.004180e-01 
1.151307e+01  1.421723e+02  1.782505e-01 -1.756224e-01  1.765338e-01  8.318387e+01  1.233697e+02  1.526023e-01 -2.304247e-01  7.805349e-01  1.684558e-01 
1.478768e+01  1.437397e+02  1.738969e-01 -1.743884e-01  1.615711e-01  8.344351e+01  1.238877e+02  1.592609e-01 -2.269155e-01  8.351005e-01  1.213895e+00 
1.337190e+01  1.445955e+02  1.745121e-01 -1.763617e-01  1.057136e-01  8.352660e+01  1.221730e+02  1.666755e-01 -2.261074e-01  8.029723e-01  2.274121e+00 
1.213051e+01  1.422419e+02  1.770368e-01 -1.745368e-01  1.040981e-01  8.217761e+01  1.212065e+02  1.632783e-01 -2.248730e-01  8.221711e-01  3.991594e+00 
1.079638e+01  1.427116e+02  1.751327e-01 -1.679148e-01  1.293367e-01  8.074978e+01  1.218361e+02  1.612792e-01 -2.235564e-01  8.408482e-01  3.272578e+00 
1.199514e+01  1.433338e+02  1.724464e-01 -1.721991e-01  5.059972e-02  8.059141e+01  1.189365e+02  1.580506e-01 -2.265966e-01  8.322921e-01  4.345958e+00 
1.130104e+01  1.452324e+02  1.774656e-01 -1.692117e-01  1.513919e-02  7.911058e+01  1.180958e+02  1.642745e-01 -2.265251e-01  8.632352e-01  5.733744e+00 
8.178595e+00  1.474586e+02  1.789628e-01 -1.697856e-01  1.870160e-02  7.964013e+01  1.183695e+02  1.684080e-01 -2.160920e-01  8.743531e-01  5.799563e+00 
7.510239e+00  1.463148e+02  1.818225e-01 -1.645336e-01  4.046402e-02  7.769383e+01  1.176421e+02  1.632538e-01 -2.136020e-01  8.512511e-01  5.145533e+00 
8.224736e+00  1.461303e+02  1.810765e-01 -1.692510e-01  3.377133e-02  7.828760e+01  1.185471e+02  1.586261e-01 -2.129936e-01  8.777317e-01  4.885126e+00 
5.946736e+00  1.448804e+02  1.854031e-01 -1.732973e-01  3.342481e-02  7.786837e+01  1.190206e+02  1.582287e-01 -2.067772e-01  8.269397e-01  5.101852e+00 
7.505399e+00  1.452423e+02  1.789851e-01 -1.774732e-01  6.800537e-02  7.818792e+01  1.174681e+02  1.570533e-01 -2.071904e-01  8.296660e-01  3.714925e+00 
1.143024e+01  1.445639e+02  1.766299e-01 -1.844618e-01  1.185536e-01  7.792702e+01  1.193784e+02  1.571953e-01 -2.074496e-01  8.070657e-01  2.620824e+00 
1.138116e+01  1.439412e+02  1.807991e-01 -1.802741e-01  7.256295e-02  7.772793e+01  1.216417e+02  1.585018e-01 -2.007888e-01  8.007688e-01  2.647823e+00 
1.074431e+01  1.453518e+02  1.822816e-01 -1.790460e-01  6.431855e-02  7.768398e+01  1.225637e+02  1.620308e-01 -2.039762e-01  8.289052e-01  3.494590e+00 
5.849561e+00  1.450736e+02  1.804656e-01 -1.802057e-01  5.187852e-02  7.663176e+01  1.219476e+02  1.577450e-01 -2.065620e-01  8.465557e-01  3.850050e+00 
5.947557e+00  1.446959e+02  1.760371e-01 -1.819673e-01  7.930568e-02  7.548104e+01  1.214063e+02  1.553787e-01 -2.081025e-01  8.531375e-01  3.931190e+00 
9.267528e+00  1.457864e+02  1.765018e-01 -1.839267e-01  1.333701e-01  7.458039e+01  1.224157e+02  1.577675e-01 -2.096158e-01  8.629055e-01  2.908256e+00 
9.587065e+00  1.466545e+02  1.714778e-01 -1.896882e-01  9.054677e-02  7.504421e+01  1.206092e+02  1.597528e-01 -2.098501e-01  8.516011e-01  2.983850e+00 
1.014508e+01  1.472383e+02  1.708968e-01 -1.902868e-01  5.342195e-02  7.515675e+01  1.210870e+02  1.601758e-01 -2.087722e-01  8.549000e-01  3.193631e+00 
8.336349e+00  1.488895e+02  1.701046e-01 -1.925241e-01  1.268110e-01  7.593867e+01  1.200599e+02  1.496273e-01 -2.037980e-01  8.828570e-01  3.161975e+00 
8.225197e+00  1.503661e+02  1.685196e-01 -1.930399e-01  1.217004e-01  7.775769e+01  1.187045e+02  1.487345e-01 -2.089593e-01  8.816526e-01  3.033321e+00 
8.382889e+00  1.501057e+02  1.741805e-01 -1.879720e-01  9.990307e-02  7.662747e+01  1.185163e+02  1.492603e-01 -2.003072e-01  8.879862e-01  2.786618e+00 
7.680188e+00  1.508889e+02  1.799285e-01 -1.827504e-01  1.266356e-01  7.696374e+01  1.176640e+02  1.525927e-01 -1.990889e-01  8.723993e-01  3.386771e+00 
7.234020e+00  1.500894e+02  1.818835e-01 -1.774476e-01  6.703566e-02  7.746503e+01  1.178260e+02  1.475169e-01 -1.960810e-01  8.823140e-01  3.178567e+00 
7.326515e+00  1.495158e+02  1.774247e-01 -1.750841e-01  7.421084e-02  7.747471e+01  1.178840e+02  1.483044e-01 -1.950168e-01  9.028270e-01  3.729992e+00 
7.801782e+00  1.514660e+02  1.782108e-01 -1.822082e-01  7.925556e-02  7.723784e+01  1.200866e+02  1.449675e-01 -1.945671e-01  9.141652e-01  4.210548e+00 
7.836957e+00  1.518072e+02  1.708536e-01 -1.884048e-01  1.054533e-01  7.831918e+01  1.191254e+02  1.460806e-01 -1.940158e-01  9.090760e-01  4.045765e+00 
8.115540e+00  1.489226e+02  1.792789e-01 -1.951843e-01  4.595170e-02  7.877713e+01  1.211020e+02  1.452945e-01 -1.927349e-01  8.958848e-01  3.178031e+00 
9.914036e+00  1.486622e+02  1.791424e-01 -1.942636e-01  6.772637e-02  7.639107e+01  1.183473e+02  1.456368e-01 -1.958549e-01  8.871091e-01  4.854611e+00 
9.896892e+00  1.498824e+02  1.846926e-01 -1.986517e-01  7.383823e-02  7.572827e+01  1.177787e+02  1.521529e-01 -1.994628e-01  8.258302e-01  4.508299e+00 
1.319971e+01  1.502261e+02  1.855638e-01 -1.914831e-01  1.077091e-02  7.790312e+01  1.166943e+02  1.647539e-01 -1.949663e-01  8.026287e-01  4.949948e+00 
1.024819e+01  1.489316e+02  1.851233e-01 -1.934579e-01  4.731371e-02  7.833815e+01  1.192002e+02  1.683840e-01 -2.006967e-01  8.167607e-01  6.433440e+00 
1.123257e+01  1.489614e+02  1.822889e-01 -1.983094e-01  1.065545e-02  7.752276e+01  1.186270e+02  1.593532e-01 -2.058777e-01  8.336373e-01  7.249800e+00 
1.607852e+01  1.475749e+02  1.852613e-01 -1.885593e-01  2.383022e-02  7.654831e+01  1.168671e+02  1.620961e-01 -2.057575e-01  8.312733e-01  7.552285e+00 
9.709684e+00  1.474764e+02  1.708606e-01 -1.933654e-01  3.343543e-02  7.766429e+01  1.167709e+02  1.574698e-01 -1.990439e-01  8.345432e-01  5.851857e+00 
1.266793e+01  1.475360e+02  1.671795e-01 -1.999426e-01  2.463488e-02  7.770038e+01  1.180754e+02  1.546168e-01 -2.084880e-01  8.365072e-01  5.892091e+00 
1.303225e+01  1.464101e+02  1.778760e-01 -2.020640e-01  3.365886e-02  7.665079e+01  1.191590e+02  1.592538e-01 -2.203061e-01  8.083589e-01  4.559389e+00 
8.389540e+00  1.480387e+02  1.684767e-01 -2.022096e-01  2.773662e-02  7.630901e+01  1.200295e+02  1.574124e-01 -2.162728e-01  8.471593e-01  5.625915e+00 
9.570041e+00  1.484210e+02  1.703366e-01 -1.975404e-01  9.505514e-02  7.596441e+01  1.197744e+02  1.567145e-01 -2.088953e-01  8.727842e-01  5.131731e+00 
1.261065e+01  1.492440e+02  1.743446e-01 -1.984934e-01  1.111152e-01  7.509561e+01  1.189252e+02  1.623610e-01 -2.072369e-01  8.343362e-01  3.564496e+00 
1.376898e+01  1.502905e+02  1.761739e-01 -1.974707e-01  9.429297e-02  7.425708e+01  1.184251e+02  1.603532e-01 -2.041308e-01  8.140188e-01  2.615424e+00 
1.445487e+01  1.502508e+02  1.767007e-01 -1.993583e-01  6.103644e-02  7.445967e+01  1.186068e+02  1.615808e-01 -2.069194e-01  8.686148e-01  4.094032e+00 
1.139086e+01  1.507135e+02  1.801214e-01 -1.962414e-01  8.473444e-02  7.555637e+01  1.171736e+02  1.594137e-01 -2.119562e-01  8.056115e-01  4.125448e+00 
9.712025e+00  1.518597e+02  1.767189e-01 -2.000881e-01  5.554954e-02  7.438594e+01  1.179091e+02  1.674215e-01 -2.155474e-01  8.319698e-01  4.188963e+00 
1.155374e+01  1.533509e+02  1.720740e-01 -2.028143e-01  2.484672e-02  7.399685e+01  1.182270e+02  1.626429e-01 -2.205193e-01  8.502209e-01  4.293495e+00 
1.536828e+01  1.559815e+02  1.768514e-01 -1.968987e-01  3.594966e-03  7.443810e+01  1.165374e+02  1.608494e-01 -2.143304e-01  8.941827e-01  3.873374e+00 
1.224049e+01  1.543612e+02  1.789835e-01 -2.009569e-01  3.148899e-02  7.355173e+01  1.169241e+02  1.646240e-01 -2.145597e-01  8.853551e-01  4.899504e+00 
8.050636e+00  1.517938e+02  1.743008e-01 -1.944972e-01  2.521061e-02  7.257429e+01  1.173869e+02  1.641127e-01 -2.108953e-01  8.585315e-01  6.498824e+00 
8.140708e+00  1.518785e+02  1.787524e-01 -1.969679e-01  2.045603e-02  7.373432e+01  1.155353e+02  1.607651e-01 -2.108973e-01  8.691073e-01  6.432879e+00 
9.694863e+00  1.491194e+02  1.677394e-01 -2.035008e-01  9.491517e-03  7.453521e+01  1.180238e+02  1.607497e-01 -2.088200e-01  8.233907e-01  5.056105e+00 
1.596750e+01  1.476326e+02  1.627045e-01 -2.115361e-01  3.301006e-02  7.202005e+01  1.179320e+02  1.596911e-01 -2.046866e-01  8.215434e-01  5.523595e+00 
1.683894e+01  1.466253e+02  1.638242e-01 -2.002280e-01  8.630654e-02  7.235621e+01  1.177728e+02  1.581505e-01 -1.994266e-01  8.241800e-01  5.224477e+00 
1.195484e+01  1.475456e+02  1.626935e-01 -2.037391e-01  3.274151e-02  7.245497e+01  1.207300e+02  1.555823e-01 -2.066987e-01  8.920294e-01  4.994117e+00 
7.747313e+00  1.481008e+02  1.668548e-01 -1.978076e-01  5.213234e-02  7.211702e+01  1.196988e+02  1.578311e-01 -2.067724e-01  8.642622e-01  5.696857e+00 
6.336841e+00  1.466214e+02  1.735157e-01 -1.959160e-01  5.675216e-02  7.108908e+01  1.208079e+02  1.530416e-01 -2.095238e-01  8.681201e-01  4.537388e+00 
7.227561e+00  1.441097e+02  1.757684e-01 -1.926498e-01  1.167542e-02  6.915118e+01  1.204637e+02  1.583248e-01 -2.135448e-01  8.065414e-01  4.615126e+00 
8.434411e+00  1.425360e+02  1.715570e-01 -1.891171e-01  3.624637e-02  6.986773e+01  1.224367e+02  1.638981e-01 -2.189390e-01  8.308915e-01  4.087562e+00 
9.059978e+00  1.422188e+02  1.727367e-01 -1.932430e-01  2.384776e-02  6.911795e+01  1.227497e+02  1.607317e-01 -2.139240e-01  8.003725e-01  4.783016e+00 
6.809207e+00  1.446485e+02  1.713535e-01 -1.956095e-01  1.539804e-02  6.916312e+01  1.237249e+02  1.607877e-01 -2.208212e-01  8.390391e-01  4.846441e+00 
4.185160e+00  1.431745e+02  1.701496e-01 -1.993357e-01  3.387890e-03  6.930307e+01  1.256322e+02  1.520263e-01 -2.144042e-01  8.676069e-01  4.381062e+00 
4.021324e+00  1.413769e+02  1.775551e-01 -1.998993e-01  2.196572e-02  6.910419e+01  1.269491e+02  1.474964e-01 -2.133122e-01  8.569991e-01  3.510865e+00 
5.474455e+00  1.398220e+02  1.737273e-01 -2.000371e-01  1.614906e-02  6.705710e+01  1.262689e+02  1.515896e-01 -2.138200e-01  8.413266e-01  3.925325e+00 
7.061144e+00  1.386742e+02  1.832547e-01 -1.895670e-01  1.961479e-02  6.683314e+01  1.243729e+02  1.506845e-01 -2.117873e-01  7.977291e-01  2.951657e+00 
9.327320e+00  1.382027e+02  1.842805e-01 -1.907181e-01  6.881530e-02  6.698020e+01  1.263380e+02  1.509457e-01 -2.140443e-01  7.980857e-01  2.945357e+00 
9.077602e+00  1.372322e+02  1.757517e-01 -1.903229e-01  5.270691e-02  6.633833e+01  1.270527e+02  1.546774e-01 -2.073829e-01  7.846229e-01  2.405344e+00 
5.677722e+00  1.369445e+02  1.754002e-01 -1.913847e-01  3.089254e-02  6.703963e+01  1.297943e+02  1.520535e-01 -2.078583e-01  8.357347e-01  2.561001e+00 
5.622298e+00  1.376246e+02  1.816450e-01 -1.954912e-01  8.433297e-02  6.823540e+01  1.304086e+02  1.483474e-01 -2.048356e-01  8.560383e-01  3.405816e+00 
6.942306e+00  1.397343e+02  1.827851e-01 -1.992089e-01  8.789898e-02  6.791667e+01  1.321483e+02  1.499858e-01 -2.048090e-01  8.596835e-01  3.166055e+00 
5.291882e+00  1.389379e+02  1.914533e-01 -1.934813e-01  9.300823e-02  6.945227e+01  1.301859e+02  1.493538e-01 -2.007310e-01  8.521870e-01  3.353618e+00 
6.506923e+00  1.393378e+02  1.866958e-01 -1.925907e-01  7.491775e-02  6.936717e+01  1.292808e+02  1.531598e-01 -2.006768e-01  8.606155e-01  3.653605e+00 
4.449749e+00  1.364324e+02  1.885232e-01 -1.940689e-01  3.601505e-02  6.831241e+01  1.295769e+02  1.475737e-01 -1.973678e-01  8.395073e-01  3.048364e+00 
4.588235e+00  1.361757e+02  1.843975e-01 -1.938603e-01  8.935224e-03  6.901745e+01  1.303653e+02  1.434454e-01 -1.985777e-01  8.336034e-01  2.782148e+00 
4.054309e+00  1.371532e+02  1.926490e-01 -2.016983e-01  6.941203e-02  6.844459e+01  1.321411e+02  1.445755e-01 -2.060798e-01  8.316478e-01  2.054341e+00 
6.122162e+00  1.370960e+02  1.910558e-01 -2.046655e-01  5.887354e-02  6.743578e+01  1.315718e+02  1.471926e-01 -2.041175e-01  8.039355e-01  1.575484e+00 
5.050465e+00  1.395944e+02  1.895682e-01 -1.996640e-01  9.549183e-02  6.827747e+01  1.317542e+02  1.464837e-01 -2.039553e-01  8.660967e-01  2.802341e+00 
5.141099e+00  1.378757e+02  2.006526e-01 -1.941902e-01  5.146350e-02  6.595107e+01  1.312193e+02  1.412762e-01 -2.075819e-01  8.244951e-01  9.156647e-01 
6.990290e+00  1.358772e+02  1.985637e-01 -1.944383e-01  9.566088e-02  6.794505e+01  1.323403e+02  1.330992e-01 -1.999924e-01  8.667309e-01  2.228803e+00 
4.671147e+00  1.357322e+02  1.951890e-01 -1.938636e-01  4.336242e-02  6.946429e+01  1.325146e+02  1.419017e-01 -1.988064e-01  8.444898e-01  1.484662e+00 
5.008230e+00  1.335560e+02  2.035287e-01 -2.011804e-01  5.352296e-02  6.895703e+01  1.360496e+02  1.366920e-01 -1.985838e-01  8.463686e-01  9.671410e-01 
6.828096e+00  1.323942e+02  2.063553e-01 -1.976421e-01  3.306013e-02  6.760369e+01  1.342094e+02  1.399867e-01 -1.953531e-01  8.314906e-01  1.978523e+00 
8.978306e+00  1.342726e+02  2.154667e-01 -1.906146e-01  3.140143e-02  6.609118e+01  1.347461e+02  1.376729e-01 -1.896400e-01  8.261896e-01  2.425188e+00 
1.052731e+01  1.338685e+02  2.211164e-01 -1.793770e-01  8.086822e-02  6.509885e+01  1.357325e+02  1.336125e-01 -1.811495e-01  8.634122e-01  2.059351e+00 
1.184734e+01  1.322690e+02  2.258936e-01 -1.810982e-01  2.438606e-02  6.606939e+01  1.362588e+02  1.295645e-01 -1.850907e-01  8.590991e-01  2.119578e+00 
1.939184e+01  1.318501e+02  2.300755e-01 -1.857342e-01  1.484628e-02  6.572427e+01  1.379332e+02  1.314806e-01 -1.828938e-01  8.273794e-01  2.973843e+00 
2.240349e+01  1.323845e+02  2.293053e-01 -1.844527e-01  8.254409e-02  6.593586e+01  1.382903e+02  1.362078e-01 -1.862437e-01  8.266672e-01  3.224654e+00 
2.665646e+01  1.314750e+02  2.263654e-01 -1.842766e-01  8.706850e-02  6.617048e+01  1.392334e+02  1.410321e-01 -1.857281e-01  8.784644e-01  1.711461e+00 
2.033000e+01  1.312459e+02  2.188997e-01 -1.753113e-01  9.290147e-02  6.578374e+01  1.408480e+02  1.339591e-01 -1.849286e-01  8.975218e-01  9.462856e-01 
2.180744e+01  1.306343e+02  2.173980e-01 -1.820184e-01  1.914972e-01  6.775654e+01  1.373234e+02  1.394606e-01 -1.867492e-01  8.729797e-01  7.116024e-01 
1.939980e+01  1.320269e+02  2.172959e-01 -1.741111e-01  2.568175e-01  6.969433e+01  1.382114e+02  1.385973e-01 -2.011112e-01  8.340839e-01  4.764577e-01 
1.879124e+01  1.298576e+02  2.208732e-01 -1.741520e-01  3.011995e-01  6.906744e+01  1.383872e+02  1.327417e-01 -2.044808e-01  8.473076e-01 -5.037515e-01 
1.034471e+01  1.295910e+02  2.182704e-01 -1.764092e-01  1.697125e-01  7.032368e+01  1.388493e+02  1.400988e-01 -2.045203e-01  8.421334e-01  1.977571e-01 
8.045068e+00  1.292389e+02  2.192627e-01 -1.878553e-01  1.486561e-01  6.931018e+01  1.392471e+02  1.425602e-01 -2.034673e-01  8.164719e-01  1.003912e+00 
8.341758e+00  1.275092e+02  2.222698e-01 -1.814152e-01  1.362868e-01  6.905413e+01  1.410809e+02  1.358645e-01 -1.961088e-01  8.450688e-01  9.419364e-01 
2.065453e+01  1.292420e+02  2.241448e-01 -1.813162e-01  1.060733e-01  6.885981e+01  1.408674e+02  1.290576e-01 -1.968538e-01  8.239131e-01  2.891891e-01 
1.110880e+01  1.276940e+02  2.176310e-01 -1.740375e-01  7.011765e-02  6.856937e+01  1.396726e+02  1.225640e-01 -1.913413e-01  8.854520e-01  6.470242e-01 
1.258413e+01  1.270582e+02  2.135972e-01 -1.774070e-01  6.823898e-02  6.889149e+01  1.379564e+02  1.181725e-01 -1.985859e-01  8.701603e-01  1.060989e+00 
1.114508e+01  1.260463e+02  2.176207e-01 -1.749483e-01  4.790511e-02  6.758074e+01  1.381042e+02  1.218493e-01 -1.947358e-01  8.668775e-01 -3.234517e-01 
1.265737e+01  1.257449e+02  2.144071e-01 -1.698978e-01  6.442303e-02  6.996167e+01  1.399557e+02  1.187427e-01 -1.940780e-01  8.792783e-01  9.719201e-02 
1.137482e+01  1.237074e+02  2.137208e-01 -1.706278e-01  1.351024e-01  7.137055e+01  1.418715e+02  1.248613e-01 -1.967689e-01  8.574417e-01 -2.013287e-01 
9.168290e+00  1.246190e+02  2.099180e-01 -1.752425e-01  1.281282e-01  7.068060e+01  1.410114e+02  1.250120e-01 -1.890684e-01  8.596764e-01  2.318196e-01 
9.399190e+00  1.240995e+02  2.076147e-01 -1.810697e-01  8.968546e-02  7.009979e+01  1.409011e+02  1.253054e-01 -1.949023e-01  8.724400e-01 -3.619083e-02 
9.470297e+00  1.224202e+02  2.149700e-01 -1.798900e-01  1.511292e-01  6.929024e+01  1.404128e+02  1.260233e-01 -1.950234e-01  8.498994e-01 -4.955822e-02 
7.698650e+00  1.240217e+02  2.165939e-01 -1.757537e-01  6.681229e-02  7.042979e+01  1.403134e+02  1.303067e-01 -1.976087e-01  8.236801e-01  7.645843e-01 
6.912088e+00  1.226540e+02  2.178445e-01 -1.601271e-01  2.113990e-02  6.978781e+01  1.380206e+02  1.331094e-01 -1.823745e-01  8.100046e-01  7.690354e-01 
7.948465e+00  1.233783e+02  2.229559e-01 -1.539688e-01  5.400095e-02  6.861310e+01  1.356191e+02  1.311141e-01 -1.838408e-01  7.706014e-01  3.926026e-01 
9.446812e+00  1.235530e+02  2.225429e-01 -1.547348e-01  7.171951e-02  7.016353e+01  1.358062e+02  1.304312e-01 -1.890685e-01  7.572865e-01  1.609582e-01 
8.558196e+00  1.256465e+02  2.220570e-01 -1.486418e-01  8.547910e-02  7.078745e+01  1.351155e+02  1.375304e-01 -1.896028e-01  8.069816e-01  1.675930e+00 
9.918021e+00  1.270140e+02  2.247133e-01 -1.548986e-01  9.361109e-02  7.074549e+01  1.372697e+02  1.376397e-01 -1.851089e-01  8.121200e-01  1.010051e+00 
1.082130e+01  1.277416e+02  2.238621e-01 -1.554827e-01  2.295692e-02  7.200026e+01  1.336172e+02  1.426972e-01 -1.895167e-01  7.570059e-01  1.352409e+00 
8.903873e+00  1.271819e+02  2.218178e-01 -1.560868e-01  2.888969e-02  7.255989e+01  1.339769e+02  1.389150e-01 -1.906535e-01  7.633994e-01  7.816602e-01 
8.107085e+00  1.263532e+02  2.145433e-01 -1.568239e-01  1.615909e-02  7.180733e+01  1.348490e+02  1.458957e-01 -1.978796e-01  7.502002e-01  1.629686e+00 
1.061822e+01  1.263063e+02  2.067050e-01 -1.487449e-01  6.386338e-03  7.065869e+01  1.346931e+02  1.398105e-01 -1.924363e-01  7.946685e-01  1.555541e+00 
1.012199e+01  1.267385e+02  2.138117e-01 -1.529241e-01  7.827386e-02  7.052052e+01  1.340054e+02  1.414049e-01 -1.953470e-01  7.607795e-01  1.832760e+00 
1.282094e+01  1.265637e+02  2.214632e-01 -1.537266e-01  6.324312e-02  6.875390e+01  1.333584e+02  1.437585e-01 -1.976208e-01  7.157825e-01  2.065334e+00 
1.356450e+01  1.246898e+02  2.151258e-01 -1.574513e-01  6.610833e-02  6.806198e+01  1.335502e+02  1.364071e-01 -2.002957e-01  7.163518e-01  1.074239e+00 
7.893018e+00  1.243341e+02  2.127925e-01 -1.481986e-01  2.091406e-02  6.837431e+01  1.330405e+02  1.358762e-01 -1.990664e-01  7.540231e-01  2.247167e-01 
9.364830e+00  1.228900e+02  2.110420e-01 -1.481006e-01  4.126582e-02  6.848506e+01  1.329129e+02  1.312702e-01 -1.947929e-01  7.939971e-01  7.564716e-01 
7.923831e+00  1.246381e+02  2.068580e-01 -1.589858e-01  1.081916e-01  6.969265e+01  1.342767e+02  1.297663e-01 -1.939964e-01  8.064697e-01  2.478148e-01 
9.123241e+00  1.243176e+02  2.008375e-01 -1.646528e-01  1.617477e-01  6.979545e+01  1.362030e+02  1.298136e-01 -1.921046e-01  8.457293e-01 -7.809198e-03 
7.652138e+00  1.270333e+02  1.931485e-01 -1.660024e-01  8.519544e-02  7.094211e+01  1.352844e+02  1.311842e-01 -1.893928e-01  8.658872e-01  8.047270e-01 
1.273976e+01  1.297651e+02  1.937994e-01 -1.704802e-01  5.534275e-02  6.991798e+01  1.367032e+02  1.276593e-01 -1.940259e-01  8.763466e-01  6.330611e-02 
1.802309e+01  1.297134e+02  1.877763e-01 -1.684155e-01  4.857340e-02  7.019576e+01  1.373119e+02  1.293054e-01 -1.894343e-01  8.764777e-01  7.526153e-01 
1.711954e+01  1.298477e+02  1.873419e-01 -1.700339e-01  3.633268e-02  7.051167e+01  1.355512e+02  1.315127e-01 -1.975639e-01  8.927717e-01  5.495269e-01 
