1.862169e+02  1.453040e+02  1.883924e-01 -1.607033e-01  2.400898e-01  9.950344e+01  1.227179e+02  1.594156e-01 -2.224752e-01  8.226673e-01  6.511668e+00 
1.826703e+02  1.466977e+02  1.923436e-01 -1.627811e-01  1.980652e-01  9.979780e+01  1.218444e+02  1.593858e-01 -2.197142e-01  7.980010e-01  6.717672e+00 
1.312248e+02  1.469007e+02  1.914571e-01 -1.725676e-01  2.350632e-01  1.007376e+02  1.237512e+02  1.576678e-01 -2.182797e-01  8.150902e-01  6.709510e+00 
1.249036e+02  1.486750e+02  1.936270e-01 -1.755292e-01  2.472362e-01  1.008566e+02  1.246506e+02  1.603367e-01 -2.169394e-01  8.105793e-01  5.890014e+00 
1.086505e+02  1.489573e+02  1.906202e-01 -1.831597e-01  2.194382e-01  1.016899e+02  1.251947e+02  1.652663e-01 -2.254999e-01  8.404267e-01  5.951341e+00 
9.922914e+01  1.497410e+02  1.852825e-01 -1.822576e-01  1.944099e-01  1.018803e+02  1.268608e+02  1.683529e-01 -2.173728e-01  8.459477e-01  5.085216e+00 
7.468110e+01  1.496653e+02  1.901079e-01 -1.844527e-01  2.634263e-01  1.007747e+02  1.262113e+02  1.707665e-01 -2.153893e-01  8.157305e-01  6.895473e+00 
7.192178e+01  1.498122e+02  1.862471e-01 -1.844156e-01  2.254679e-01  1.007636e+02  1.287713e+02  1.780210e-01 -2.143266e-01  8.474725e-01  6.977852e+00 
4.977340e+01  1.486614e+02  1.766114e-01 -1.810897e-01  1.360946e-01  1.001770e+02  1.271447e+02  1.780834e-01 -2.096796e-01  8.907002e-01  7.930179e+00 
4.063769e+01  1.450250e+02  1.731048e-01 -1.813527e-01  1.328557e-01  1.014224e+02  1.272298e+02  1.665779e-01 -2.057560e-01  8.956043e-01  6.591638e+00 
3.783071e+01  1.467747e+02  1.787499e-01 -1.910938e-01  1.372926e-01  1.031019e+02  1.281204e+02  1.605612e-01 -1.991121e-01  8.629539e-01  5.596253e+00 
4.178440e+01  1.481286e+02  1.799555e-01 -1.970475e-01  1.290875e-01  1.027074e+02  1.308610e+02  1.547148e-01 -1.957868e-01  9.053678e-01  5.879650e+00 
4.117536e+01  1.477720e+02  1.826513e-01 -1.942181e-01  1.326670e-01  1.013736e+02  1.304819e+02  1.534501e-01 -1.952360e-01  9.078384e-01  7.039243e+00 
3.678594e+01  1.479653e+02  1.815874e-01 -1.977601e-01  1.688686e-01  1.004370e+02  1.271321e+02  1.628183e-01 -2.002060e-01  8.982350e-01  7.695786e+00 
3.527338e+01  1.472613e+02  1.712227e-01 -1.992224e-01  2.303487e-01  1.004750e+02  1.255889e+02  1.621231e-01 -2.073250e-01  8.627004e-01  6.419377e+00 
3.579638e+01  1.478724e+02  1.686956e-01 -1.963496e-01  2.077840e-01  9.939561e+01  1.292035e+02  1.624004e-01 -2.064207e-01  8.691183e-01  5.778548e+00 
3.324729e+01  1.453071e+02  1.634007e-01 -1.949376e-01  2.140475e-01  9.763579e+01  1.274972e+02  1.558073e-01 -2.007998e-01  8.279935e-01  7.324188e+00 
2.854529e+01  1.452067e+02  1.701150e-01 -2.006062e-01  1.034526e-01  9.631193e+01  1.271411e+02  1.504431e-01 -1.983601e-01  8.611015e-01  6.393841e+00 
2.254815e+01  1.459737e+02  1.636818e-01 -2.001685e-01  1.242172e-01  9.603829e+01  1.261337e+02  1.434918e-01 -1.976718e-01  9.079190e-01  6.116798e+00 
2.265108e+01  1.469670e+02  1.599234e-01 -2.031567e-01  8.654985e-02  9.676657e+01  1.254511e+02  1.476666e-01 -1.996875e-01  9.220756e-01  5.516441e+00 
1.047642e+01  1.476010e+02  1.621577e-01 -2.037356e-01  8.654898e-03  9.623928e+01  1.218435e+02  1.522675e-01 -1.999393e-01  8.858972e-01  5.321650e+00 
1.103784e+01  1.486043e+02  1.631610e-01 -2.068204e-01  2.315580e-02  9.641692e+01  1.240506e+02  1.523575e-01 -2.084307e-01  8.885473e-01  5.610903e+00 
1.109540e+01  1.488720e+02  1.635289e-01 -2.078998e-01  2.546682e-03  9.677149e+01  1.238323e+02  1.579341e-01 -2.106228e-01  9.135674e-01  6.455618e+00 
1.007046e+01  1.486290e+02  1.579731e-01 -2.132099e-01  3.389550e-02  9.652418e+01  1.228344e+02  1.560405e-01 -2.057395e-01  8.787542e-01  6.435987e+00 
6.858739e+00  1.509812e+02  1.593783e-01 -2.055220e-01  4.294907e-02  9.652740e+01  1.213546e+02  1.576186e-01 -2.089947e-01  9.047196e-01  7.341572e+00 
8.226110e+00  1.518629e+02  1.639932e-01 -2.055810e-01  3.742065e-02  9.608212e+01  1.213131e+02  1.612486e-01 -2.040015e-01  8.952727e-01  6.926771e+00 
1.166748e+01  1.507368e+02  1.569757e-01 -2.090614e-01  2.197266e-02  9.723801e+01  1.213647e+02  1.527827e-01 -2.067897e-01  9.206134e-01  8.335332e+00 
1.092432e+01  1.517663e+02  1.536586e-01 -2.135347e-01  5.640375e-02  9.919446e+01  1.200559e+02  1.560793e-01 -2.122097e-01  8.981804e-01  7.686046e+00 
1.566056e+01  1.519896e+02  1.533725e-01 -2.101777e-01  9.754578e-02  9.797207e+01  1.192942e+02  1.562674e-01 -2.098433e-01  8.742670e-01  7.800906e+00 
1.555008e+01  1.546091e+02  1.561346e-01 -2.153266e-01  8.703190e-02  9.777916e+01  1.210341e+02  1.585344e-01 -2.118521e-01  8.909014e-01  6.722985e+00 
8.785439e+00  1.531186e+02  1.558585e-01 -2.140315e-01  4.485522e-02  9.693903e+01  1.202514e+02  1.519449e-01 -2.168134e-01  9.018486e-01  5.693999e+00 
1.048829e+01  1.538527e+02  1.544432e-01 -2.188944e-01  3.679578e-04  9.697709e+01  1.215839e+02  1.560566e-01 -2.132878e-01  9.107965e-01  6.107356e+00 
1.272708e+01  1.523606e+02  1.536698e-01 -2.153582e-01  2.970059e-02  9.796454e+01  1.199730e+02  1.559417e-01 -2.139766e-01  8.979673e-01  5.401474e+00 
1.323992e+01  1.517955e+02  1.588898e-01 -2.127795e-01  1.235366e-02  9.884580e+01  1.181752e+02  1.593007e-01 -2.145339e-01  8.920481e-01  5.682492e+00 
9.780969e+00  1.497058e+02  1.576632e-01 -2.098037e-01  5.914961e-02  9.859850e+01  1.201376e+02  1.523916e-01 -2.121052e-01  8.770634e-01  5.660801e+00 
1.014412e+01  1.491500e+02  1.552432e-01 -2.074222e-01  5.372043e-02  9.656141e+01  1.201358e+02  1.539696e-01 -2.112557e-01  8.844538e-01  5.834130e+00 
9.062002e+00  1.503744e+02  1.607803e-01 -2.026491e-01  5.116347e-02  9.648046e+01  1.199659e+02  1.611504e-01 -2.053616e-01  8.771696e-01  7.651524e+00 
1.581019e+01  1.504649e+02  1.677588e-01 -1.990473e-01  1.200812e-01  9.602131e+01  1.204724e+02  1.609707e-01 -2.037324e-01  8.708681e-01  9.363648e+00 
1.558636e+01  1.524175e+02  1.562308e-01 -2.032389e-01  1.483949e-01  9.422369e+01  1.196856e+02  1.586458e-01 -2.012181e-01  8.868443e-01  8.019405e+00 
1.233019e+01  1.524733e+02  1.543603e-01 -2.004601e-01  5.698804e-02  9.416452e+01  1.182407e+02  1.526127e-01 -1.994110e-01  9.107942e-01  8.236569e+00 
1.215812e+01  1.530178e+02  1.596109e-01 -2.033530e-01  6.808117e-02  9.614731e+01  1.189119e+02  1.586010e-01 -2.051152e-01  8.870898e-01  6.619419e+00 
1.163319e+01  1.539757e+02  1.607084e-01 -2.037024e-01  1.092355e-01  9.543176e+01  1.191913e+02  1.578964e-01 -2.023719e-01  9.114698e-01  9.213836e+00 
9.089413e+00  1.568146e+02  1.617667e-01 -2.009963e-01  1.359660e-02  9.418180e+01  1.177330e+02  1.595829e-01 -2.056730e-01  9.295500e-01  9.040562e+00 
1.080308e+01  1.539451e+02  1.564366e-01 -2.110132e-01  3.455555e-02  9.484752e+01  1.165304e+02  1.552809e-01 -2.157100e-01  8.985974e-01  7.385204e+00 
1.657029e+01  1.551756e+02  1.604731e-01 -2.150324e-01  7.493662e-03  9.480951e+01  1.133962e+02  1.563469e-01 -2.096243e-01  8.512581e-01  6.351661e+00 
1.336089e+01  1.570982e+02  1.608236e-01 -2.170452e-01  6.804052e-03  9.329808e+01  1.134209e+02  1.512013e-01 -2.141643e-01  9.031869e-01  6.787875e+00 
1.405108e+01  1.581243e+02  1.561272e-01 -2.128900e-01  2.718873e-02  9.288761e+01  1.130454e+02  1.546213e-01 -2.104618e-01  8.998033e-01  7.639711e+00 
1.498628e+01  1.580321e+02  1.563110e-01 -2.094348e-01  2.145036e-02  9.334218e+01  1.145568e+02  1.578258e-01 -2.110727e-01  9.108418e-01  8.726692e+00 
1.205869e+01  1.593140e+02  1.573697e-01 -2.132402e-01  3.923571e-02  9.413783e+01  1.135527e+02  1.543543e-01 -2.105801e-01  9.242422e-01  7.959542e+00 
1.308570e+01  1.598835e+02  1.624311e-01 -2.102329e-01  4.830714e-03  9.260093e+01  1.140650e+02  1.609766e-01 -2.024592e-01  9.257249e-01  8.748095e+00 
1.468624e+01  1.579820e+02  1.645630e-01 -2.106720e-01  4.466130e-02  9.256830e+01  1.146467e+02  1.683419e-01 -2.089620e-01  8.902268e-01  7.602691e+00 
1.197167e+01  1.581230e+02  1.671901e-01 -2.122370e-01  1.027390e-02  9.299595e+01  1.166044e+02  1.688140e-01 -2.086176e-01  8.900239e-01  8.151977e+00 
1.214386e+01  1.573431e+02  1.687196e-01 -2.148283e-01  1.928236e-02  9.275674e+01  1.171715e+02  1.651415e-01 -2.127130e-01  9.132281e-01  9.973372e+00 
1.050461e+01  1.597780e+02  1.620818e-01 -2.155407e-01  9.515726e-02  9.376993e+01  1.161066e+02  1.624781e-01 -2.150606e-01  9.074042e-01  8.477297e+00 
1.284093e+01  1.592220e+02  1.588121e-01 -2.201206e-01  1.295983e-02  9.317856e+01  1.158088e+02  1.591800e-01 -2.156518e-01  9.253451e-01  9.566942e+00 
1.848274e+01  1.601244e+02  1.637142e-01 -2.168793e-01  2.139123e-02  9.338566e+01  1.159064e+02  1.649996e-01 -2.173172e-01  9.359848e-01  9.428505e+00 
1.327771e+01  1.586636e+02  1.601037e-01 -2.246644e-01  6.801958e-02  9.285639e+01  1.169147e+02  1.618648e-01 -2.187032e-01  8.905199e-01  8.674277e+00 
1.188650e+01  1.575746e+02  1.611204e-01 -2.282237e-01  7.563154e-04  9.370253e+01  1.207433e+02  1.584933e-01 -2.166832e-01  9.163371e-01  8.130518e+00 
1.030855e+01  1.543575e+02  1.605564e-01 -2.283721e-01  2.137426e-02  9.377335e+01  1.208273e+02  1.556227e-01 -2.238534e-01  8.990074e-01  7.422594e+00 
8.190360e+00  1.545888e+02  1.584331e-01 -2.276008e-01  3.539732e-02  9.282689e+01  1.233681e+02  1.519200e-01 -2.286486e-01  9.162399e-01  6.334907e+00 
9.237355e+00  1.550579e+02  1.555275e-01 -2.344815e-01  4.136231e-03  9.191679e+01  1.211151e+02  1.568727e-01 -2.285779e-01  8.846929e-01  5.474288e+00 
8.148124e+00  1.538343e+02  1.535056e-01 -2.320924e-01  5.330086e-02  9.331243e+01  1.237121e+02  1.537063e-01 -2.293023e-01  8.911927e-01  5.506536e+00 
9.218628e+00  1.555310e+02  1.501272e-01 -2.303062e-01  5.808985e-02  9.364462e+01  1.257135e+02  1.500423e-01 -2.314472e-01  9.208607e-01  5.561915e+00 
9.030043e+00  1.552958e+02  1.557060e-01 -2.398423e-01  2.507417e-02  9.413718e+01  1.251449e+02  1.547826e-01 -2.346254e-01  9.177392e-01  6.574265e+00 
8.871067e+00  1.562620e+02  1.590800e-01 -2.369516e-01  2.301767e-02  9.573203e+01  1.229298e+02  1.562690e-01 -2.308944e-01  9.120593e-01  6.742800e+00 
8.581671e+00  1.562766e+02  1.551261e-01 -2.318193e-01  6.386260e-02  9.647513e+01  1.245842e+02  1.571809e-01 -2.312120e-01  9.032530e-01  7.021691e+00 
9.251504e+00  1.558570e+02  1.606639e-01 -2.298293e-01  7.077346e-02  9.331431e+01  1.243503e+02  1.655928e-01 -2.268742e-01  8.896687e-01  7.119764e+00 
5.649318e+00  1.560935e+02  1.667650e-01 -2.256174e-01  6.986766e-02  9.393332e+01  1.244899e+02  1.669001e-01 -2.278496e-01  9.009214e-01  7.756738e+00 
8.258148e+00  1.573979e+02  1.615698e-01 -2.330263e-01  3.772118e-02  9.397405e+01  1.231958e+02  1.668673e-01 -2.290073e-01  9.051570e-01  8.390608e+00 
8.097598e+00  1.566932e+02  1.640131e-01 -2.362152e-01  1.405439e-01  9.340200e+01  1.257096e+02  1.637198e-01 -2.339797e-01  8.776600e-01  7.851232e+00 
8.290464e+00  1.560456e+02  1.625527e-01 -2.334781e-01  1.157797e-01  9.474663e+01  1.235772e+02  1.607123e-01 -2.333299e-01  8.853515e-01  7.853503e+00 
1.011927e+01  1.551576e+02  1.657066e-01 -2.379640e-01  4.371984e-02  9.486167e+01  1.231152e+02  1.624358e-01 -2.350286e-01  8.829416e-01  7.974694e+00 
7.065927e+00  1.535797e+02  1.702647e-01 -2.288249e-01  6.863986e-02  9.417557e+01  1.243347e+02  1.635394e-01 -2.311521e-01  8.770046e-01  6.682801e+00 
6.945380e+00  1.544037e+02  1.630820e-01 -2.313755e-01  3.687924e-02  9.449690e+01  1.247299e+02  1.616894e-01 -2.348751e-01  9.060217e-01  7.461120e+00 
1.021675e+01  1.553529e+02  1.560950e-01 -2.252293e-01  4.237059e-02  9.302592e+01  1.260841e+02  1.557266e-01 -2.344008e-01  9.315578e-01  6.939530e+00 
1.179852e+01  1.546838e+02  1.513027e-01 -2.289843e-01  4.335947e-02  9.233886e+01  1.277856e+02  1.508203e-01 -2.382663e-01  9.344156e-01  6.416766e+00 
7.562712e+00  1.551820e+02  1.580841e-01 -2.304494e-01  1.116898e-01  9.333632e+01  1.288024e+02  1.554324e-01 -2.290408e-01  9.156209e-01  7.854718e+00 
1.529782e+01  1.562404e+02  1.571124e-01 -2.281806e-01  1.024468e-01  9.385902e+01  1.306778e+02  1.558252e-01 -2.335736e-01  9.216075e-01  7.276386e+00 
1.508661e+01  1.565263e+02  1.564686e-01 -2.317816e-01  1.290548e-01  9.533939e+01  1.315230e+02  1.547394e-01 -2.428893e-01  9.404386e-01  6.783440e+00 
9.771757e+00  1.560117e+02  1.579491e-01 -2.292075e-01  2.212395e-01  9.409549e+01  1.311161e+02  1.555284e-01 -2.315426e-01  9.148404e-01  6.715863e+00 
1.042119e+01  1.573223e+02  1.571294e-01 -2.254099e-01  2.617676e-01  9.319885e+01  1.336202e+02  1.551427e-01 -2.281307e-01  9.224777e-01  7.969690e+00 
9.532111e+00  1.586741e+02  1.607895e-01 -2.254785e-01  2.415633e-01  9.141299e+01  1.349439e+02  1.565372e-01 -2.286654e-01  9.456237e-01  8.487563e+00 
1.174633e+01  1.554367e+02  1.551882e-01 -2.256380e-01  3.050707e-01  9.284726e+01  1.361560e+02  1.553927e-01 -2.293480e-01  9.176970e-01  8.854774e+00 
1.163035e+01  1.538238e+02  1.642816e-01 -2.242911e-01  2.950324e-01  9.479797e+01  1.378946e+02  1.565264e-01 -2.340279e-01  9.263294e-01  8.805180e+00 
1.547579e+01  1.529898e+02  1.657767e-01 -2.284233e-01  1.895502e-01  9.304012e+01  1.387363e+02  1.599196e-01 -2.319627e-01  9.231349e-01  6.314765e+00 
1.533192e+01  1.528912e+02  1.620094e-01 -2.294194e-01  1.971349e-01  9.140197e+01  1.414771e+02  1.622089e-01 -2.362525e-01  9.277405e-01  7.880453e+00 
1.579026e+01  1.508039e+02  1.586470e-01 -2.287118e-01  1.903185e-01  9.137367e+01  1.411016e+02  1.612085e-01 -2.409567e-01  9.311407e-01  8.485296e+00 
1.725705e+01  1.516563e+02  1.657277e-01 -2.339529e-01  2.242819e-01  9.277804e+01  1.419414e+02  1.648239e-01 -2.283571e-01  9.212570e-01  1.045309e+01 
1.223101e+01  1.486567e+02  1.608598e-01 -2.356139e-01  1.905139e-01  9.336572e+01  1.412207e+02  1.682489e-01 -2.348749e-01  9.024895e-01  9.098486e+00 
1.528334e+01  1.455415e+02  1.667668e-01 -2.287006e-01  2.567046e-01  9.150199e+01  1.419081e+02  1.603066e-01 -2.389347e-01  9.113948e-01  7.958669e+00 
1.704477e+01  1.451793e+02  1.664000e-01 -2.278110e-01  3.185033e-01  9.049483e+01  1.438666e+02  1.674342e-01 -2.429905e-01  8.907746e-01  6.230055e+00 
1.369799e+01  1.451157e+02  1.654781e-01 -2.345472e-01  2.496088e-01  9.163870e+01  1.433943e+02  1.649227e-01 -2.448120e-01  9.048766e-01  6.381494e+00 
1.271743e+01  1.439114e+02  1.695385e-01 -2.294203e-01  2.569074e-01  9.146060e+01  1.423849e+02  1.599235e-01 -2.403384e-01  8.861707e-01  5.680573e+00 
1.705581e+01  1.462430e+02  1.603978e-01 -2.317461e-01  1.987287e-01  9.277396e+01  1.396861e+02  1.555197e-01 -2.336311e-01  8.782226e-01  5.817083e+00 
1.302845e+01  1.475752e+02  1.608770e-01 -2.326008e-01  1.769248e-01  9.318399e+01  1.398097e+02  1.641716e-01 -2.341885e-01  8.856418e-01  6.923887e+00 
1.893950e+01  1.480045e+02  1.647159e-01 -2.402703e-01  1.558223e-01  9.418680e+01  1.382842e+02  1.588628e-01 -2.345955e-01  8.656760e-01  5.160671e+00 
1.287597e+01  1.483182e+02  1.652020e-01 -2.415876e-01  1.048762e-01  9.414928e+01  1.384868e+02  1.613593e-01 -2.360694e-01  8.854906e-01  6.137566e+00 
9.483724e+00  1.472844e+02  1.614225e-01 -2.409979e-01  4.809061e-02  9.394086e+01  1.355677e+02  1.646035e-01 -2.417682e-01  8.691606e-01  5.071652e+00 
9.072993e+00  1.480806e+02  1.633480e-01 -2.365094e-01  3.207699e-02  9.317282e+01  1.318679e+02  1.654886e-01 -2.356722e-01  8.940089e-01  5.936326e+00 
5.432562e+00  1.500590e+02  1.665891e-01 -2.401151e-01  8.980828e-02  9.423458e+01  1.323023e+02  1.668676e-01 -2.387923e-01  8.618985e-01  6.690872e+00 
6.196933e+00  1.491826e+02  1.610573e-01 -2.453204e-01  5.509189e-02  9.275459e+01  1.342613e+02  1.644926e-01 -2.422931e-01  8.868048e-01  5.790767e+00 
7.372904e+00  1.497855e+02  1.568639e-01 -2.438805e-01  1.533676e-02  9.222713e+01  1.339213e+02  1.589567e-01 -2.458986e-01  9.016648e-01  5.463382e+00 
7.035241e+00  1.491476e+02  1.511076e-01 -2.449086e-01  1.191409e-01  9.194222e+01  1.341258e+02  1.570273e-01 -2.466767e-01  8.914692e-01  5.709720e+00 
9.388022e+00  1.517307e+02  1.522231e-01 -2.466681e-01  1.269196e-01  9.035384e+01  1.340258e+02  1.589494e-01 -2.440297e-01  8.914577e-01  6.367446e+00 
9.646411e+00  1.507776e+02  1.533848e-01 -2.432167e-01  1.967668e-01  9.194657e+01  1.327792e+02  1.580186e-01 -2.399982e-01  8.865692e-01  7.091232e+00 
1.042597e+01  1.516760e+02  1.533168e-01 -2.408646e-01  1.177676e-01  9.076658e+01  1.355282e+02  1.593922e-01 -2.346376e-01  9.105923e-01  6.401581e+00 
1.224006e+01  1.525351e+02  1.563013e-01 -2.363471e-01  9.513150e-02  9.096195e+01  1.361319e+02  1.610926e-01 -2.371996e-01  9.160039e-01  6.421876e+00 
1.035110e+01  1.525998e+02  1.567778e-01 -2.363018e-01  1.044795e-02  9.312496e+01  1.362871e+02  1.560360e-01 -2.305618e-01  9.399353e-01  6.811526e+00 
9.924154e+00  1.507152e+02  1.518608e-01 -2.336982e-01  4.479940e-02  9.354925e+01  1.365358e+02  1.534759e-01 -2.361133e-01  9.443378e-01  7.358223e+00 
1.172739e+01  1.485460e+02  1.504322e-01 -2.405718e-01  1.807841e-02  9.310823e+01  1.374212e+02  1.568980e-01 -2.340943e-01  9.262722e-01  7.926210e+00 
9.145271e+00  1.468095e+02  1.497023e-01 -2.407946e-01  5.113839e-02  9.316917e+01  1.376169e+02  1.502851e-01 -2.383565e-01  9.267123e-01  5.684509e+00 
6.212698e+00  1.467381e+02  1.583630e-01 -2.441769e-01  9.555279e-02  9.366508e+01  1.375846e+02  1.564759e-01 -2.411717e-01  8.900251e-01  5.314521e+00 
6.146444e+00  1.454388e+02  1.567006e-01 -2.415300e-01  9.824446e-02  9.231258e+01  1.371202e+02  1.557848e-01 -2.445725e-01  8.949479e-01  5.569229e+00 
5.886415e+00  1.426675e+02  1.548825e-01 -2.431644e-01  1.196505e-01  9.299026e+01  1.374277e+02  1.556793e-01 -2.464002e-01  8.660824e-01  4.243299e+00 
1.123547e+01  1.412955e+02  1.562731e-01 -2.457610e-01  5.091415e-02  9.355033e+01  1.384482e+02  1.591152e-01 -2.512693e-01  8.817196e-01  5.545796e+00 
1.324325e+01  1.404301e+02  1.638919e-01 -2.469029e-01  1.048622e-02  9.397302e+01  1.368550e+02  1.639528e-01 -2.509562e-01  7.744833e-01  3.138191e+00 
9.024586e+00  1.384968e+02  1.605577e-01 -2.465662e-01  5.107157e-02  9.295140e+01  1.389891e+02  1.607360e-01 -2.501678e-01  8.092720e-01  3.294091e+00 
8.883593e+00  1.397207e+02  1.589832e-01 -2.529093e-01  5.894838e-02  9.169753e+01  1.403104e+02  1.619486e-01 -2.546282e-01  8.363421e-01  4.593018e+00 
9.528989e+00  1.405749e+02  1.575286e-01 -2.518777e-01  3.848414e-02  8.970335e+01  1.393044e+02  1.635034e-01 -2.541206e-01  8.352776e-01  3.742923e+00 
1.193844e+01  1.415377e+02  1.559139e-01 -2.541996e-01  1.080381e-01  8.924240e+01  1.398921e+02  1.580364e-01 -2.601566e-01  8.291001e-01  3.672908e+00 
1.373405e+01  1.406225e+02  1.560171e-01 -2.573053e-01  1.723673e-01  8.726359e+01  1.406713e+02  1.533735e-01 -2.534345e-01  8.128794e-01  3.360343e+00 
9.950799e+00  1.416014e+02  1.578980e-01 -2.537817e-01  1.232885e-01  8.723311e+01  1.415426e+02  1.561661e-01 -2.591466e-01  8.636194e-01  3.010359e+00 
9.143074e+00  1.410211e+02  1.570876e-01 -2.520763e-01  1.657947e-01  8.779269e+01  1.423486e+02  1.614323e-01 -2.531732e-01  8.385105e-01  3.283627e+00 
8.797018e+00  1.392409e+02  1.595857e-01 -2.535339e-01  1.168775e-01  8.902788e+01  1.400783e+02  1.594937e-01 -2.559325e-01  8.349258e-01  3.287634e+00 
1.519689e+01  1.389658e+02  1.642987e-01 -2.589967e-01  1.005462e-01  8.940467e+01  1.394313e+02  1.627185e-01 -2.493207e-01  8.119607e-01  3.147248e+00 
1.300313e+01  1.403265e+02  1.676102e-01 -2.543353e-01  9.436631e-02  9.004299e+01  1.412007e+02  1.609702e-01 -2.456012e-01  8.671250e-01  4.448124e+00 
1.112164e+01  1.409798e+02  1.630118e-01 -2.547926e-01  6.037978e-02  9.026622e+01  1.393827e+02  1.575703e-01 -2.570337e-01  8.466438e-01  4.397314e+00 
1.138521e+01  1.405278e+02  1.703379e-01 -2.540871e-01  4.400106e-02  8.937269e+01  1.417190e+02  1.649239e-01 -2.576046e-01  8.563801e-01  4.959451e+00 
1.021870e+01  1.403470e+02  1.746089e-01 -2.563839e-01  4.105779e-02  8.925899e+01  1.418480e+02  1.719551e-01 -2.509090e-01  8.112740e-01  4.795120e+00 
1.049330e+01  1.391540e+02  1.749541e-01 -2.565973e-01  9.318908e-02  8.771895e+01  1.420153e+02  1.728434e-01 -2.491443e-01  8.116096e-01  5.446815e+00 
1.159454e+01  1.379631e+02  1.734451e-01 -2.535916e-01  1.615556e-01  8.928587e+01  1.420874e+02  1.698080e-01 -2.468441e-01  7.913771e-01  4.730348e+00 
1.337373e+01  1.378294e+02  1.724007e-01 -2.430089e-01  1.191184e-01  8.961407e+01  1.419891e+02  1.750342e-01 -2.339442e-01  7.845934e-01  5.578622e+00 
1.482651e+01  1.374407e+02  1.796757e-01 -2.359107e-01  1.011750e-01  8.865224e+01  1.395027e+02  1.717897e-01 -2.370499e-01  7.966447e-01  6.729443e+00 
1.694990e+01  1.397739e+02  1.808020e-01 -2.301610e-01  1.297145e-01  9.022974e+01  1.394582e+02  1.671820e-01 -2.346047e-01  8.514522e-01  6.964066e+00 
1.273347e+01  1.399864e+02  1.756967e-01 -2.302049e-01  9.637957e-02  8.949878e+01  1.382115e+02  1.652899e-01 -2.325338e-01  8.688613e-01  6.349982e+00 
1.123618e+01  1.402587e+02  1.744998e-01 -2.332324e-01  1.331338e-02  9.277462e+01  1.379378e+02  1.666940e-01 -2.367322e-01  8.639823e-01  6.470605e+00 
7.920354e+00  1.386820e+02  1.668568e-01 -2.318963e-01  4.927935e-02  9.128322e+01  1.365811e+02  1.707652e-01 -2.339907e-01  8.034725e-01  5.823243e+00 
7.748529e+00  1.388786e+02  1.729957e-01 -2.293160e-01  5.329732e-02  9.151167e+01  1.374092e+02  1.722592e-01 -2.279458e-01  8.434395e-01  5.840114e+00 
8.832986e+00  1.380396e+02  1.717656e-01 -2.310239e-01  1.215635e-01  9.126280e+01  1.376645e+02  1.686888e-01 -2.269084e-01  7.841112e-01  5.007617e+00 
7.786059e+00  1.384488e+02  1.669521e-01 -2.317892e-01  1.178095e-01  9.136723e+01  1.385163e+02  1.692443e-01 -2.381908e-01  8.266477e-01  4.929877e+00 
9.160940e+00  1.395412e+02  1.688537e-01 -2.315760e-01  1.982799e-01  9.219875e+01  1.402972e+02  1.716904e-01 -2.372965e-01  7.989641e-01  5.648268e+00 
4.769215e+00  1.410697e+02  1.652285e-01 -2.374974e-01  1.809153e-01  9.293061e+01  1.416251e+02  1.636663e-01 -2.340501e-01  8.615074e-01  6.287738e+00 
5.017341e+00  1.417087e+02  1.569736e-01 -2.335526e-01  1.470881e-01  9.276396e+01  1.392365e+02  1.614285e-01 -2.317661e-01  8.819289e-01  5.953586e+00 
4.743762e+00  1.398895e+02  1.573031e-01 -2.330473e-01  1.859989e-01  9.111839e+01  1.395626e+02  1.607546e-01 -2.301597e-01  8.632519e-01  5.904958e+00 
5.449241e+00  1.408440e+02  1.644480e-01 -2.281974e-01  2.061606e-01  9.140067e+01  1.398902e+02  1.588522e-01 -2.331633e-01  8.702395e-01  5.331169e+00 
5.869484e+00  1.405948e+02  1.540931e-01 -2.286253e-01  1.539510e-01  9.084260e+01  1.407905e+02  1.567296e-01 -2.306160e-01  9.007114e-01  6.694881e+00 
4.905660e+00  1.418830e+02  1.559884e-01 -2.262063e-01  1.964194e-01  9.309557e+01  1.402933e+02  1.570020e-01 -2.309682e-01  8.987655e-01  6.205279e+00 
4.955230e+00  1.398738e+02  1.586107e-01 -2.272789e-01  1.826794e-01  9.207494e+01  1.398199e+02  1.638919e-01 -2.264734e-01  8.663528e-01  6.639747e+00 
6.459377e+00  1.407088e+02  1.633229e-01 -2.232228e-01  1.544211e-01  9.278064e+01  1.385116e+02  1.692003e-01 -2.257561e-01  8.739914e-01  7.354930e+00 
9.069604e+00  1.373058e+02  1.688771e-01 -2.292330e-01  1.578103e-01  9.210045e+01  1.404866e+02  1.705865e-01 -2.256989e-01  8.615074e-01  7.512306e+00 
7.140787e+00  1.364075e+02  1.671183e-01 -2.246803e-01  1.649164e-01  9.369148e+01  1.401405e+02  1.664841e-01 -2.262688e-01  8.581663e-01  7.621329e+00 
7.284468e+00  1.375357e+02  1.753282e-01 -2.301427e-01  1.142725e-01  9.464314e+01  1.428064e+02  1.719985e-01 -2.288280e-01  8.587587e-01  7.045250e+00 
1.451645e+01  1.385534e+02  1.732828e-01 -2.189436e-01  1.635817e-01  9.599742e+01  1.396219e+02  1.792115e-01 -2.310124e-01  8.267808e-01  8.255973e+00 
9.649205e+00  1.378647e+02  1.731589e-01 -2.204006e-01  1.450152e-01  9.694607e+01  1.381164e+02  1.745023e-01 -2.277367e-01  7.927890e-01  6.963228e+00 
1.104995e+01  1.395606e+02  1.723472e-01 -2.227128e-01  1.518764e-01  9.781134e+01  1.380369e+02  1.774785e-01 -2.235789e-01  7.935450e-01  7.363269e+00 
8.465114e+00  1.402974e+02  1.727284e-01 -2.185064e-01  4.274705e-02  9.685990e+01  1.363717e+02  1.728238e-01 -2.195393e-01  8.395562e-01  7.302070e+00 
1.016722e+01  1.415110e+02  1.761431e-01 -2.239816e-01  5.638145e-02  9.617094e+01  1.354373e+02  1.731089e-01 -2.161853e-01  8.317164e-01  7.271626e+00 
9.766242e+00  1.407353e+02  1.810913e-01 -2.157711e-01  9.680971e-02  9.510995e+01  1.350320e+02  1.747497e-01 -2.185301e-01  8.240746e-01  6.663187e+00 
1.158118e+01  1.411660e+02  1.780165e-01 -2.184963e-01  1.599724e-01  9.708461e+01  1.350576e+02  1.749410e-01 -2.149517e-01  8.045685e-01  8.254642e+00 
1.002205e+01  1.402785e+02  1.779722e-01 -2.128600e-01  1.810760e-01  9.677944e+01  1.368939e+02  1.750018e-01 -2.160679e-01  8.349355e-01  7.486996e+00 
7.391368e+00  1.390011e+02  1.720225e-01 -2.164923e-01  1.174289e-01  9.672309e+01  1.371557e+02  1.749925e-01 -2.156827e-01  8.375949e-01  8.370549e+00 
7.476567e+00  1.396745e+02  1.742929e-01 -2.100852e-01  1.436166e-01  9.626781e+01  1.362060e+02  1.720684e-01 -2.135324e-01  8.453547e-01  8.530364e+00 
1.298641e+01  1.382081e+02  1.755796e-01 -2.079321e-01  1.560024e-01  9.601218e+01  1.379000e+02  1.735798e-01 -2.164258e-01  8.671167e-01  7.749386e+00 
1.356544e+01  1.356456e+02  1.728901e-01 -2.119994e-01  1.278710e-01  9.582478e+01  1.380167e+02  1.696080e-01 -2.167717e-01  8.686538e-01  7.375307e+00 
1.137118e+01  1.367861e+02  1.784293e-01 -2.139555e-01  1.505194e-01  9.596455e+01  1.397531e+02  1.675969e-01 -2.209310e-01  8.501201e-01  7.171046e+00 
1.551229e+01  1.359668e+02  1.731095e-01 -2.124110e-01  1.066539e-01  9.610495e+01  1.392253e+02  1.661179e-01 -2.149597e-01  8.618706e-01  4.447857e+00 
1.081444e+01  1.369448e+02  1.761089e-01 -2.123631e-01  1.160182e-01  9.477509e+01  1.379555e+02  1.638878e-01 -2.166738e-01  8.433174e-01  5.367951e+00 
9.849854e+00  1.356760e+02  1.779468e-01 -2.131446e-01  1.445438e-01  9.219171e+01  1.375593e+02  1.683871e-01 -2.148275e-01  8.037757e-01  6.052213e+00 
9.756426e+00  1.374239e+02  1.748612e-01 -2.201227e-01  1.134833e-01  9.275439e+01  1.372849e+02  1.691857e-01 -2.160435e-01  8.341373e-01  5.577886e+00 
8.916459e+00  1.380480e+02  1.757911e-01 -2.231123e-01  4.532770e-02  9.195211e+01  1.372697e+02  1.753385e-01 -2.229551e-01  8.038066e-01  5.427407e+00 
1.620091e+01  1.388876e+02  1.802047e-01 -2.258826e-01  5.896529e-02  9.069493e+01  1.389565e+02  1.744189e-01 -2.220034e-01  8.053262e-01  4.692066e+00 
1.206608e+01  1.380260e+02  1.695362e-01 -2.274148e-01  1.253469e-01  8.936801e+01  1.391744e+02  1.755599e-01 -2.297041e-01  7.864612e-01  6.317062e+00 
9.293458e+00  1.366328e+02  1.677611e-01 -2.252787e-01  3.293313e-02  9.050963e+01  1.397743e+02  1.686969e-01 -2.334929e-01  8.477901e-01  5.533651e+00 
1.350745e+01  1.364519e+02  1.702954e-01 -2.207125e-01  1.096857e-01  9.202632e+01  1.395965e+02  1.685861e-01 -2.348598e-01  8.314447e-01  4.827490e+00 
1.201324e+01  1.366339e+02  1.722338e-01 -2.192740e-01  6.558375e-02  9.208373e+01  1.378962e+02  1.690718e-01 -2.270662e-01  8.009018e-01  5.558213e+00 
1.543510e+01  1.368387e+02  1.721570e-01 -2.180228e-01  7.826926e-02  9.279473e+01  1.368584e+02  1.626015e-01 -2.243719e-01  8.718895e-01  6.754382e+00 
9.693346e+00  1.367453e+02  1.664443e-01 -2.182752e-01  1.048449e-01  9.298832e+01  1.366092e+02  1.687950e-01 -2.184541e-01  7.927477e-01  6.015220e+00 
1.014815e+01  1.331321e+02  1.692419e-01 -2.183233e-01  1.475957e-01  9.407164e+01  1.375171e+02  1.650781e-01 -2.223936e-01  7.955264e-01  6.105056e+00 
9.952258e+00  1.334027e+02  1.601063e-01 -2.129995e-01  1.590069e-01  9.435030e+01  1.395599e+02  1.648509e-01 -2.231851e-01  8.418834e-01  6.817078e+00 
5.504011e+00  1.344405e+02  1.596255e-01 -2.163453e-01  1.840021e-01  9.375700e+01  1.418442e+02  1.629039e-01 -2.204218e-01  8.749380e-01  6.315149e+00 
5.766541e+00  1.337651e+02  1.557815e-01 -2.187524e-01  1.946441e-01  9.342548e+01  1.414740e+02  1.606675e-01 -2.222003e-01  8.492220e-01  6.256916e+00 
5.333962e+00  1.345669e+02  1.545006e-01 -2.198211e-01  1.415448e-01  9.211684e+01  1.414888e+02  1.603767e-01 -2.221519e-01  8.719423e-01  5.741750e+00 
5.514339e+00  1.347444e+02  1.548122e-01 -2.167543e-01  2.254709e-01  9.147147e+01  1.435618e+02  1.583160e-01 -2.134740e-01  8.740931e-01  6.509763e+00 
8.083555e+00  1.332367e+02  1.568381e-01 -2.188415e-01  2.505851e-01  9.147342e+01  1.414250e+02  1.554642e-01 -2.124127e-01  8.631783e-01  6.750135e+00 
7.864724e+00  1.321551e+02  1.570371e-01 -2.128556e-01  2.998294e-01  9.240986e+01  1.423941e+02  1.578327e-01 -2.133793e-01  8.680344e-01  6.877007e+00 
8.204392e+00  1.339044e+02  1.550284e-01 -2.140907e-01  2.496221e-01  9.285678e+01  1.411555e+02  1.546956e-01 -2.094811e-01  8.484842e-01  5.577938e+00 
4.553404e+00  1.336221e+02  1.558258e-01 -2.117715e-01  2.455790e-01  9.240175e+01  1.436291e+02  1.594412e-01 -2.132369e-01  8.696606e-01  6.643376e+00 
4.815640e+00  1.338960e+02  1.569277e-01 -2.140165e-01  2.549551e-01  9.145715e+01  1.431998e+02  1.597167e-01 -2.122458e-01  8.651687e-01  6.887979e+00 
7.645193e+00  1.361668e+02  1.608327e-01 -2.199157e-01  2.956906e-01  9.153968e+01  1.437837e+02  1.616587e-01 -2.131004e-01  8.753074e-01  7.880272e+00 
6.890047e+00  1.349441e+02  1.624527e-01 -2.131351e-01  2.533900e-01  9.055978e+01  1.431327e+02  1.649521e-01 -2.143541e-01  8.800474e-01  8.080082e+00 
1.132244e+01  1.347383e+02  1.678852e-01 -2.104245e-01  1.782898e-01  9.172385e+01  1.424129e+02  1.630065e-01 -2.137287e-01  8.542250e-01  7.000964e+00 
7.108164e+00  1.342160e+02  1.635492e-01 -2.212763e-01  2.490333e-01  9.081169e+01  1.432148e+02  1.656597e-01 -2.232119e-01  8.405123e-01  7.237829e+00 
1.018837e+01  1.327343e+02  1.634369e-01 -2.202469e-01  2.778818e-01  9.133114e+01  1.430737e+02  1.622538e-01 -2.161487e-01  8.516903e-01  7.819022e+00 
5.813712e+00  1.302005e+02  1.623689e-01 -2.143426e-01  2.137321e-01  9.199152e+01  1.447839e+02  1.595702e-01 -2.161248e-01  8.667268e-01  7.001907e+00 
5.905968e+00  1.310139e+02  1.627666e-01 -2.134055e-01  1.807373e-01  9.119497e+01  1.426585e+02  1.651631e-01 -2.105369e-01  8.604794e-01  6.412729e+00 
7.562941e+00  1.315785e+02  1.600559e-01 -2.061611e-01  1.013258e-01  9.223490e+01  1.412536e+02  1.606348e-01 -2.078396e-01  8.834513e-01  7.874850e+00 
9.177571e+00  1.293484e+02  1.556463e-01 -2.041415e-01  1.010898e-01  9.165866e+01  1.400543e+02  1.640961e-01 -2.014930e-01  8.687971e-01  7.475212e+00 
7.671955e+00  1.306519e+02  1.651575e-01 -2.126528e-01  1.345771e-01  9.315143e+01  1.409910e+02  1.691034e-01 -2.075728e-01  8.431817e-01  7.021920e+00 
5.340465e+00  1.303452e+02  1.653742e-01 -2.155349e-01  1.999897e-01  9.505279e+01  1.422894e+02  1.646305e-01 -2.112677e-01  8.320989e-01  6.256279e+00 
6.332095e+00  1.293721e+02  1.703483e-01 -2.103855e-01  1.698237e-01  9.478169e+01  1.425752e+02  1.660413e-01 -2.055987e-01  8.370672e-01  6.451496e+00 
7.056474e+00  1.296180e+02  1.655340e-01 -2.087316e-01  1.110180e-01  9.545804e+01  1.418629e+02  1.714512e-01 -2.100459e-01  8.313469e-01  6.389049e+00 
6.356612e+00  1.308020e+02  1.650473e-01 -2.132301e-01  9.524782e-02  9.583922e+01  1.390070e+02  1.662882e-01 -2.092565e-01  8.367613e-01  7.074295e+00 
5.352338e+00  1.298685e+02  1.636258e-01 -1.991394e-01  8.786274e-02  9.560733e+01  1.411184e+02  1.637617e-01 -1.987547e-01  8.775910e-01  7.015733e+00 
1.245075e+01  1.297836e+02  1.604180e-01 -2.000079e-01  7.850402e-02  9.617800e+01  1.421305e+02  1.627145e-01 -1.925250e-01  8.555709e-01  6.684579e+00 
9.997428e+00  1.322255e+02  1.638082e-01 -2.017106e-01  8.861345e-02  9.683558e+01  1.411446e+02  1.640458e-01 -1.938625e-01  8.756810e-01  6.552870e+00 
9.805316e+00  1.339605e+02  1.624790e-01 -1.953458e-01  5.133398e-02  9.653970e+01  1.405660e+02  1.593275e-01 -1.891157e-01  8.971768e-01  7.993155e+00 
1.051041e+01  1.334002e+02  1.635620e-01 -1.887207e-01  9.463388e-02  9.539595e+01  1.409948e+02  1.616509e-01 -1.942533e-01  9.016253e-01  9.078331e+00 
7.731571e+00  1.336313e+02  1.670445e-01 -1.900934e-01  1.561234e-01  9.496000e+01  1.389175e+02  1.637739e-01 -1.904900e-01  8.864257e-01  9.240887e+00 
8.714866e+00  1.364824e+02  1.668935e-01 -1.962257e-01  1.488693e-01  9.305127e+01  1.414830e+02  1.613478e-01 -1.999842e-01  9.068321e-01  8.445328e+00 
8.109214e+00  1.364647e+02  1.621545e-01 -1.947063e-01  2.893563e-01  9.169583e+01  1.409818e+02  1.644214e-01 -1.995444e-01  8.906199e-01  8.877602e+00 
1.211082e+01  1.344328e+02  1.604772e-01 -1.998361e-01  3.301567e-01  9.261777e+01  1.414452e+02  1.661121e-01 -1.994001e-01  8.547162e-01  9.287276e+00 
1.264850e+01  1.382673e+02  1.580640e-01 -2.056857e-01  3.550481e-01  9.275290e+01  1.416739e+02  1.646559e-01 -2.034468e-01  8.652486e-01  8.228113e+00 
6.289427e+00  1.391782e+02  1.586401e-01 -2.007245e-01  3.103301e-01  9.368299e+01  1.424695e+02  1.575474e-01 -2.015833e-01  9.100321e-01  8.337957e+00 
5.781382e+00  1.395033e+02  1.588175e-01 -2.090684e-01  2.110153e-01  9.383560e+01  1.415296e+02  1.589224e-01 -2.095599e-01  9.069400e-01  8.836710e+00 
4.606243e+00  1.390900e+02  1.580269e-01 -2.125037e-01  2.218821e-01  9.383047e+01  1.410580e+02  1.563482e-01 -2.111836e-01  8.951819e-01  7.688455e+00 
6.487252e+00  1.393018e+02  1.557023e-01 -2.103798e-01  2.676742e-01  9.434838e+01  1.419389e+02  1.583829e-01 -2.088324e-01  8.957087e-01  8.727405e+00 
9.586482e+00  1.399817e+02  1.534769e-01 -2.102633e-01  2.997244e-01  9.541261e+01  1.419779e+02  1.627730e-01 -2.126142e-01  8.942578e-01  9.201520e+00 
1.022587e+01  1.397623e+02  1.569268e-01 -2.089436e-01  2.316882e-01  9.545896e+01  1.433494e+02  1.565050e-01 -2.087696e-01  8.996892e-01  7.489833e+00 
9.499992e+00  1.394990e+02  1.506904e-01 -2.091607e-01  2.182786e-01  9.526987e+01  1.436763e+02  1.538982e-01 -2.083880e-01  9.146854e-01  6.703084e+00 
6.427287e+00  1.378863e+02  1.475170e-01 -2.129330e-01  2.511430e-01  9.528460e+01  1.443391e+02  1.529768e-01 -2.107949e-01  9.101972e-01  7.667049e+00 
9.042077e+00  1.387399e+02  1.582040e-01 -2.202870e-01  2.978682e-01  9.471372e+01  1.441378e+02  1.559839e-01 -2.106103e-01  8.973052e-01  7.781558e+00 
1.040639e+01  1.415370e+02  1.554713e-01 -2.232163e-01  2.738316e-01  9.522893e+01  1.445557e+02  1.621447e-01 -2.156712e-01  9.027599e-01  9.167063e+00 
5.478079e+00  1.394501e+02  1.618964e-01 -2.215354e-01  3.469039e-01  9.435182e+01  1.453970e+02  1.555824e-01 -2.221059e-01  8.941107e-01  7.388504e+00 
8.733339e+00  1.418870e+02  1.609927e-01 -2.173762e-01  2.669794e-01  9.328455e+01  1.425128e+02  1.622517e-01 -2.232068e-01  8.847843e-01  7.853486e+00 
1.065736e+01  1.419567e+02  1.586276e-01 -2.087338e-01  2.978687e-01  9.222983e+01  1.426395e+02  1.640635e-01 -2.167595e-01  8.921837e-01  7.790232e+00 
1.681129e+01  1.422498e+02  1.572995e-01 -2.089692e-01  3.235403e-01  9.157456e+01  1.423685e+02  1.677630e-01 -2.215090e-01  9.011482e-01  9.141297e+00 
1.545631e+01  1.420377e+02  1.572142e-01 -2.138880e-01  3.492953e-01  9.023557e+01  1.434985e+02  1.653576e-01 -2.097777e-01  8.887189e-01  9.783395e+00 
8.823486e+00  1.407585e+02  1.550511e-01 -2.065563e-01  3.109365e-01  9.005464e+01  1.443032e+02  1.595872e-01 -2.139602e-01  9.168175e-01  8.268017e+00 
1.217332e+01  1.415438e+02  1.501111e-01 -2.143128e-01  2.342219e-01  9.003655e+01  1.438778e+02  1.590370e-01 -2.076080e-01  9.242542e-01  7.989566e+00 
1.256402e+01  1.415903e+02  1.466386e-01 -2.100173e-01  2.104169e-01  8.932023e+01  1.435208e+02  1.588045e-01 -2.100585e-01  9.285792e-01  8.156625e+00 
1.148250e+01  1.433094e+02  1.558923e-01 -2.145407e-01  2.513105e-01  8.984829e+01  1.434017e+02  1.638077e-01 -2.179272e-01  9.086028e-01  8.475105e+00 
7.869021e+00  1.445511e+02  1.627493e-01 -2.156489e-01  2.868154e-01  8.949148e+01  1.419093e+02  1.637845e-01 -2.182194e-01  9.069477e-01  8.810309e+00 
8.245729e+00  1.438747e+02  1.666226e-01 -2.148689e-01  3.014797e-01  8.946606e+01  1.439036e+02  1.605432e-01 -2.162760e-01  9.072391e-01  7.304800e+00 
1.276191e+01  1.415229e+02  1.619483e-01 -2.224498e-01  2.731535e-01  8.942846e+01  1.435995e+02  1.625294e-01 -2.170286e-01  9.153246e-01  8.307424e+00 
1.343348e+01  1.409101e+02  1.623209e-01 -2.227559e-01  2.232619e-01  9.041125e+01  1.434749e+02  1.605091e-01 -2.165294e-01  9.205913e-01  8.602775e+00 
7.756626e+00  1.409591e+02  1.601371e-01 -2.200883e-01  2.056346e-01  9.319859e+01  1.456024e+02  1.597477e-01 -2.153100e-01  9.187124e-01  8.752839e+00 
1.539973e+01  1.400244e+02  1.575364e-01 -2.236561e-01  1.939583e-01  9.301790e+01  1.471975e+02  1.524665e-01 -2.166823e-01  9.323046e-01  9.147078e+00 
1.219693e+01  1.410158e+02  1.596051e-01 -2.187079e-01  2.418109e-01  9.286496e+01  1.501363e+02  1.603516e-01 -2.134327e-01  9.378974e-01  8.831718e+00 
1.403931e+01  1.438220e+02  1.570562e-01 -2.175651e-01  2.483894e-01  9.230540e+01  1.493080e+02  1.566854e-01 -2.120976e-01  9.347695e-01  7.585333e+00 
1.182970e+01  1.415608e+02  1.586741e-01 -2.169621e-01  2.110885e-01  9.206492e+01  1.471911e+02  1.552662e-01 -2.096404e-01  9.267212e-01  8.247624e+00 
7.538223e+00  1.404225e+02  1.586332e-01 -2.120627e-01  2.794115e-01  9.292596e+01  1.452341e+02  1.630030e-01 -2.097393e-01  9.126905e-01  8.677194e+00 
1.278781e+01  1.388014e+02  1.513790e-01 -2.103883e-01  2.371140e-01  9.326617e+01  1.466662e+02  1.612965e-01 -2.168258e-01  9.283486e-01  9.240391e+00 
9.428673e+00  1.382361e+02  1.583469e-01 -2.145413e-01  2.208510e-01  9.435589e+01  1.473883e+02  1.582881e-01 -2.153409e-01  9.302730e-01  8.882042e+00 
8.340631e+00  1.370820e+02  1.561876e-01 -2.049677e-01  2.552526e-01  9.654296e+01  1.487869e+02  1.564951e-01 -2.093081e-01  9.212137e-01  8.826246e+00 
1.026250e+01  1.383198e+02  1.450544e-01 -2.109429e-01  2.542442e-01  9.669208e+01  1.477142e+02  1.512079e-01 -2.093643e-01  9.375968e-01  1.010564e+01 
1.386520e+01  1.366855e+02  1.432229e-01 -2.149304e-01  2.390503e-01  9.890077e+01  1.465548e+02  1.523952e-01 -2.168556e-01  9.318026e-01  7.463471e+00 
6.974370e+00  1.365252e+02  1.439724e-01 -2.097096e-01  2.106111e-01  9.773928e+01  1.458615e+02  1.503299e-01 -2.093339e-01  9.240085e-01  7.528846e+00 
1.062022e+01  1.347261e+02  1.472512e-01 -2.122460e-01  1.233413e-01  9.673408e+01  1.434040e+02  1.546894e-01 -2.075545e-01  8.994390e-01  7.082022e+00 
1.056918e+01  1.324070e+02  1.523075e-01 -2.094342e-01  1.856821e-01  9.671182e+01  1.438273e+02  1.546222e-01 -2.056267e-01  8.722227e-01  6.287604e+00 
4.273896e+00  1.303298e+02  1.548024e-01 -2.124970e-01  2.180386e-01  9.666247e+01  1.455915e+02  1.567324e-01 -2.108671e-01  8.720076e-01  6.877603e+00 
8.266709e+00  1.298618e+02  1.537253e-01 -2.225033e-01  2.521238e-01  9.668829e+01  1.464558e+02  1.549207e-01 -2.159783e-01  8.876573e-01  6.155638e+00 
1.043982e+01  1.295259e+02  1.568578e-01 -2.226851e-01  2.418414e-01  9.574276e+01  1.488320e+02  1.546310e-01 -2.116816e-01  8.701450e-01  6.284344e+00 
6.207077e+00  1.287593e+02  1.526939e-01 -2.167590e-01  3.388086e-01  9.464502e+01  1.487354e+02  1.529992e-01 -2.153555e-01  8.788248e-01  7.543498e+00 
5.253468e+00  1.266372e+02  1.531857e-01 -2.172832e-01  3.139700e-01  9.468761e+01  1.475381e+02  1.500430e-01 -2.166590e-01  8.683997e-01  6.096437e+00 
6.285180e+00  1.267115e+02  1.528963e-01 -2.200159e-01  3.187526e-01  9.602686e+01  1.487214e+02  1.552884e-01 -2.229862e-01  8.454231e-01  6.399428e+00 
7.104550e+00  1.261121e+02  1.532368e-01 -2.197574e-01  3.326966e-01  9.711733e+01  1.491784e+02  1.545405e-01 -2.291868e-01  8.489740e-01  5.854923e+00 
6.932443e+00  1.252731e+02  1.544885e-01 -2.230347e-01  3.511329e-01  9.618389e+01  1.508793e+02  1.598103e-01 -2.302326e-01  8.395196e-01  5.030013e+00 
7.133055e+00  1.275679e+02  1.546925e-01 -2.195583e-01  3.000922e-01  9.846724e+01  1.510179e+02  1.544257e-01 -2.295110e-01  8.759533e-01  6.000123e+00 
8.130824e+00  1.268033e+02  1.556258e-01 -2.177695e-01  2.972715e-01  9.635693e+01  1.504169e+02  1.590329e-01 -2.258662e-01  8.816168e-01  6.976470e+00 
6.857637e+00  1.262551e+02  1.591265e-01 -2.212208e-01  3.694888e-01  9.589176e+01  1.509114e+02  1.553331e-01 -2.232748e-01  8.768920e-01  6.497476e+00 
9.102730e+00  1.287259e+02  1.564770e-01 -2.213814e-01  2.931371e-01  9.627179e+01  1.523417e+02  1.565259e-01 -2.244602e-01  8.735230e-01  6.740183e+00 
1.248484e+01  1.289097e+02  1.611409e-01 -2.253735e-01  3.307319e-01  9.297201e+01  1.504046e+02  1.557923e-01 -2.125507e-01  8.584693e-01  5.592078e+00 
1.692986e+01  1.293433e+02  1.556979e-01 -2.242027e-01  3.150266e-01  9.322181e+01  1.493355e+02  1.498932e-01 -2.092893e-01  8.904879e-01  4.991507e+00 
3.199257e+01  1.279589e+02  1.503200e-01 -2.342838e-01  2.375382e-01  9.351018e+01  1.487950e+02  1.547420e-01 -2.139415e-01  8.904004e-01  4.568050e+00 
3.075782e+01  1.277775e+02  1.482519e-01 -2.323503e-01  2.284749e-01  9.349871e+01  1.491550e+02  1.535052e-01 -2.072506e-01  8.825467e-01  5.792609e+00 
2.022797e+01  1.263342e+02  1.437015e-01 -2.268907e-01  2.875663e-01  9.525695e+01  1.481112e+02  1.547647e-01 -2.121844e-01  8.753964e-01  6.873561e+00 
1.451278e+01  1.269660e+02  1.458961e-01 -2.161113e-01  2.928637e-01  9.647796e+01  1.511697e+02  1.521882e-01 -2.120297e-01  8.995946e-01  4.774465e+00 
1.550476e+01  1.240112e+02  1.455781e-01 -2.218268e-01  2.276157e-01  9.574247e+01  1.512141e+02  1.501399e-01 -2.224924e-01  8.985971e-01  3.871764e+00 
9.349338e+00  1.219905e+02  1.483901e-01 -2.172098e-01  1.957622e-01  9.701782e+01  1.510516e+02  1.441357e-01 -2.175053e-01  8.819441e-01  3.467806e+00 
1.215579e+01  1.218229e+02  1.502470e-01 -2.150883e-01  2.923352e-01  9.685134e+01  1.529057e+02  1.515807e-01 -2.179405e-01  8.497983e-01  3.570608e+00 
1.705874e+01  1.208236e+02  1.576017e-01 -2.125186e-01  3.044111e-01  9.591863e+01  1.526510e+02  1.534650e-01 -2.128447e-01  8.183550e-01  3.871661e+00 
1.642686e+01  1.196713e+02  1.548435e-01 -2.101828e-01  2.433728e-01  9.638212e+01  1.511775e+02  1.557636e-01 -2.157325e-01  8.101527e-01  4.601821e+00 
1.470017e+01  1.209780e+02  1.503523e-01 -2.065331e-01  2.219223e-01  9.667466e+01  1.526673e+02  1.618345e-01 -2.150528e-01  8.730158e-01  5.498261e+00 
9.613909e+00  1.226767e+02  1.493934e-01 -2.153035e-01  2.577393e-01  9.588253e+01  1.516850e+02  1.616076e-01 -2.163626e-01  8.689081e-01  6.189377e+00 
7.763827e+00  1.263969e+02  1.503820e-01 -2.157367e-01  2.649790e-01  9.581840e+01  1.501559e+02  1.604367e-01 -2.176586e-01  8.831297e-01  6.991267e+00 
5.813343e+00  1.274111e+02  1.468179e-01 -2.135548e-01  2.380193e-01  9.815698e+01  1.487844e+02  1.470310e-01 -2.145780e-01  8.968300e-01  6.534837e+00 
5.720364e+00  1.282362e+02  1.542138e-01 -2.184923e-01  2.071101e-01  9.963470e+01  1.512463e+02  1.518266e-01 -2.173652e-01  9.014359e-01  6.247291e+00 
7.047087e+00  1.278125e+02  1.559574e-01 -2.150699e-01  2.261596e-01  9.982801e+01  1.495062e+02  1.488902e-01 -2.172432e-01  8.987353e-01  5.717830e+00 
6.030624e+00  1.272537e+02  1.569093e-01 -2.200525e-01  2.448692e-01  9.854369e+01  1.492637e+02  1.538394e-01 -2.119384e-01  8.835947e-01  6.043847e+00 
7.882052e+00  1.252512e+02  1.555582e-01 -2.104310e-01  2.104979e-01  9.768313e+01  1.513138e+02  1.594929e-01 -2.109875e-01  8.925526e-01  6.042078e+00 
6.931954e+00  1.266346e+02  1.597328e-01 -2.109492e-01  2.146207e-01  9.550509e+01  1.503384e+02  1.624842e-01 -2.057435e-01  8.800655e-01  6.868678e+00 
7.221647e+00  1.274605e+02  1.645650e-01 -2.085921e-01  2.317267e-01  9.487481e+01  1.482787e+02  1.703925e-01 -2.089181e-01  8.505754e-01  7.693003e+00 
7.865005e+00  1.271693e+02  1.683229e-01 -2.070754e-01  2.635896e-01  9.406406e+01  1.474852e+02  1.666158e-01 -2.054059e-01  8.696804e-01  7.811553e+00 
1.172845e+01  1.270106e+02  1.646585e-01 -2.064181e-01  2.784453e-01  9.433286e+01  1.494188e+02  1.695765e-01 -2.136191e-01  8.687842e-01  6.719455e+00 
8.250641e+00  1.270526e+02  1.626126e-01 -2.091211e-01  3.296761e-01  9.202148e+01  1.474863e+02  1.659935e-01 -2.114793e-01  8.575695e-01  7.086072e+00 
4.717469e+00  1.250247e+02  1.653773e-01 -2.028261e-01  3.082314e-01  9.189372e+01  1.471059e+02  1.635594e-01 -2.047926e-01  8.424207e-01  6.752135e+00 
4.499873e+00  1.260991e+02  1.641474e-01 -2.137821e-01  3.072127e-01  9.351660e+01  1.487827e+02  1.608345e-01 -2.120706e-01  8.460164e-01  5.532558e+00 
5.853921e+00  1.246540e+02  1.677441e-01 -2.103223e-01  2.829665e-01  9.253095e+01  1.482467e+02  1.622136e-01 -2.122256e-01  8.466207e-01  6.767573e+00 
7.092684e+00  1.254413e+02  1.658616e-01 -2.097124e-01  3.531211e-01  9.244599e+01  1.479920e+02  1.662482e-01 -2.121943e-01  8.292940e-01  7.232325e+00 
6.827190e+00  1.269828e+02  1.638989e-01 -2.093208e-01  3.181436e-01  9.297933e+01  1.483989e+02  1.680159e-01 -2.149630e-01  8.424844e-01  7.622429e+00 
8.039710e+00  1.263266e+02  1.663607e-01 -2.084769e-01  2.100424e-01  9.165374e+01  1.464791e+02  1.714204e-01 -2.125608e-01  8.149581e-01  5.854065e+00 
7.399333e+00  1.250555e+02  1.697734e-01 -2.102761e-01  2.150777e-01  9.052178e+01  1.450306e+02  1.707170e-01 -2.136442e-01  8.041909e-01  6.048650e+00 
1.086007e+01  1.214066e+02  1.635416e-01 -2.071150e-01  2.119431e-01  8.984570e+01  1.472981e+02  1.685863e-01 -2.129307e-01  7.714024e-01  5.562574e+00 
9.650054e+00  1.191090e+02  1.652877e-01 -2.068039e-01  1.795938e-01  8.876560e+01  1.477101e+02  1.658776e-01 -2.147982e-01  8.218320e-01  4.983672e+00 
6.877702e+00  1.196478e+02  1.600301e-01 -2.129875e-01  2.415574e-01  9.196279e+01  1.490600e+02  1.649863e-01 -2.143145e-01  8.241966e-01  5.067570e+00 
5.006193e+00  1.190895e+02  1.667410e-01 -2.109342e-01  3.032740e-01  9.322172e+01  1.505482e+02  1.670774e-01 -2.133100e-01  7.923356e-01  5.805878e+00 
6.685470e+00  1.188432e+02  1.662849e-01 -2.163395e-01  3.188386e-01  9.404286e+01  1.509900e+02  1.670935e-01 -2.137583e-01  8.052236e-01  5.815409e+00 
7.521006e+00  1.185188e+02  1.699667e-01 -2.171957e-01  3.246475e-01  9.505292e+01  1.518631e+02  1.607196e-01 -2.177479e-01  7.933185e-01  4.273503e+00 
7.397915e+00  1.177991e+02  1.675603e-01 -2.174794e-01  2.535918e-01  9.603508e+01  1.522284e+02  1.593887e-01 -2.207575e-01  8.006256e-01  3.844851e+00 
7.075029e+00  1.160626e+02  1.693237e-01 -2.168277e-01  2.379686e-01  9.706997e+01  1.511682e+02  1.612701e-01 -2.190324e-01  7.974163e-01  4.042854e+00 
6.705222e+00  1.148389e+02  1.681722e-01 -2.129374e-01  1.905226e-01  9.734171e+01  1.518947e+02  1.644412e-01 -2.186446e-01  7.807815e-01  4.607043e+00 
9.180682e+00  1.148220e+02  1.699602e-01 -2.171297e-01  2.777304e-01  9.683093e+01  1.539831e+02  1.706803e-01 -2.164139e-01  7.770577e-01  4.439793e+00 
1.554736e+01  1.161322e+02  1.756589e-01 -2.128909e-01  2.414872e-01  9.782006e+01  1.538076e+02  1.704785e-01 -2.212737e-01  7.358263e-01  3.970309e+00 
1.801084e+01  1.174113e+02  1.685896e-01 -2.148338e-01  2.098599e-01  9.779898e+01  1.514218e+02  1.707913e-01 -2.196362e-01  6.860317e-01  4.476628e+00 
2.268081e+01  1.174829e+02  1.654176e-01 -2.114516e-01  2.792819e-01  9.807526e+01  1.484430e+02  1.704072e-01 -2.236156e-01  7.061654e-01  5.019673e+00 
1.769571e+01  1.181771e+02  1.650922e-01 -2.189008e-01  1.948781e-01  9.853435e+01  1.494429e+02  1.751192e-01 -2.229093e-01  6.889051e-01  5.309492e+00 
1.784748e+01  1.186481e+02  1.679473e-01 -2.189760e-01  2.167565e-01  9.894297e+01  1.527221e+02  1.693986e-01 -2.339991e-01  7.696995e-01  3.629051e+00 
1.228340e+01  1.183814e+02  1.689955e-01 -2.278318e-01  2.223405e-01  9.873078e+01  1.524303e+02  1.728104e-01 -2.340643e-01  7.055559e-01  4.609679e+00 
1.186325e+01  1.176777e+02  1.699407e-01 -2.320622e-01  3.032147e-01  9.871519e+01  1.528175e+02  1.693820e-01 -2.275042e-01  7.593630e-01  4.405773e+00 
1.779683e+01  1.190063e+02  1.615492e-01 -2.335437e-01  3.593992e-01  9.696514e+01  1.514960e+02  1.630146e-01 -2.334099e-01  7.172665e-01  3.661001e+00 
1.692412e+01  1.197736e+02  1.672801e-01 -2.347236e-01  3.069328e-01  9.667784e+01  1.524585e+02  1.661695e-01 -2.402867e-01  6.891992e-01  3.130814e+00 
1.712686e+01  1.191724e+02  1.636027e-01 -2.316692e-01  2.356892e-01  9.799408e+01  1.513514e+02  1.679269e-01 -2.331771e-01  6.667461e-01  4.088329e+00 
2.141549e+01  1.178774e+02  1.690175e-01 -2.391140e-01  2.387768e-01  9.817783e+01  1.544892e+02  1.684887e-01 -2.370329e-01  6.307905e-01  3.880942e+00 
2.079054e+01  1.193499e+02  1.755643e-01 -2.379632e-01  2.971073e-01  9.901071e+01  1.539018e+02  1.686877e-01 -2.423955e-01  6.690573e-01  5.107511e+00 
1.421831e+01  1.187946e+02  1.802528e-01 -2.391211e-01  3.265913e-01  9.873992e+01  1.564245e+02  1.692857e-01 -2.357844e-01  7.324844e-01  4.992750e+00 
1.699439e+01  1.193214e+02  1.810487e-01 -2.327295e-01  3.513807e-01  9.879581e+01  1.547642e+02  1.734150e-01 -2.392289e-01  7.251371e-01  4.678689e+00 
1.564216e+01  1.194118e+02  1.755078e-01 -2.363344e-01  3.693452e-01  9.702083e+01  1.544417e+02  1.703346e-01 -2.422592e-01  7.296763e-01  4.858443e+00 
1.266022e+01  1.225515e+02  1.760263e-01 -2.394724e-01  3.758701e-01  9.705366e+01  1.546658e+02  1.676837e-01 -2.456036e-01  7.757676e-01  5.912871e+00 
1.150835e+01  1.227116e+02  1.717013e-01 -2.451726e-01  3.438526e-01  9.907585e+01  1.547817e+02  1.750629e-01 -2.433985e-01  8.049239e-01  6.307013e+00 
1.027354e+01  1.243782e+02  1.730563e-01 -2.451750e-01  3.742083e-01  9.855975e+01  1.561315e+02  1.778905e-01 -2.454911e-01  7.982342e-01  7.744501e+00 
9.950527e+00  1.230384e+02  1.737358e-01 -2.448224e-01  3.320063e-01  9.888045e+01  1.559624e+02  1.747212e-01 -2.465285e-01  8.230263e-01  7.197677e+00 
9.527763e+00  1.240016e+02  1.729949e-01 -2.394255e-01  4.076452e-01  9.787451e+01  1.564055e+02  1.706578e-01 -2.444034e-01  7.622157e-01  5.332056e+00 
1.174940e+01  1.248353e+02  1.690792e-01 -2.361386e-01  4.357944e-01  9.836584e+01  1.564288e+02  1.612987e-01 -2.466019e-01  8.082393e-01  4.433767e+00 
1.085840e+01  1.246951e+02  1.623052e-01 -2.390789e-01  3.801739e-01  9.947021e+01  1.540938e+02  1.560842e-01 -2.489357e-01  8.399373e-01  5.576256e+00 
8.774111e+00  1.234879e+02  1.620761e-01 -2.465922e-01  3.761879e-01  9.994582e+01  1.537227e+02  1.566474e-01 -2.480684e-01  8.364164e-01  4.700796e+00 
9.472214e+00  1.241666e+02  1.655538e-01 -2.453602e-01  3.122691e-01  1.021220e+02  1.535931e+02  1.649936e-01 -2.418469e-01  8.088812e-01  3.989108e+00 
7.529862e+00  1.241423e+02  1.675563e-01 -2.401110e-01  2.820849e-01  9.969788e+01  1.522974e+02  1.689761e-01 -2.449342e-01  7.703671e-01  4.401469e+00 
7.365015e+00  1.231399e+02  1.677766e-01 -2.438833e-01  3.189983e-01  9.872980e+01  1.540146e+02  1.624737e-01 -2.438351e-01  8.250828e-01  6.009097e+00 
9.210415e+00  1.254041e+02  1.706860e-01 -2.377122e-01  3.996105e-01  9.852203e+01  1.528024e+02  1.650019e-01 -2.415156e-01  7.729510e-01  5.527973e+00 
6.713783e+00  1.230388e+02  1.631640e-01 -2.393735e-01  4.189167e-01  9.916346e+01  1.540904e+02  1.620732e-01 -2.388111e-01  8.251346e-01  6.400861e+00 
1.042680e+01  1.232660e+02  1.628349e-01 -2.378625e-01  4.026965e-01  9.978897e+01  1.542416e+02  1.645322e-01 -2.326028e-01  8.387275e-01  5.707850e+00 
1.012237e+01  1.254013e+02  1.607490e-01 -2.378770e-01  3.402379e-01  9.841405e+01  1.532365e+02  1.630196e-01 -2.279529e-01  8.576857e-01  6.069873e+00 
9.358736e+00  1.240000e+02  1.571198e-01 -2.393562e-01  3.115614e-01  9.979845e+01  1.531600e+02  1.638398e-01 -2.309222e-01  8.233472e-01  5.270489e+00 
5.464489e+00  1.258336e+02  1.632610e-01 -2.297313e-01  3.424545e-01  1.014113e+02  1.519597e+02  1.641066e-01 -2.334069e-01  8.473381e-01  6.042098e+00 
6.704374e+00  1.254639e+02  1.644490e-01 -2.318534e-01  3.470812e-01  1.017741e+02  1.509972e+02  1.615725e-01 -2.402687e-01  8.132376e-01  5.108487e+00 
6.238720e+00  1.248709e+02  1.619706e-01 -2.440189e-01  3.721433e-01  1.007891e+02  1.521734e+02  1.621757e-01 -2.422631e-01  7.974491e-01  5.821258e+00 
4.985129e+00  1.232128e+02  1.677508e-01 -2.387939e-01  3.446868e-01  9.900672e+01  1.539186e+02  1.632523e-01 -2.427198e-01  8.186315e-01  5.372863e+00 
8.447078e+00  1.212097e+02  1.589939e-01 -2.433174e-01  3.651539e-01  1.000082e+02  1.537526e+02  1.633739e-01 -2.433167e-01  8.127675e-01  5.097531e+00 
1.044174e+01  1.188302e+02  1.622816e-01 -2.457756e-01  3.601721e-01  1.008189e+02  1.539873e+02  1.638859e-01 -2.429924e-01  7.847712e-01  5.245567e+00 
8.811569e+00  1.186078e+02  1.582129e-01 -2.380023e-01  3.396159e-01  9.958135e+01  1.556190e+02  1.652550e-01 -2.433536e-01  8.002577e-01  5.974820e+00 
1.624012e+01  1.165901e+02  1.698451e-01 -2.377378e-01  3.787127e-01  1.004372e+02  1.551095e+02  1.673744e-01 -2.401482e-01  6.976663e-01  5.048740e+00 
1.348958e+01  1.173317e+02  1.672015e-01 -2.366635e-01  3.392562e-01  9.960141e+01  1.549592e+02  1.686396e-01 -2.418222e-01  7.193623e-01  5.667921e+00 
1.353959e+01  1.183440e+02  1.654302e-01 -2.412911e-01  3.489382e-01  9.922103e+01  1.562767e+02  1.722957e-01 -2.466110e-01  7.324037e-01  4.395676e+00 
7.807935e+00  1.178483e+02  1.641593e-01 -2.348755e-01  3.236959e-01  9.832486e+01  1.549569e+02  1.693529e-01 -2.383039e-01  7.711511e-01  4.719662e+00 
7.194935e+00  1.195468e+02  1.625009e-01 -2.343845e-01  3.715410e-01  9.691631e+01  1.556002e+02  1.654086e-01 -2.399062e-01  7.832027e-01  4.179313e+00 
8.494711e+00  1.177837e+02  1.653749e-01 -2.427225e-01  3.141718e-01  9.860925e+01  1.550252e+02  1.606103e-01 -2.380173e-01  7.597693e-01  4.205107e+00 
9.087307e+00  1.169291e+02  1.662078e-01 -2.410157e-01  2.968651e-01  9.939076e+01  1.547811e+02  1.688255e-01 -2.337880e-01  7.526808e-01  5.023453e+00 
1.173847e+01  1.190733e+02  1.729141e-01 -2.366252e-01  2.940967e-01  9.757338e+01  1.548318e+02  1.648671e-01 -2.351236e-01  7.577623e-01  5.135428e+00 
7.276530e+00  1.205900e+02  1.672106e-01 -2.372166e-01  2.581224e-01  9.860344e+01  1.549362e+02  1.663795e-01 -2.319637e-01  7.988447e-01  5.387263e+00 
9.099823e+00  1.171084e+02  1.615114e-01 -2.350608e-01  3.286219e-01  9.830249e+01  1.554316e+02  1.680347e-01 -2.389575e-01  7.484786e-01  5.046339e+00 
9.572527e+00  1.174010e+02  1.695858e-01 -2.332280e-01  3.020923e-01  9.769687e+01  1.550695e+02  1.749342e-01 -2.371071e-01  7.621617e-01  5.873494e+00 
9.645623e+00  1.164351e+02  1.664900e-01 -2.350833e-01  3.256832e-01  9.678885e+01  1.558349e+02  1.735743e-01 -2.340107e-01  7.638188e-01  5.455942e+00 
1.007418e+01  1.130373e+02  1.722124e-01 -2.295986e-01  3.110363e-01  9.657876e+01  1.569123e+02  1.704139e-01 -2.352716e-01  7.162395e-01  4.469103e+00 
1.548917e+01  1.126240e+02  1.672963e-01 -2.291204e-01  3.126803e-01  9.700008e+01  1.552288e+02  1.712561e-01 -2.328040e-01  7.073204e-01  5.741150e+00 
1.384730e+01  1.143585e+02  1.603177e-01 -2.210939e-01  4.079972e-01  9.622454e+01  1.549964e+02  1.682194e-01 -2.296795e-01  7.673345e-01  5.417567e+00 
8.653701e+00  1.166652e+02  1.625164e-01 -2.229039e-01  3.386843e-01  9.731094e+01  1.550147e+02  1.595291e-01 -2.270457e-01  7.769406e-01  4.262866e+00 
6.605625e+00  1.153049e+02  1.665843e-01 -2.198973e-01  4.014437e-01  9.704147e+01  1.542009e+02  1.605733e-01 -2.229667e-01  7.911353e-01  5.352045e+00 
7.533678e+00  1.162288e+02  1.620408e-01 -2.260641e-01  2.671711e-01  9.656174e+01  1.535247e+02  1.683057e-01 -2.259556e-01  7.582345e-01  4.907213e+00 
7.578552e+00  1.163604e+02  1.637832e-01 -2.322933e-01  2.478029e-01  9.747187e+01  1.533558e+02  1.648196e-01 -2.232384e-01  7.926065e-01  5.488798e+00 
6.460222e+00  1.148754e+02  1.551770e-01 -2.316835e-01  2.173496e-01  9.673049e+01  1.540321e+02  1.568460e-01 -2.286438e-01  8.252382e-01  4.054248e+00 
8.657583e+00  1.152810e+02  1.593119e-01 -2.276921e-01  2.183354e-01  9.703940e+01  1.529579e+02  1.547165e-01 -2.296588e-01  8.181466e-01  4.212637e+00 
7.743598e+00  1.167862e+02  1.683877e-01 -2.236129e-01  1.908740e-01  9.645392e+01  1.538636e+02  1.648452e-01 -2.248058e-01  8.220612e-01  4.162275e+00 
8.281700e+00  1.179704e+02  1.660135e-01 -2.280933e-01  2.495892e-01  9.689519e+01  1.512778e+02  1.662249e-01 -2.237757e-01  8.049157e-01  5.031882e+00 
6.653448e+00  1.184216e+02  1.709209e-01 -2.228822e-01  3.151722e-01  9.724188e+01  1.518725e+02  1.649055e-01 -2.228247e-01  7.719226e-01  5.326972e+00 
6.113280e+00  1.187014e+02  1.646987e-01 -2.203660e-01  3.108534e-01  9.774260e+01  1.516118e+02  1.637216e-01 -2.250086e-01  8.025084e-01  4.628578e+00 
8.467632e+00  1.191867e+02  1.726740e-01 -2.219607e-01  2.843480e-01  9.765570e+01  1.520962e+02  1.635009e-01 -2.242167e-01  7.794695e-01  4.079360e+00 
1.730854e+01  1.187442e+02  1.700207e-01 -2.276840e-01  3.406549e-01  9.753858e+01  1.537450e+02  1.605999e-01 -2.292756e-01  7.224047e-01  3.154352e+00 
1.941780e+01  1.178875e+02  1.705739e-01 -2.295483e-01  2.695875e-01  9.675208e+01  1.552362e+02  1.678811e-01 -2.209436e-01  7.645487e-01  3.292183e+00 
1.676781e+01  1.186572e+02  1.753739e-01 -2.278651e-01  2.742246e-01  9.764104e+01  1.552290e+02  1.736232e-01 -2.349863e-01  7.581293e-01  3.421310e+00 
8.030761e+00  1.197120e+02  1.734310e-01 -2.341240e-01  2.817823e-01  9.802416e+01  1.543191e+02  1.691005e-01 -2.366239e-01  7.679463e-01  5.745342e+00 
9.076516e+00  1.196977e+02  1.652887e-01 -2.386276e-01  2.741764e-01  9.891730e+01  1.531352e+02  1.658236e-01 -2.281567e-01  7.814210e-01  5.547243e+00 
7.851951e+00  1.205814e+02  1.727696e-01 -2.393170e-01  2.567993e-01  9.760953e+01  1.529116e+02  1.717252e-01 -2.372134e-01  7.738574e-01  5.068235e+00 
1.432913e+01  1.216208e+02  1.741145e-01 -2.370682e-01  3.709325e-01  9.748172e+01  1.532205e+02  1.677857e-01 -2.383778e-01  7.958972e-01  4.722514e+00 
8.887801e+00  1.233195e+02  1.735209e-01 -2.448555e-01  3.575383e-01  9.890727e+01  1.540381e+02  1.710446e-01 -2.434085e-01  7.755790e-01  6.262544e+00 
7.793599e+00  1.246639e+02  1.673758e-01 -2.465266e-01  3.714152e-01  9.974406e+01  1.542832e+02  1.696592e-01 -2.424655e-01  7.811321e-01  5.635041e+00 
5.025038e+00  1.264842e+02  1.609493e-01 -2.400786e-01  4.264827e-01  9.925253e+01  1.558479e+02  1.634898e-01 -2.421368e-01  8.222956e-01  6.284156e+00 
6.048587e+00  1.270038e+02  1.654009e-01 -2.340888e-01  4.623610e-01  9.755530e+01  1.569629e+02  1.661504e-01 -2.398795e-01  8.325550e-01  6.700758e+00 
5.937848e+00  1.283606e+02  1.580078e-01 -2.389450e-01  4.859192e-01  9.808015e+01  1.560154e+02  1.611292e-01 -2.400059e-01  8.441075e-01  7.181365e+00 
8.079453e+00  1.274222e+02  1.550142e-01 -2.463620e-01  4.677879e-01  9.772009e+01  1.570117e+02  1.578206e-01 -2.384423e-01  8.722410e-01  6.424238e+00 
5.143481e+00  1.271197e+02  1.592076e-01 -2.414647e-01  4.681949e-01  9.869590e+01  1.566005e+02  1.590464e-01 -2.390164e-01  8.428793e-01  6.758802e+00 
7.152934e+00  1.288206e+02  1.579106e-01 -2.410415e-01  4.873521e-01  9.844344e+01  1.556159e+02  1.628309e-01 -2.434402e-01  8.326356e-01  6.808366e+00 
8.491582e+00  1.293919e+02  1.519346e-01 -2.387787e-01  4.431943e-01  9.943759e+01  1.559134e+02  1.577349e-01 -2.399383e-01  8.897853e-01  6.653371e+00 
6.100198e+00  1.295797e+02  1.563442e-01 -2.421214e-01  3.645653e-01  9.935970e+01  1.563887e+02  1.603642e-01 -2.397387e-01  8.752937e-01  7.378211e+00 
7.732747e+00  1.288675e+02  1.536726e-01 -2.361452e-01  3.587566e-01  9.885383e+01  1.574259e+02  1.571739e-01 -2.407252e-01  8.985362e-01  6.198300e+00 
8.386172e+00  1.282791e+02  1.484276e-01 -2.397164e-01  3.510745e-01  9.877784e+01  1.552403e+02  1.599357e-01 -2.402629e-01  8.820144e-01  6.948214e+00 
6.809921e+00  1.270638e+02  1.525754e-01 -2.415493e-01  3.616044e-01  1.009544e+02  1.540177e+02  1.546112e-01 -2.431690e-01  8.782903e-01  5.256994e+00 
9.221345e+00  1.278796e+02  1.468485e-01 -2.373897e-01  3.580379e-01  1.012425e+02  1.515642e+02  1.544845e-01 -2.429627e-01  8.429215e-01  4.687049e+00 
8.982298e+00  1.300785e+02  1.578277e-01 -2.426417e-01  2.895095e-01  1.016402e+02  1.515133e+02  1.502688e-01 -2.465454e-01  8.696674e-01  5.394624e+00 
1.103767e+01  1.286458e+02  1.524483e-01 -2.523815e-01  2.347027e-01  1.008542e+02  1.504965e+02  1.519089e-01 -2.405540e-01  8.690549e-01  5.324769e+00 
1.104012e+01  1.304419e+02  1.522835e-01 -2.561022e-01  3.024055e-01  1.006503e+02  1.527565e+02  1.577054e-01 -2.465150e-01  8.463773e-01  6.181347e+00 
5.522721e+00  1.321230e+02  1.536602e-01 -2.481301e-01  4.011044e-01  9.903097e+01  1.532894e+02  1.582694e-01 -2.430397e-01  8.626114e-01  6.513812e+00 
6.019245e+00  1.335850e+02  1.532088e-01 -2.517014e-01  3.481886e-01  1.000116e+02  1.549569e+02  1.510701e-01 -2.515994e-01  8.936346e-01  5.002990e+00 
9.972585e+00  1.344318e+02  1.631223e-01 -2.566123e-01  3.681469e-01  9.828186e+01  1.530018e+02  1.553444e-01 -2.564619e-01  8.488974e-01  5.846097e+00 
9.024877e+00  1.330644e+02  1.582077e-01 -2.541125e-01  3.760201e-01  9.825016e+01  1.523764e+02  1.548362e-01 -2.444831e-01  8.697560e-01  6.618984e+00 
9.891463e+00  1.328398e+02  1.488733e-01 -2.450675e-01  3.794364e-01  9.888643e+01  1.524031e+02  1.550709e-01 -2.501829e-01  8.921866e-01  6.418126e+00 
7.719624e+00  1.288451e+02  1.496024e-01 -2.480195e-01  3.690932e-01  9.962634e+01  1.530700e+02  1.509160e-01 -2.508059e-01  8.467415e-01  5.306875e+00 
7.201134e+00  1.279149e+02  1.539377e-01 -2.523736e-01  3.633548e-01  1.004531e+02  1.530476e+02  1.608689e-01 -2.565266e-01  8.270977e-01  5.572070e+00 
9.583735e+00  1.303578e+02  1.506076e-01 -2.496538e-01  3.286214e-01  1.005164e+02  1.519903e+02  1.597518e-01 -2.549808e-01  8.404388e-01  4.571360e+00 
6.985634e+00  1.298458e+02  1.495373e-01 -2.476597e-01  3.405947e-01  9.958349e+01  1.507869e+02  1.571837e-01 -2.494497e-01  8.516154e-01  5.624047e+00 
6.752493e+00  1.298351e+02  1.487648e-01 -2.493867e-01  2.995501e-01  9.986026e+01  1.518355e+02  1.497967e-01 -2.475317e-01  8.837256e-01  5.142395e+00 
1.225961e+01  1.302234e+02  1.517241e-01 -2.499554e-01  2.780507e-01  9.905356e+01  1.498995e+02  1.584144e-01 -2.529041e-01  8.163553e-01  5.536836e+00 
1.131323e+01  1.296574e+02  1.544535e-01 -2.603551e-01  2.564136e-01  9.914682e+01  1.501786e+02  1.595462e-01 -2.591637e-01  8.423647e-01  5.563656e+00 
1.218098e+01  1.289124e+02  1.486412e-01 -2.602561e-01  3.020683e-01  9.967435e+01  1.515367e+02  1.525874e-01 -2.550921e-01  8.593802e-01  5.635047e+00 
1.285369e+01  1.283400e+02  1.502624e-01 -2.564972e-01  3.368911e-01  9.820436e+01  1.511655e+02  1.599258e-01 -2.584390e-01  8.195494e-01  4.285846e+00 
1.069068e+01  1.289137e+02  1.455171e-01 -2.571434e-01  3.051618e-01  9.724750e+01  1.524185e+02  1.535204e-01 -2.584881e-01  8.230745e-01  3.145895e+00 
1.086459e+01  1.285005e+02  1.472367e-01 -2.581703e-01  3.048200e-01  9.807666e+01  1.535170e+02  1.515542e-01 -2.528160e-01  8.319494e-01  3.624386e+00 
1.283622e+01  1.294895e+02  1.509399e-01 -2.645688e-01  3.201637e-01  9.857598e+01  1.548988e+02  1.505324e-01 -2.504986e-01  8.603975e-01  4.369936e+00 
6.798481e+00  1.278285e+02  1.570961e-01 -2.581028e-01  3.270485e-01  9.932246e+01  1.536261e+02  1.541402e-01 -2.594444e-01  8.298073e-01  3.020621e+00 
1.043215e+01  1.287329e+02  1.462541e-01 -2.598331e-01  3.373326e-01  9.903310e+01  1.559846e+02  1.558718e-01 -2.614488e-01  8.457515e-01  4.269530e+00 
1.169228e+01  1.301772e+02  1.468444e-01 -2.587040e-01  4.225146e-01  1.004829e+02  1.575065e+02  1.562098e-01 -2.606777e-01  8.578993e-01  4.341619e+00 
1.005411e+01  1.314071e+02  1.495666e-01 -2.598148e-01  4.591031e-01  1.010416e+02  1.576177e+02  1.589242e-01 -2.593959e-01  8.679428e-01  5.514904e+00 
9.495058e+00  1.320464e+02  1.464954e-01 -2.587680e-01  4.047437e-01  9.995993e+01  1.563039e+02  1.572089e-01 -2.630628e-01  8.795104e-01  6.145621e+00 
1.181822e+01  1.338236e+02  1.454668e-01 -2.634346e-01  4.406795e-01  1.003881e+02  1.552893e+02  1.498332e-01 -2.670136e-01  8.409934e-01  4.445198e+00 
1.247644e+01  1.334978e+02  1.410862e-01 -2.638840e-01  3.915935e-01  1.004719e+02  1.559588e+02  1.447665e-01 -2.648555e-01  8.901725e-01  5.872826e+00 
1.149450e+01  1.337513e+02  1.430912e-01 -2.647800e-01  4.433109e-01  1.002789e+02  1.558248e+02  1.411725e-01 -2.665364e-01  8.644222e-01  3.855325e+00 
1.242592e+01  1.342474e+02  1.382807e-01 -2.661097e-01  4.372810e-01  9.964320e+01  1.535011e+02  1.372950e-01 -2.646109e-01  8.885804e-01  4.338109e+00 
1.538335e+01  1.354478e+02  1.355223e-01 -2.756347e-01  4.029726e-01  9.835412e+01  1.555970e+02  1.398552e-01 -2.633833e-01  8.964174e-01  4.619997e+00 
1.692602e+01  1.341604e+02  1.412121e-01 -2.675776e-01  4.662997e-01  9.981924e+01  1.535957e+02  1.402453e-01 -2.665855e-01  8.499790e-01  4.488498e+00 
1.001758e+01  1.357856e+02  1.411100e-01 -2.671294e-01  3.870339e-01  1.001704e+02  1.518613e+02  1.423248e-01 -2.647529e-01  8.808683e-01  3.613623e+00 
1.523299e+01  1.363433e+02  1.483062e-01 -2.737596e-01  3.533872e-01  1.010355e+02  1.497974e+02  1.467124e-01 -2.659196e-01  8.361888e-01  4.683514e+00 
1.390287e+01  1.354975e+02  1.537113e-01 -2.672722e-01  3.177065e-01  1.023209e+02  1.483088e+02  1.498645e-01 -2.714262e-01  8.098519e-01  4.233499e+00 
1.016800e+01  1.363723e+02  1.541281e-01 -2.575710e-01  3.195401e-01  1.023925e+02  1.475255e+02  1.520451e-01 -2.652444e-01  8.196646e-01  3.769690e+00 
1.311056e+01  1.366076e+02  1.524459e-01 -2.592980e-01  2.840639e-01  1.031447e+02  1.470878e+02  1.528061e-01 -2.645798e-01  8.746060e-01  4.430545e+00 
1.046502e+01  1.359736e+02  1.514759e-01 -2.580092e-01  3.133184e-01  1.030460e+02  1.463171e+02  1.541602e-01 -2.637535e-01  8.325180e-01  4.158978e+00 
1.074808e+01  1.393970e+02  1.560793e-01 -2.669223e-01  2.689480e-01  1.013867e+02  1.464635e+02  1.553359e-01 -2.716166e-01  8.034166e-01  3.128047e+00 
6.368615e+00  1.403272e+02  1.695394e-01 -2.677541e-01  2.559112e-01  1.008262e+02  1.474615e+02  1.632663e-01 -2.664039e-01  8.245176e-01  4.829771e+00 
9.477375e+00  1.408432e+02  1.686009e-01 -2.650559e-01  2.499356e-01  9.986451e+01  1.483718e+02  1.676672e-01 -2.629822e-01  8.218660e-01  4.767440e+00 
8.241624e+00  1.410000e+02  1.635982e-01 -2.691900e-01  2.391975e-01  9.902557e+01  1.471320e+02  1.659101e-01 -2.706965e-01  8.129989e-01  5.514962e+00 
8.894778e+00  1.403339e+02  1.622085e-01 -2.703033e-01  2.098428e-01  9.814665e+01  1.454886e+02  1.633167e-01 -2.687979e-01  8.502651e-01  5.826097e+00 
1.334881e+01  1.398978e+02  1.646867e-01 -2.719637e-01  1.692939e-01  9.880042e+01  1.464821e+02  1.662158e-01 -2.709101e-01  8.280792e-01  6.286400e+00 
1.347251e+01  1.390363e+02  1.649284e-01 -2.596815e-01  2.584565e-01  9.693991e+01  1.452220e+02  1.656491e-01 -2.680528e-01  8.379505e-01  5.456574e+00 
1.143796e+01  1.384980e+02  1.652297e-01 -2.642340e-01  2.079010e-01  9.649492e+01  1.478269e+02  1.602661e-01 -2.699200e-01  8.520869e-01  5.313753e+00 
9.354053e+00  1.388770e+02  1.619795e-01 -2.628272e-01  1.870986e-01  9.573755e+01  1.478224e+02  1.614396e-01 -2.647320e-01  8.590013e-01  3.579844e+00 
8.403081e+00  1.377108e+02  1.556650e-01 -2.645821e-01  2.232340e-01  9.657915e+01  1.484962e+02  1.576683e-01 -2.704000e-01  8.597450e-01  3.997875e+00 
5.799011e+00  1.399081e+02  1.533698e-01 -2.632015e-01  2.984136e-01  9.610288e+01  1.494948e+02  1.530943e-01 -2.653196e-01  8.674823e-01  4.597126e+00 
6.570351e+00  1.405485e+02  1.537341e-01 -2.648362e-01  3.030175e-01  9.648764e+01  1.494719e+02  1.562610e-01 -2.695507e-01  8.785122e-01  4.834808e+00 
6.600041e+00  1.406511e+02  1.585163e-01 -2.674625e-01  3.529393e-01  9.631697e+01  1.499070e+02  1.580146e-01 -2.723583e-01  8.505127e-01  5.323427e+00 
8.620690e+00  1.409644e+02  1.658639e-01 -2.612113e-01  3.341210e-01  9.480379e+01  1.488292e+02  1.615553e-01 -2.695368e-01  8.330296e-01  4.623844e+00 
1.080249e+01  1.428284e+02  1.680088e-01 -2.615990e-01  3.931675e-01  9.488492e+01  1.497336e+02  1.618759e-01 -2.668896e-01  8.531017e-01  4.693167e+00 
1.084528e+01  1.426900e+02  1.660533e-01 -2.619784e-01  3.729935e-01  9.347658e+01  1.495459e+02  1.553012e-01 -2.641916e-01  8.705632e-01  4.164474e+00 
1.134808e+01  1.427542e+02  1.701265e-01 -2.605237e-01  2.903220e-01  9.359625e+01  1.499166e+02  1.622940e-01 -2.629406e-01  8.715229e-01  4.450380e+00 
8.113450e+00  1.413050e+02  1.653814e-01 -2.647815e-01  2.898828e-01  9.295550e+01  1.482590e+02  1.658008e-01 -2.603893e-01  8.570906e-01  4.924492e+00 
6.220989e+00  1.404073e+02  1.674201e-01 -2.571129e-01  2.762385e-01  9.211843e+01  1.490067e+02  1.671231e-01 -2.567537e-01  8.702016e-01  5.769152e+00 
7.064848e+00  1.421220e+02  1.663276e-01 -2.551723e-01  2.821596e-01  9.149409e+01  1.473110e+02  1.649945e-01 -2.613115e-01  8.541975e-01  5.631538e+00 
9.581319e+00  1.434748e+02  1.687394e-01 -2.587832e-01  3.206429e-01  9.183222e+01  1.482744e+02  1.660202e-01 -2.581424e-01  8.481189e-01  6.504365e+00 
6.882836e+00  1.428830e+02  1.597444e-01 -2.541247e-01  3.139642e-01  9.082517e+01  1.472174e+02  1.645750e-01 -2.549731e-01  8.582401e-01  6.157832e+00 
7.799048e+00  1.409021e+02  1.550321e-01 -2.605524e-01  3.198565e-01  9.082555e+01  1.478579e+02  1.616568e-01 -2.624011e-01  8.497747e-01  5.452281e+00 
8.206220e+00  1.428988e+02  1.543656e-01 -2.584905e-01  3.083780e-01  9.105393e+01  1.465863e+02  1.589577e-01 -2.552075e-01  8.538564e-01  5.140889e+00 
9.658176e+00  1.423108e+02  1.558271e-01 -2.610543e-01  3.462881e-01  9.143960e+01  1.466756e+02  1.564902e-01 -2.579548e-01  8.368862e-01  4.950164e+00 
7.658876e+00  1.432192e+02  1.512487e-01 -2.564560e-01  3.620560e-01  9.281819e+01  1.477609e+02  1.573192e-01 -2.592308e-01  8.762092e-01  6.281766e+00 
7.135629e+00  1.428555e+02  1.573274e-01 -2.587086e-01  2.713817e-01  9.298331e+01  1.482203e+02  1.600322e-01 -2.562380e-01  8.945987e-01  5.446773e+00 
1.098536e+01  1.416916e+02  1.675484e-01 -2.612304e-01  3.290884e-01  9.487929e+01  1.483292e+02  1.675159e-01 -2.570299e-01  8.652137e-01  5.807387e+00 
7.683018e+00  1.414597e+02  1.642854e-01 -2.569992e-01  3.536844e-01  9.638354e+01  1.483156e+02  1.645833e-01 -2.590057e-01  8.457982e-01  5.316085e+00 
1.167569e+01  1.426608e+02  1.631725e-01 -2.571858e-01  3.749435e-01  9.780179e+01  1.481541e+02  1.622196e-01 -2.647122e-01  8.221462e-01  5.741911e+00 
7.534746e+00  1.430258e+02  1.650808e-01 -2.600122e-01  3.418879e-01  9.713317e+01  1.472900e+02  1.615635e-01 -2.618273e-01  8.665570e-01  5.617867e+00 
9.559173e+00  1.438683e+02  1.611736e-01 -2.557580e-01  3.325166e-01  9.679187e+01  1.475189e+02  1.618580e-01 -2.618740e-01  8.534767e-01  5.112835e+00 
1.409755e+01  1.447872e+02  1.642011e-01 -2.545375e-01  3.271504e-01  9.651044e+01  1.475007e+02  1.597903e-01 -2.608430e-01  9.003473e-01  5.667984e+00 
8.710863e+00  1.454663e+02  1.609552e-01 -2.543135e-01  3.853821e-01  9.626945e+01  1.472591e+02  1.553205e-01 -2.589006e-01  8.888067e-01  5.940637e+00 
1.086379e+01  1.468869e+02  1.626777e-01 -2.514282e-01  3.459335e-01  9.570991e+01  1.452747e+02  1.529732e-01 -2.528032e-01  8.782690e-01  5.102050e+00 
6.545921e+00  1.478138e+02  1.570088e-01 -2.514960e-01  3.065037e-01  9.822304e+01  1.446056e+02  1.537935e-01 -2.523502e-01  8.943784e-01  6.167370e+00 
1.286787e+01  1.516260e+02  1.535719e-01 -2.493799e-01  2.719754e-01  9.948259e+01  1.457488e+02  1.477500e-01 -2.500174e-01  9.253646e-01  7.299780e+00 
1.295682e+01  1.510379e+02  1.469478e-01 -2.485464e-01  3.502361e-01  9.952609e+01  1.442911e+02  1.501780e-01 -2.535178e-01  9.225469e-01  7.215684e+00 
1.161167e+01  1.501967e+02  1.508995e-01 -2.483120e-01  2.977216e-01  9.912682e+01  1.457140e+02  1.528385e-01 -2.576750e-01  9.230451e-01  8.379146e+00 
1.294158e+01  1.512974e+02  1.524697e-01 -2.434870e-01  2.880197e-01  9.708442e+01  1.427426e+02  1.550362e-01 -2.490736e-01  9.062647e-01  6.852016e+00 
6.910252e+00  1.511378e+02  1.540129e-01 -2.422298e-01  2.527094e-01  9.660136e+01  1.437076e+02  1.546441e-01 -2.465238e-01  9.283938e-01  7.255586e+00 
7.101252e+00  1.509154e+02  1.571189e-01 -2.365412e-01  2.483242e-01  9.487939e+01  1.435341e+02  1.578005e-01 -2.402981e-01  9.301096e-01  7.623933e+00 
1.111194e+01  1.521577e+02  1.524895e-01 -2.405819e-01  2.602488e-01  9.549521e+01  1.437064e+02  1.572939e-01 -2.397876e-01  9.247364e-01  8.726629e+00 
1.149727e+01  1.524486e+02  1.569102e-01 -2.446675e-01  2.655369e-01  9.573499e+01  1.442974e+02  1.542765e-01 -2.368356e-01  9.282404e-01  8.811821e+00 
1.286321e+01  1.524161e+02  1.512799e-01 -2.365242e-01  2.053855e-01  9.673120e+01  1.439918e+02  1.608236e-01 -2.446714e-01  9.445384e-01  9.185472e+00 
1.614732e+01  1.535479e+02  1.556811e-01 -2.360144e-01  2.496804e-01  9.706360e+01  1.431440e+02  1.590920e-01 -2.490151e-01  9.459605e-01  9.728784e+00 
1.604728e+01  1.538355e+02  1.542610e-01 -2.385272e-01  1.781145e-01  9.757481e+01  1.441451e+02  1.603173e-01 -2.506984e-01  9.458364e-01  8.562053e+00 
1.655590e+01  1.528972e+02  1.527567e-01 -2.438480e-01  1.783386e-01  9.855783e+01  1.450024e+02  1.526702e-01 -2.513350e-01  9.399704e-01  8.093059e+00 
8.664178e+00  1.543075e+02  1.493124e-01 -2.496583e-01  1.940808e-01  9.994749e+01  1.423754e+02  1.527903e-01 -2.484938e-01  9.488904e-01  8.854164e+00 
1.214392e+01  1.541344e+02  1.514966e-01 -2.463182e-01  2.694515e-01  1.026162e+02  1.403696e+02  1.549240e-01 -2.498048e-01  9.287303e-01  8.243641e+00 
1.267769e+01  1.523437e+02  1.557572e-01 -2.469437e-01  2.885481e-01  1.035022e+02  1.393923e+02  1.622627e-01 -2.505042e-01  9.045675e-01  1.025469e+01 
1.603378e+01  1.488978e+02  1.534221e-01 -2.447994e-01  3.025992e-01  1.051413e+02  1.403621e+02  1.629810e-01 -2.486862e-01  8.903789e-01  1.028303e+01 
1.657995e+01  1.476169e+02  1.541356e-01 -2.396818e-01  2.936978e-01  1.057155e+02  1.377699e+02  1.591655e-01 -2.487155e-01  8.945238e-01  9.243133e+00 
1.616876e+01  1.464146e+02  1.557317e-01 -2.439408e-01  2.982353e-01  1.045158e+02  1.396915e+02  1.549941e-01 -2.485008e-01  8.977132e-01  9.424091e+00 
1.250520e+01  1.449789e+02  1.543370e-01 -2.423101e-01  2.304166e-01  1.026865e+02  1.401282e+02  1.634944e-01 -2.533028e-01  8.853979e-01  7.975963e+00 
1.279671e+01  1.441552e+02  1.540636e-01 -2.487215e-01  2.074785e-01  1.026552e+02  1.430729e+02  1.590232e-01 -2.493501e-01  9.166052e-01  8.866090e+00 
1.142032e+01  1.449634e+02  1.572388e-01 -2.473620e-01  2.635564e-01  1.036006e+02  1.418005e+02  1.578687e-01 -2.520377e-01  9.015727e-01  8.737445e+00 
1.312602e+01  1.441385e+02  1.515736e-01 -2.534937e-01  2.560283e-01  1.019107e+02  1.425226e+02  1.545161e-01 -2.495317e-01  8.849379e-01  8.270756e+00 
9.684802e+00  1.480229e+02  1.518826e-01 -2.525066e-01  2.801668e-01  1.021629e+02  1.418769e+02  1.573791e-01 -2.572700e-01  8.985464e-01  6.899371e+00 
8.059515e+00  1.493851e+02  1.567836e-01 -2.507225e-01  2.980031e-01  1.017995e+02  1.419747e+02  1.520195e-01 -2.511136e-01  8.985714e-01  6.694682e+00 
8.773983e+00  1.484930e+02  1.579232e-01 -2.525606e-01  2.882577e-01  1.008574e+02  1.430868e+02  1.535566e-01 -2.573326e-01  9.057680e-01  6.173267e+00 
7.707567e+00  1.475430e+02  1.580190e-01 -2.537455e-01  2.379597e-01  1.012320e+02  1.414101e+02  1.511629e-01 -2.580759e-01  8.851395e-01  5.793421e+00 
5.967282e+00  1.469075e+02  1.585026e-01 -2.546431e-01  1.874577e-01  1.006018e+02  1.413511e+02  1.548245e-01 -2.575283e-01  8.849065e-01  5.088598e+00 
1.226231e+01  1.481969e+02  1.575196e-01 -2.548515e-01  1.692241e-01  9.940697e+01  1.392950e+02  1.484075e-01 -2.578072e-01  9.096980e-01  5.051714e+00 
7.296101e+00  1.476055e+02  1.571184e-01 -2.535752e-01  2.529921e-01  9.924491e+01  1.396346e+02  1.574261e-01 -2.585358e-01  8.711901e-01  5.424658e+00 
