1.800000e-01 -5.534375e-01 1.870400e-01 -3.319017e-01 1.784375e-01 -5.518750e-01 1.869737e-01 -3.302921e-01
1.784375e-01 -5.518750e-01 1.869737e-01 -3.302921e-01 1.784375e-01 -5.487500e-01 1.868720e-01 -3.271729e-01
1.737500e-01 -5.440625e-01 1.867572e-01 -3.223652e-01 1.721875e-01 -5.425000e-01 1.867210e-01 -3.207802e-01
1.768750e-01 -5.471875e-01 1.868320e-01 -3.255616e-01 1.753125e-01 -5.456250e-01 1.867879e-01 -3.239637e-01
1.784375e-01 -5.487500e-01 1.868720e-01 -3.271729e-01 1.768750e-01 -5.471875e-01 1.868320e-01 -3.255616e-01
1.753125e-01 -5.456250e-01 1.867879e-01 -3.239637e-01 1.737500e-01 -5.440625e-01 1.867572e-01 -3.223652e-01
1.675000e-01 -5.346875e-01 1.866455e-01 -3.129289e-01 1.659375e-01 -5.331250e-01 1.866353e-01 -3.113710e-01
1.659375e-01 -5.331250e-01 1.866353e-01 -3.113710e-01 1.659375e-01 -5.300000e-01 1.866419e-01 -3.082488e-01
1.721875e-01 -5.425000e-01 1.867210e-01 -3.207802e-01 1.721875e-01 -5.393750e-01 1.866717e-01 -3.176586e-01
1.706250e-01 -5.378125e-01 1.866631e-01 -3.160728e-01 1.690625e-01 -5.362500e-01 1.866472e-01 -3.145009e-01
1.721875e-01 -5.393750e-01 1.866717e-01 -3.176586e-01 1.706250e-01 -5.378125e-01 1.866631e-01 -3.160728e-01
1.690625e-01 -5.362500e-01 1.866472e-01 -3.145009e-01 1.675000e-01 -5.346875e-01 1.866455e-01 -3.129289e-01
1.987500e-01 -5.690625e-01 1.880358e-01 -3.485890e-01 1.971875e-01 -5.675000e-01 1.878976e-01 -3.469138e-01
2.050000e-01 -5.721875e-01 1.883822e-01 -3.522528e-01 2.034375e-01 -5.706250e-01 1.882143e-01 -3.505585e-01
1.987500e-01 -5.690625e-01 1.880358e-01 -3.485890e-01 2.018750e-01 -5.690625e-01 1.880564e-01 -3.488622e-01
2.034375e-01 -5.706250e-01 1.882143e-01 -3.505585e-01 2.018750e-01 -5.690625e-01 1.880564e-01 -3.488622e-01
1.925000e-01 -5.659375e-01 1.877546e-01 -3.450117e-01 1.909375e-01 -5.643750e-01 1.876388e-01 -3.433574e-01
1.893750e-01 -5.628125e-01 1.875348e-01 -3.417017e-01 1.878125e-01 -5.612500e-01 1.874335e-01 -3.400579e-01
1.909375e-01 -5.643750e-01 1.876388e-01 -3.433574e-01 1.893750e-01 -5.628125e-01 1.875348e-01 -3.417017e-01
1.862500e-01 -5.596875e-01 1.873443e-01 -3.384127e-01 1.846875e-01 -5.581250e-01 1.872561e-01 -3.367798e-01
1.831250e-01 -5.565625e-01 1.871804e-01 -3.351457e-01 1.815625e-01 -5.550000e-01 1.871038e-01 -3.335242e-01
1.846875e-01 -5.581250e-01 1.872561e-01 -3.367798e-01 1.831250e-01 -5.565625e-01 1.871804e-01 -3.351457e-01
1.878125e-01 -5.612500e-01 1.874335e-01 -3.400579e-01 1.862500e-01 -5.596875e-01 1.873443e-01 -3.384127e-01
1.925000e-01 -5.659375e-01 1.877546e-01 -3.450117e-01 1.956250e-01 -5.659375e-01 1.877704e-01 -3.452368e-01
1.971875e-01 -5.675000e-01 1.878976e-01 -3.469138e-01 1.956250e-01 -5.659375e-01 1.877704e-01 -3.452368e-01
2.050000e-01 -5.721875e-01 1.883822e-01 -3.522528e-01 2.081250e-01 -5.721875e-01 1.884251e-01 -3.525711e-01
2.081250e-01 -5.721875e-01 1.884251e-01 -3.525711e-01 2.096875e-01 -5.706250e-01 1.882784e-01 -3.511999e-01
2.096875e-01 -5.706250e-01 1.882784e-01 -3.511999e-01 2.112500e-01 -5.690625e-01 1.881172e-01 -3.498319e-01
2.112500e-01 -5.690625e-01 1.881172e-01 -3.498319e-01 2.143750e-01 -5.690625e-01 1.881540e-01 -3.502028e-01
2.143750e-01 -5.690625e-01 1.881540e-01 -3.502028e-01 2.175000e-01 -5.690625e-01 1.882072e-01 -3.505962e-01
2.175000e-01 -5.690625e-01 1.882072e-01 -3.505962e-01 2.190625e-01 -5.675000e-01 1.880370e-01 -3.492706e-01
2.190625e-01 -5.675000e-01 1.880370e-01 -3.492706e-01 2.206250e-01 -5.659375e-01 1.878532e-01 -3.479487e-01
2.206250e-01 -5.659375e-01 1.878532e-01 -3.479487e-01 2.221875e-01 -5.643750e-01 1.876724e-01 -3.466402e-01
2.221875e-01 -5.643750e-01 1.876724e-01 -3.466402e-01 2.237500e-01 -5.628125e-01 1.874784e-01 -3.453358e-01
2.237500e-01 -5.628125e-01 1.874784e-01 -3.453358e-01 2.253125e-01 -5.612500e-01 1.872905e-01 -3.440445e-01
2.253125e-01 -5.612500e-01 1.872905e-01 -3.440445e-01 2.253125e-01 -5.581250e-01 1.868161e-01 -3.409958e-01
2.253125e-01 -5.581250e-01 1.868161e-01 -3.409958e-01 2.268750e-01 -5.565625e-01 1.866023e-01 -3.397130e-01
2.268750e-01 -5.565625e-01 1.866023e-01 -3.397130e-01 2.284375e-01 -5.550000e-01 1.863982e-01 -3.384429e-01
1.815625e-01 -5.550000e-01 1.871038e-01 -3.335242e-01 1.800000e-01 -5.534375e-01 1.870400e-01 -3.319017e-01
2.284375e-01 -5.550000e-01 1.863982e-01 -3.384429e-01 2.300000e-01 -5.534375e-01 1.861815e-01 -3.371773e-01
2.300000e-01 -5.534375e-01 1.861815e-01 -3.371773e-01 2.315625e-01 -5.518750e-01 1.859772e-01 -3.359240e-01
2.315625e-01 -5.518750e-01 1.859772e-01 -3.359240e-01 2.315625e-01 -5.487500e-01 1.854457e-01 -3.328952e-01
2.315625e-01 -5.487500e-01 1.854457e-01 -3.328952e-01 2.331250e-01 -5.471875e-01 1.852173e-01 -3.316513e-01
2.331250e-01 -5.471875e-01 1.852173e-01 -3.316513e-01 2.346875e-01 -5.456250e-01 1.850043e-01 -3.304193e-01
2.346875e-01 -5.456250e-01 1.850043e-01 -3.304193e-01 2.346875e-01 -5.425000e-01 1.844418e-01 -3.274023e-01
2.346875e-01 -5.425000e-01 1.844418e-01 -3.274023e-01 2.346875e-01 -5.393750e-01 1.838716e-01 -3.243878e-01
2.346875e-01 -5.393750e-01 1.838716e-01 -3.243878e-01 2.362500e-01 -5.378125e-01 1.836237e-01 -3.231708e-01
2.362500e-01 -5.378125e-01 1.836237e-01 -3.231708e-01 2.378125e-01 -5.362500e-01 1.833947e-01 -3.219652e-01
2.378125e-01 -5.362500e-01 1.833947e-01 -3.219652e-01 2.378125e-01 -5.331250e-01 1.827938e-01 -3.189635e-01
2.378125e-01 -5.331250e-01 1.827938e-01 -3.189635e-01 2.393750e-01 -5.315625e-01 1.825424e-01 -3.177686e-01
2.393750e-01 -5.315625e-01 1.825424e-01 -3.177686e-01 2.409375e-01 -5.300000e-01 1.823123e-01 -3.165846e-01
1.550000e-01 -5.128125e-01 1.869990e-01 -2.912875e-01 1.534375e-01 -5.112500e-01 1.870461e-01 -2.897925e-01
1.534375e-01 -5.112500e-01 1.870461e-01 -2.897925e-01 1.534375e-01 -5.081250e-01 1.871753e-01 -2.866758e-01
1.518750e-01 -5.065625e-01 1.872532e-01 -2.851835e-01 1.503125e-01 -5.050000e-01 1.873171e-01 -2.837066e-01
1.534375e-01 -5.081250e-01 1.871753e-01 -2.866758e-01 1.518750e-01 -5.065625e-01 1.872532e-01 -2.851835e-01
1.612500e-01 -5.253125e-01 1.866924e-01 -3.036050e-01 1.596875e-01 -5.237500e-01 1.867049e-01 -3.020767e-01
1.643750e-01 -5.284375e-01 1.866604e-01 -3.066911e-01 1.628125e-01 -5.268750e-01 1.866692e-01 -3.051478e-01
1.659375e-01 -5.300000e-01 1.866419e-01 -3.082488e-01 1.643750e-01 -5.284375e-01 1.866604e-01 -3.066911e-01
1.628125e-01 -5.268750e-01 1.866692e-01 -3.051478e-01 1.612500e-01 -5.253125e-01 1.866924e-01 -3.036050e-01
1.596875e-01 -5.237500e-01 1.867049e-01 -3.020767e-01 1.596875e-01 -5.206250e-01 1.867703e-01 -2.989559e-01
1.581250e-01 -5.190625e-01 1.868122e-01 -2.974289e-01 1.565625e-01 -5.175000e-01 1.868422e-01 -2.959167e-01
1.596875e-01 -5.206250e-01 1.867703e-01 -2.989559e-01 1.581250e-01 -5.190625e-01 1.868122e-01 -2.974289e-01
1.565625e-01 -5.175000e-01 1.868422e-01 -2.959167e-01 1.565625e-01 -5.143750e-01 1.869389e-01 -2.927977e-01
1.565625e-01 -5.143750e-01 1.869389e-01 -2.927977e-01 1.550000e-01 -5.128125e-01 1.869990e-01 -2.912875e-01
1.487500e-01 -5.003125e-01 1.875752e-01 -2.791198e-01 1.471875e-01 -4.987500e-01 1.876556e-01 -2.776621e-01
1.503125e-01 -5.050000e-01 1.873171e-01 -2.837066e-01 1.503125e-01 -5.018750e-01 1.874800e-01 -2.805933e-01
1.503125e-01 -5.018750e-01 1.874800e-01 -2.805933e-01 1.487500e-01 -5.003125e-01 1.875752e-01 -2.791198e-01
1.471875e-01 -4.987500e-01 1.876556e-01 -2.776621e-01 1.471875e-01 -4.956250e-01 1.878536e-01 -2.745529e-01
1.456250e-01 -4.940625e-01 1.879659e-01 -2.730994e-01 1.440625e-01 -4.925000e-01 1.880625e-01 -2.716620e-01
1.471875e-01 -4.956250e-01 1.878536e-01 -2.745529e-01 1.456250e-01 -4.940625e-01 1.879659e-01 -2.730994e-01
1.425000e-01 -4.878125e-01 1.884259e-01 -2.671257e-01 1.409375e-01 -4.862500e-01 1.885387e-01 -2.657097e-01
1.409375e-01 -4.862500e-01 1.885387e-01 -2.657097e-01 1.409375e-01 -4.831250e-01 1.888106e-01 -2.626119e-01
1.393750e-01 -4.815625e-01 1.889564e-01 -2.612020e-01 1.378125e-01 -4.800000e-01 1.890853e-01 -2.598088e-01
1.409375e-01 -4.831250e-01 1.888106e-01 -2.626119e-01 1.393750e-01 -4.815625e-01 1.889564e-01 -2.612020e-01
1.440625e-01 -4.925000e-01 1.880625e-01 -2.716620e-01 1.440625e-01 -4.893750e-01 1.882968e-01 -2.685580e-01
1.440625e-01 -4.893750e-01 1.882968e-01 -2.685580e-01 1.425000e-01 -4.878125e-01 1.884259e-01 -2.671257e-01
2.409375e-01 -5.300000e-01 1.823123e-01 -3.165846e-01 2.409375e-01 -5.268750e-01 1.816815e-01 -3.135967e-01
2.409375e-01 -5.268750e-01 1.816815e-01 -3.135967e-01 2.409375e-01 -5.237500e-01 1.810425e-01 -3.106117e-01
2.409375e-01 -5.237500e-01 1.810425e-01 -3.106117e-01 2.409375e-01 -5.206250e-01 1.803950e-01 -3.076299e-01
2.409375e-01 -5.206250e-01 1.803950e-01 -3.076299e-01 2.425000e-01 -5.190625e-01 1.801220e-01 -3.064686e-01
2.425000e-01 -5.190625e-01 1.801220e-01 -3.064686e-01 2.440625e-01 -5.175000e-01 1.798734e-01 -3.053179e-01
2.440625e-01 -5.175000e-01 1.798734e-01 -3.053179e-01 2.440625e-01 -5.143750e-01 1.791963e-01 -3.023511e-01
2.440625e-01 -5.143750e-01 1.791963e-01 -3.023511e-01 2.440625e-01 -5.112500e-01 1.785105e-01 -2.993879e-01
2.440625e-01 -5.112500e-01 1.785105e-01 -2.993879e-01 2.456250e-01 -5.096875e-01 1.782309e-01 -2.982555e-01
2.456250e-01 -5.096875e-01 1.782309e-01 -2.982555e-01 2.471875e-01 -5.081250e-01 1.779778e-01 -2.971332e-01
2.471875e-01 -5.081250e-01 1.779778e-01 -2.971332e-01 2.471875e-01 -5.050000e-01 1.772628e-01 -2.941863e-01
2.471875e-01 -5.050000e-01 1.772628e-01 -2.941863e-01 2.471875e-01 -5.018750e-01 1.765387e-01 -2.912433e-01
2.471875e-01 -5.018750e-01 1.765387e-01 -2.912433e-01 2.471875e-01 -4.987500e-01 1.758053e-01 -2.883044e-01
2.471875e-01 -4.987500e-01 1.758053e-01 -2.883044e-01 2.487500e-01 -4.971875e-01 1.755125e-01 -2.872085e-01
2.487500e-01 -4.971875e-01 1.755125e-01 -2.872085e-01 2.503125e-01 -4.956250e-01 1.752482e-01 -2.861223e-01
2.503125e-01 -4.956250e-01 1.752482e-01 -2.861223e-01 2.503125e-01 -4.925000e-01 1.744857e-01 -2.832014e-01
2.503125e-01 -4.925000e-01 1.744857e-01 -2.832014e-01 2.503125e-01 -4.893750e-01 1.737136e-01 -2.802852e-01
2.503125e-01 -4.893750e-01 1.737136e-01 -2.802852e-01 2.503125e-01 -4.862500e-01 1.729317e-01 -2.773735e-01
2.503125e-01 -4.862500e-01 1.729317e-01 -2.773735e-01 2.518750e-01 -4.846875e-01 1.726289e-01 -2.763162e-01
2.518750e-01 -4.846875e-01 1.726289e-01 -2.763162e-01 2.534375e-01 -4.831250e-01 1.723561e-01 -2.752683e-01
2.534375e-01 -4.831250e-01 1.723561e-01 -2.752683e-01 2.534375e-01 -4.800000e-01 1.715450e-01 -2.723767e-01
1.300000e-01 -4.659375e-01 1.905730e-01 -2.468377e-01 1.284375e-01 -4.643750e-01 1.907332e-01 -2.455157e-01
1.284375e-01 -4.643750e-01 1.907332e-01 -2.455157e-01 1.284375e-01 -4.612500e-01 1.911608e-01 -2.424544e-01
1.268750e-01 -4.596875e-01 1.913555e-01 -2.411428e-01 1.253125e-01 -4.581250e-01 1.915317e-01 -2.398488e-01
1.284375e-01 -4.612500e-01 1.911608e-01 -2.424544e-01 1.268750e-01 -4.596875e-01 1.913555e-01 -2.411428e-01
1.253125e-01 -4.581250e-01 1.915317e-01 -2.398488e-01 1.253125e-01 -4.550000e-01 1.920032e-01 -2.368007e-01
1.237500e-01 -4.534375e-01 1.922146e-01 -2.355184e-01 1.221875e-01 -4.518750e-01 1.924070e-01 -2.342539e-01
1.221875e-01 -4.518750e-01 1.924070e-01 -2.342539e-01 1.221875e-01 -4.487500e-01 1.929238e-01 -2.312210e-01
1.253125e-01 -4.550000e-01 1.920032e-01 -2.368007e-01 1.237500e-01 -4.534375e-01 1.922146e-01 -2.355184e-01
1.206250e-01 -4.471875e-01 1.931521e-01 -2.299698e-01 1.190625e-01 -4.456250e-01 1.933609e-01 -2.287366e-01
1.221875e-01 -4.487500e-01 1.929238e-01 -2.312210e-01 1.206250e-01 -4.471875e-01 1.931521e-01 -2.299698e-01
1.190625e-01 -4.456250e-01 1.933609e-01 -2.287366e-01 1.190625e-01 -4.425000e-01 1.939248e-01 -2.257211e-01
1.175000e-01 -4.409375e-01 1.941700e-01 -2.245029e-01 1.159375e-01 -4.393750e-01 1.943955e-01 -2.233030e-01
1.159375e-01 -4.393750e-01 1.943955e-01 -2.233030e-01 1.159375e-01 -4.362500e-01 1.950079e-01 -2.203071e-01
1.143750e-01 -4.346875e-01 1.952703e-01 -2.191239e-01 1.128125e-01 -4.331250e-01 1.955126e-01 -2.179594e-01
1.159375e-01 -4.362500e-01 1.950079e-01 -2.203071e-01 1.143750e-01 -4.346875e-01 1.952703e-01 -2.191239e-01
1.128125e-01 -4.331250e-01 1.955126e-01 -2.179594e-01 1.128125e-01 -4.300000e-01 1.961753e-01 -2.149857e-01
1.190625e-01 -4.425000e-01 1.939248e-01 -2.257211e-01 1.175000e-01 -4.409375e-01 1.941700e-01 -2.245029e-01
1.362500e-01 -4.753125e-01 1.895586e-01 -2.553323e-01 1.346875e-01 -4.737500e-01 1.897035e-01 -2.539631e-01
1.378125e-01 -4.800000e-01 1.890853e-01 -2.598088e-01 1.378125e-01 -4.768750e-01 1.893961e-01 -2.567184e-01
1.378125e-01 -4.768750e-01 1.893961e-01 -2.567184e-01 1.362500e-01 -4.753125e-01 1.895586e-01 -2.553323e-01
1.346875e-01 -4.737500e-01 1.897035e-01 -2.539631e-01 1.346875e-01 -4.706250e-01 1.900547e-01 -2.508815e-01
1.331250e-01 -4.690625e-01 1.902338e-01 -2.495206e-01 1.315625e-01 -4.675000e-01 1.903948e-01 -2.481768e-01
1.346875e-01 -4.706250e-01 1.900547e-01 -2.508815e-01 1.331250e-01 -4.690625e-01 1.902338e-01 -2.495206e-01
1.315625e-01 -4.675000e-01 1.903948e-01 -2.481768e-01 1.300000e-01 -4.659375e-01 1.905730e-01 -2.468377e-01
2.534375e-01 -4.800000e-01 1.715450e-01 -2.723767e-01 2.534375e-01 -4.768750e-01 1.707236e-01 -2.694905e-01
2.534375e-01 -4.768750e-01 1.707236e-01 -2.694905e-01 2.534375e-01 -4.737500e-01 1.698918e-01 -2.666096e-01
2.534375e-01 -4.737500e-01 1.698918e-01 -2.666096e-01 2.550000e-01 -4.721875e-01 1.695814e-01 -2.655933e-01
2.550000e-01 -4.721875e-01 1.695814e-01 -2.655933e-01 2.565625e-01 -4.706250e-01 1.693019e-01 -2.645863e-01
2.565625e-01 -4.706250e-01 1.693019e-01 -2.645863e-01 2.565625e-01 -4.675000e-01 1.684407e-01 -2.617278e-01
2.565625e-01 -4.675000e-01 1.684407e-01 -2.617278e-01 2.565625e-01 -4.643750e-01 1.675684e-01 -2.588755e-01
2.565625e-01 -4.643750e-01 1.675684e-01 -2.588755e-01 2.565625e-01 -4.612500e-01 1.666850e-01 -2.560296e-01
2.565625e-01 -4.612500e-01 1.666850e-01 -2.560296e-01 2.565625e-01 -4.581250e-01 1.657901e-01 -2.531901e-01
2.565625e-01 -4.581250e-01 1.657901e-01 -2.531901e-01 2.581250e-01 -4.565625e-01 1.654641e-01 -2.522271e-01
2.581250e-01 -4.565625e-01 1.654641e-01 -2.522271e-01 2.596875e-01 -4.550000e-01 1.651701e-01 -2.512734e-01
2.596875e-01 -4.550000e-01 1.651701e-01 -2.512734e-01 2.596875e-01 -4.518750e-01 1.642449e-01 -2.484597e-01
2.596875e-01 -4.518750e-01 1.642449e-01 -2.484597e-01 2.596875e-01 -4.487500e-01 1.633076e-01 -2.456534e-01
2.596875e-01 -4.487500e-01 1.633076e-01 -2.456534e-01 2.596875e-01 -4.456250e-01 1.623581e-01 -2.428548e-01
2.596875e-01 -4.456250e-01 1.623581e-01 -2.428548e-01 2.612500e-01 -4.440625e-01 1.620268e-01 -2.419405e-01
2.612500e-01 -4.440625e-01 1.620268e-01 -2.419405e-01 2.628125e-01 -4.425000e-01 1.617278e-01 -2.410356e-01
2.628125e-01 -4.425000e-01 1.617278e-01 -2.410356e-01 2.628125e-01 -4.393750e-01 1.607470e-01 -2.382660e-01
2.628125e-01 -4.393750e-01 1.607470e-01 -2.382660e-01 2.628125e-01 -4.362500e-01 1.597532e-01 -2.355051e-01
2.628125e-01 -4.362500e-01 1.597532e-01 -2.355051e-01 2.628125e-01 -4.331250e-01 1.587462e-01 -2.327533e-01
2.628125e-01 -4.331250e-01 1.587462e-01 -2.327533e-01 2.643750e-01 -4.315625e-01 1.584098e-01 -2.318924e-01
2.643750e-01 -4.315625e-01 1.584098e-01 -2.318924e-01 2.659375e-01 -4.300000e-01 1.581058e-01 -2.310408e-01
8.000000e-02 -3.815625e-01 2.071261e-01 -1.809504e-01 7.843750e-02 -3.800000e-01 2.074400e-01 -1.802376e-01
1.050000e-01 -4.190625e-01 1.982975e-01 -2.064951e-01 1.034375e-01 -4.175000e-01 1.985716e-01 -2.054384e-01
1.034375e-01 -4.175000e-01 1.985716e-01 -2.054384e-01 1.034375e-01 -4.143750e-01 1.993786e-01 -2.025419e-01
1.018750e-01 -4.128125e-01 1.996909e-01 -2.015097e-01 1.003125e-01 -4.112500e-01 1.999815e-01 -2.004968e-01
1.034375e-01 -4.143750e-01 1.993786e-01 -2.025419e-01 1.018750e-01 -4.128125e-01 1.996909e-01 -2.015097e-01
9.875000e-02 -4.096875e-01 2.002912e-01 -1.994972e-01 9.718750e-02 -4.081250e-01 2.005791e-01 -1.985168e-01
9.718750e-02 -4.081250e-01 2.005791e-01 -1.985168e-01 9.718750e-02 -4.050000e-01 2.014806e-01 -1.956825e-01
1.003125e-01 -4.112500e-01 1.999815e-01 -2.004968e-01 9.875000e-02 -4.096875e-01 2.002912e-01 -1.994972e-01
1.112500e-01 -4.284375e-01 1.964551e-01 -2.138398e-01 1.096875e-01 -4.268750e-01 1.967143e-01 -2.127128e-01
1.081250e-01 -4.253125e-01 1.969923e-01 -2.115960e-01 1.065625e-01 -4.237500e-01 1.972496e-01 -2.104980e-01
1.096875e-01 -4.268750e-01 1.967143e-01 -2.127128e-01 1.081250e-01 -4.253125e-01 1.969923e-01 -2.115960e-01
1.128125e-01 -4.300000e-01 1.961753e-01 -2.149857e-01 1.112500e-01 -4.284375e-01 1.964551e-01 -2.138398e-01
1.065625e-01 -4.237500e-01 1.972496e-01 -2.104980e-01 1.065625e-01 -4.206250e-01 1.980023e-01 -2.075709e-01
1.065625e-01 -4.206250e-01 1.980023e-01 -2.075709e-01 1.050000e-01 -4.190625e-01 1.982975e-01 -2.064951e-01
9.250000e-02 -4.003125e-01 2.024330e-01 -1.928815e-01 9.093750e-02 -3.987500e-01 2.027328e-01 -1.919837e-01
9.093750e-02 -3.987500e-01 2.027328e-01 -1.919837e-01 9.093750e-02 -3.956250e-01 2.037306e-01 -1.892230e-01
8.937500e-02 -3.940625e-01 2.040685e-01 -1.883586e-01 8.781250e-02 -3.925000e-01 2.043826e-01 -1.875133e-01
9.093750e-02 -3.956250e-01 2.037306e-01 -1.892230e-01 8.937500e-02 -3.940625e-01 2.040685e-01 -1.883586e-01
9.562500e-02 -4.034375e-01 2.018068e-01 -1.947308e-01 9.406250e-02 -4.018750e-01 2.021103e-01 -1.937984e-01
9.718750e-02 -4.050000e-01 2.014806e-01 -1.956825e-01 9.562500e-02 -4.034375e-01 2.018068e-01 -1.947308e-01
9.406250e-02 -4.018750e-01 2.021103e-01 -1.937984e-01 9.250000e-02 -4.003125e-01 2.024330e-01 -1.928815e-01
8.625000e-02 -3.909375e-01 2.047156e-01 -1.866860e-01 8.468750e-02 -3.893750e-01 2.050245e-01 -1.858773e-01
8.312500e-02 -3.878125e-01 2.053519e-01 -1.850876e-01 8.156250e-02 -3.862500e-01 2.056549e-01 -1.843162e-01
8.468750e-02 -3.893750e-01 2.050245e-01 -1.858773e-01 8.312500e-02 -3.878125e-01 2.053519e-01 -1.850876e-01
8.781250e-02 -3.925000e-01 2.043826e-01 -1.875133e-01 8.625000e-02 -3.909375e-01 2.047156e-01 -1.866860e-01
8.156250e-02 -3.862500e-01 2.056549e-01 -1.843162e-01 8.156250e-02 -3.831250e-01 2.067867e-01 -1.816813e-01
8.156250e-02 -3.831250e-01 2.067867e-01 -1.816813e-01 8.000000e-02 -3.815625e-01 2.071261e-01 -1.809504e-01
2.659375e-01 -4.300000e-01 1.581058e-01 -2.310408e-01 2.659375e-01 -4.268750e-01 1.570663e-01 -2.283219e-01
2.659375e-01 -4.268750e-01 1.570663e-01 -2.283219e-01 2.659375e-01 -4.237500e-01 1.560129e-01 -2.256133e-01
2.659375e-01 -4.237500e-01 1.560129e-01 -2.256133e-01 2.659375e-01 -4.206250e-01 1.549452e-01 -2.229154e-01
2.659375e-01 -4.206250e-01 1.549452e-01 -2.229154e-01 2.675000e-01 -4.190625e-01 1.546033e-01 -2.221132e-01
2.675000e-01 -4.190625e-01 1.546033e-01 -2.221132e-01 2.690625e-01 -4.175000e-01 1.542939e-01 -2.213205e-01
2.690625e-01 -4.175000e-01 1.542939e-01 -2.213205e-01 2.690625e-01 -4.143750e-01 1.531924e-01 -2.186601e-01
2.690625e-01 -4.143750e-01 1.531924e-01 -2.186601e-01 2.690625e-01 -4.112500e-01 1.520757e-01 -2.160119e-01
2.690625e-01 -4.112500e-01 1.520757e-01 -2.160119e-01 2.706250e-01 -4.096875e-01 1.517377e-01 -2.152603e-01
2.706250e-01 -4.096875e-01 1.517377e-01 -2.152603e-01 2.721875e-01 -4.081250e-01 1.514322e-01 -2.145182e-01
2.721875e-01 -4.081250e-01 1.514322e-01 -2.145182e-01 2.721875e-01 -4.050000e-01 1.502808e-01 -2.119118e-01
2.721875e-01 -4.050000e-01 1.502808e-01 -2.119118e-01 2.721875e-01 -4.018750e-01 1.491134e-01 -2.093194e-01
2.721875e-01 -4.018750e-01 1.491134e-01 -2.093194e-01 2.737500e-01 -4.003125e-01 1.487791e-01 -2.086224e-01
2.737500e-01 -4.003125e-01 1.487791e-01 -2.086224e-01 2.753125e-01 -3.987500e-01 1.484773e-01 -2.079349e-01
2.753125e-01 -3.987500e-01 1.484773e-01 -2.079349e-01 2.753125e-01 -3.956250e-01 1.472743e-01 -2.053889e-01
2.753125e-01 -3.956250e-01 1.472743e-01 -2.053889e-01 2.753125e-01 -3.925000e-01 1.460543e-01 -2.028589e-01
2.753125e-01 -3.925000e-01 1.460543e-01 -2.028589e-01 2.768750e-01 -3.909375e-01 1.457239e-01 -2.022210e-01
2.768750e-01 -3.909375e-01 1.457239e-01 -2.022210e-01 2.784375e-01 -3.893750e-01 1.454260e-01 -2.015925e-01
2.784375e-01 -3.893750e-01 1.454260e-01 -2.015925e-01 2.784375e-01 -3.862500e-01 1.441697e-01 -1.991143e-01
2.784375e-01 -3.862500e-01 1.441697e-01 -1.991143e-01 2.800000e-01 -3.846875e-01 1.438531e-01 -1.985216e-01
2.800000e-01 -3.846875e-01 1.438531e-01 -1.985216e-01 2.815625e-01 -3.831250e-01 1.435688e-01 -1.979380e-01
2.815625e-01 -3.831250e-01 1.435688e-01 -1.979380e-01 2.815625e-01 -3.800000e-01 1.422761e-01 -1.955157e-01
7.375000e-02 -3.753125e-01 2.084006e-01 -1.782216e-01 7.218750e-02 -3.737500e-01 2.086972e-01 -1.775875e-01
7.687500e-02 -3.784375e-01 2.077718e-01 -1.795463e-01 7.531250e-02 -3.768750e-01 2.080776e-01 -1.788727e-01
7.843750e-02 -3.800000e-01 2.074400e-01 -1.802376e-01 7.687500e-02 -3.784375e-01 2.077718e-01 -1.795463e-01
7.531250e-02 -3.768750e-01 2.080776e-01 -1.788727e-01 7.375000e-02 -3.753125e-01 2.084006e-01 -1.782216e-01
7.062500e-02 -3.721875e-01 2.090106e-01 -1.769770e-01 6.906250e-02 -3.706250e-01 2.092969e-01 -1.763828e-01
7.218750e-02 -3.737500e-01 2.086972e-01 -1.775875e-01 7.062500e-02 -3.721875e-01 2.090106e-01 -1.769770e-01
6.906250e-02 -3.706250e-01 2.092969e-01 -1.763828e-01 6.906250e-02 -3.675000e-01 2.105910e-01 -1.739490e-01
6.750000e-02 -3.659375e-01 2.109096e-01 -1.734045e-01 6.593750e-02 -3.643750e-01 2.111998e-01 -1.728758e-01
6.437500e-02 -3.628125e-01 2.115053e-01 -1.723733e-01 6.281250e-02 -3.612500e-01 2.117821e-01 -1.718857e-01
6.593750e-02 -3.643750e-01 2.111998e-01 -1.728758e-01 6.437500e-02 -3.628125e-01 2.115053e-01 -1.723733e-01
6.125000e-02 -3.596875e-01 2.120733e-01 -1.714252e-01 5.968750e-02 -3.581250e-01 2.123352e-01 -1.709788e-01
5.812500e-02 -3.565625e-01 2.126106e-01 -1.705604e-01 5.656250e-02 -3.550000e-01 2.128561e-01 -1.701551e-01
5.968750e-02 -3.581250e-01 2.123352e-01 -1.709788e-01 5.812500e-02 -3.565625e-01 2.126106e-01 -1.705604e-01
6.281250e-02 -3.612500e-01 2.117821e-01 -1.718857e-01 6.125000e-02 -3.596875e-01 2.120733e-01 -1.714252e-01
6.906250e-02 -3.675000e-01 2.105910e-01 -1.739490e-01 6.750000e-02 -3.659375e-01 2.109096e-01 -1.734045e-01
5.500000e-02 -3.534375e-01 2.131143e-01 -1.697785e-01 5.343750e-02 -3.518750e-01 2.133420e-01 -1.694140e-01
5.187500e-02 -3.503125e-01 2.135813e-01 -1.690790e-01 5.031250e-02 -3.487500e-01 2.137896e-01 -1.687550e-01
5.343750e-02 -3.518750e-01 2.133420e-01 -1.694140e-01 5.187500e-02 -3.503125e-01 2.135813e-01 -1.690790e-01
4.875000e-02 -3.471875e-01 2.140084e-01 -1.684612e-01 4.718750e-02 -3.456250e-01 2.141959e-01 -1.681773e-01
4.562500e-02 -3.440625e-01 2.143925e-01 -1.679241e-01 4.406250e-02 -3.425000e-01 2.145574e-01 -1.676796e-01
4.718750e-02 -3.456250e-01 2.141959e-01 -1.681773e-01 4.562500e-02 -3.440625e-01 2.143925e-01 -1.679241e-01
5.031250e-02 -3.487500e-01 2.137896e-01 -1.687550e-01 4.875000e-02 -3.471875e-01 2.140084e-01 -1.684612e-01
4.250000e-02 -3.409375e-01 2.147303e-01 -1.674664e-01 4.093750e-02 -3.393750e-01 2.148711e-01 -1.672606e-01
3.937500e-02 -3.378125e-01 2.150185e-01 -1.670866e-01 3.781250e-02 -3.362500e-01 2.151335e-01 -1.669186e-01
4.093750e-02 -3.393750e-01 2.148711e-01 -1.672606e-01 3.937500e-02 -3.378125e-01 2.150185e-01 -1.670866e-01
3.625000e-02 -3.346875e-01 2.152538e-01 -1.667827e-01 3.468750e-02 -3.331250e-01 2.153414e-01 -1.666516e-01
3.312500e-02 -3.315625e-01 2.154330e-01 -1.665527e-01 3.156250e-02 -3.300000e-01 2.154915e-01 -1.664573e-01
3.468750e-02 -3.331250e-01 2.153414e-01 -1.666516e-01 3.312500e-02 -3.315625e-01 2.154330e-01 -1.665527e-01
3.781250e-02 -3.362500e-01 2.151335e-01 -1.669186e-01 3.625000e-02 -3.346875e-01 2.152538e-01 -1.667827e-01
4.406250e-02 -3.425000e-01 2.145574e-01 -1.676796e-01 4.250000e-02 -3.409375e-01 2.147303e-01 -1.674664e-01
5.656250e-02 -3.550000e-01 2.128561e-01 -1.701551e-01 5.500000e-02 -3.534375e-01 2.131143e-01 -1.697785e-01
2.815625e-01 -3.800000e-01 1.422761e-01 -1.955157e-01 2.815625e-01 -3.768750e-01 1.409649e-01 -1.931136e-01
2.815625e-01 -3.768750e-01 1.409649e-01 -1.931136e-01 2.831250e-01 -3.753125e-01 1.406534e-01 -1.925882e-01
2.831250e-01 -3.753125e-01 1.406534e-01 -1.925882e-01 2.846875e-01 -3.737500e-01 1.403745e-01 -1.920716e-01
2.846875e-01 -3.737500e-01 1.403745e-01 -1.920716e-01 2.846875e-01 -3.706250e-01 1.390267e-01 -1.897318e-01
2.846875e-01 -3.706250e-01 1.390267e-01 -1.897318e-01 2.862500e-01 -3.690625e-01 1.387304e-01 -1.892571e-01
2.862500e-01 -3.690625e-01 1.387304e-01 -1.892571e-01 2.878125e-01 -3.675000e-01 1.384670e-01 -1.887908e-01
2.878125e-01 -3.675000e-01 1.384670e-01 -1.887908e-01 2.878125e-01 -3.643750e-01 1.370829e-01 -1.865180e-01
2.878125e-01 -3.643750e-01 1.370829e-01 -1.865180e-01 2.893750e-01 -3.628125e-01 1.368031e-01 -1.860962e-01
2.893750e-01 -3.628125e-01 1.368031e-01 -1.860962e-01 2.909375e-01 -3.612500e-01 1.365563e-01 -1.856823e-01
2.909375e-01 -3.612500e-01 1.365563e-01 -1.856823e-01 2.909375e-01 -3.581250e-01 1.351369e-01 -1.834815e-01
2.909375e-01 -3.581250e-01 1.351369e-01 -1.834815e-01 2.925000e-01 -3.565625e-01 1.348749e-01 -1.831147e-01
2.925000e-01 -3.565625e-01 1.348749e-01 -1.831147e-01 2.940625e-01 -3.550000e-01 1.346464e-01 -1.827552e-01
2.940625e-01 -3.550000e-01 1.346464e-01 -1.827552e-01 2.940625e-01 -3.518750e-01 1.331928e-01 -1.806315e-01
2.940625e-01 -3.518750e-01 1.331928e-01 -1.806315e-01 2.956250e-01 -3.503125e-01 1.329506e-01 -1.803218e-01
2.956250e-01 -3.503125e-01 1.329506e-01 -1.803218e-01 2.971875e-01 -3.487500e-01 1.327423e-01 -1.800185e-01
2.971875e-01 -3.487500e-01 1.327423e-01 -1.800185e-01 2.987500e-01 -3.471875e-01 1.325280e-01 -1.797410e-01
2.987500e-01 -3.471875e-01 1.325280e-01 -1.797410e-01 3.003125e-01 -3.456250e-01 1.323474e-01 -1.794691e-01
3.003125e-01 -3.456250e-01 1.323474e-01 -1.794691e-01 3.003125e-01 -3.425000e-01 1.308504e-01 -1.774811e-01
3.003125e-01 -3.425000e-01 1.308504e-01 -1.774811e-01 3.018750e-01 -3.409375e-01 1.306597e-01 -1.772627e-01
3.018750e-01 -3.409375e-01 1.306597e-01 -1.772627e-01 3.034375e-01 -3.393750e-01 1.305032e-01 -1.770489e-01
3.034375e-01 -3.393750e-01 1.305032e-01 -1.770489e-01 3.050000e-01 -3.378125e-01 1.303428e-01 -1.768627e-01
3.050000e-01 -3.378125e-01 1.303428e-01 -1.768627e-01 3.065625e-01 -3.362500e-01 1.302165e-01 -1.766800e-01
3.065625e-01 -3.362500e-01 1.302165e-01 -1.766800e-01 3.065625e-01 -3.331250e-01 1.286848e-01 -1.748391e-01
3.065625e-01 -3.331250e-01 1.286848e-01 -1.748391e-01 3.081250e-01 -3.315625e-01 1.285528e-01 -1.747133e-01
3.081250e-01 -3.315625e-01 1.285528e-01 -1.747133e-01 3.096875e-01 -3.300000e-01 1.284554e-01 -1.745896e-01
3.000000e-02 -3.284375e-01 2.155527e-01 -1.663942e-01 2.843750e-02 -3.268750e-01 2.155807e-01 -1.663331e-01
2.687500e-02 -3.253125e-01 2.156100e-01 -1.663045e-01 2.531250e-02 -3.237500e-01 2.156059e-01 -1.662763e-01
2.843750e-02 -3.268750e-01 2.155807e-01 -1.663331e-01 2.687500e-02 -3.253125e-01 2.156100e-01 -1.663045e-01
2.375000e-02 -3.190625e-01 2.171628e-01 -1.647599e-01 2.218750e-02 -3.175000e-01 2.171235e-01 -1.647953e-01
2.531250e-02 -3.237500e-01 2.156059e-01 -1.662763e-01 2.531250e-02 -3.206250e-01 2.171681e-01 -1.647227e-01
2.531250e-02 -3.206250e-01 2.171681e-01 -1.647227e-01 2.375000e-02 -3.190625e-01 2.171628e-01 -1.647599e-01
1.750000e-02 -3.128125e-01 2.169263e-01 -1.650255e-01 1.593750e-02 -3.112500e-01 2.168130e-01 -1.651179e-01
1.125000e-02 -3.065625e-01 2.163825e-01 -1.655092e-01 9.687500e-03 -3.050000e-01 2.161902e-01 -1.656506e-01
1.437500e-02 -3.096875e-01 2.166941e-01 -1.652421e-01 1.281250e-02 -3.081250e-01 2.165418e-01 -1.653601e-01
1.593750e-02 -3.112500e-01 2.168130e-01 -1.651179e-01 1.437500e-02 -3.096875e-01 2.166941e-01 -1.652421e-01
1.281250e-02 -3.081250e-01 2.165418e-01 -1.653601e-01 1.125000e-02 -3.065625e-01 2.163825e-01 -1.655092e-01
2.062500e-02 -3.159375e-01 2.170817e-01 -1.648635e-01 1.906250e-02 -3.143750e-01 2.170060e-01 -1.649283e-01
2.218750e-02 -3.175000e-01 2.171235e-01 -1.647953e-01 2.062500e-02 -3.159375e-01 2.170817e-01 -1.648635e-01
1.906250e-02 -3.143750e-01 2.170060e-01 -1.649283e-01 1.750000e-02 -3.128125e-01 2.169263e-01 -1.650255e-01
5.000000e-03 -3.003125e-01 2.155129e-01 -1.661772e-01 3.437500e-03 -2.987500e-01 2.152377e-01 -1.663588e-01
1.875000e-03 -2.971875e-01 2.149513e-01 -1.665691e-01 3.125000e-04 -2.956250e-01 2.146335e-01 -1.667674e-01
3.437500e-03 -2.987500e-01 2.152377e-01 -1.663588e-01 1.875000e-03 -2.971875e-01 2.149513e-01 -1.665691e-01
3.125000e-04 -2.956250e-01 2.146335e-01 -1.667674e-01 3.125000e-04 -2.925000e-01 2.160925e-01 -1.657604e-01
-7.500000e-03 -2.846875e-01 2.141280e-01 -1.670431e-01 -9.062500e-03 -2.831250e-01 2.136630e-01 -1.673013e-01
-9.062500e-03 -2.831250e-01 2.136630e-01 -1.673013e-01 -9.062500e-03 -2.800000e-01 2.150255e-01 -1.665025e-01
-1.250000e-03 -2.909375e-01 2.157485e-01 -1.660138e-01 -2.812500e-03 -2.893750e-01 2.153735e-01 -1.662529e-01
-4.375000e-03 -2.878125e-01 2.149837e-01 -1.665183e-01 -5.937500e-03 -2.862500e-01 2.145639e-01 -1.667682e-01
-2.812500e-03 -2.893750e-01 2.153735e-01 -1.662529e-01 -4.375000e-03 -2.878125e-01 2.149837e-01 -1.665183e-01
3.125000e-04 -2.925000e-01 2.160925e-01 -1.657604e-01 -1.250000e-03 -2.909375e-01 2.157485e-01 -1.660138e-01
-5.937500e-03 -2.862500e-01 2.145639e-01 -1.667682e-01 -7.500000e-03 -2.846875e-01 2.141280e-01 -1.670431e-01
8.125000e-03 -3.034375e-01 2.159894e-01 -1.658224e-01 6.562500e-03 -3.018750e-01 2.157561e-01 -1.659850e-01
9.687500e-03 -3.050000e-01 2.161902e-01 -1.656506e-01 8.125000e-03 -3.034375e-01 2.159894e-01 -1.658224e-01
6.562500e-03 -3.018750e-01 2.157561e-01 -1.659850e-01 5.000000e-03 -3.003125e-01 2.155129e-01 -1.661772e-01
3.156250e-02 -3.300000e-01 2.154915e-01 -1.664573e-01 3.000000e-02 -3.284375e-01 2.155527e-01 -1.663942e-01
3.096875e-01 -3.300000e-01 1.284554e-01 -1.745896e-01 3.112500e-01 -3.284375e-01 1.283565e-01 -1.744951e-01
3.112500e-01 -3.284375e-01 1.283565e-01 -1.744951e-01 3.128125e-01 -3.268750e-01 1.282922e-01 -1.744016e-01
3.128125e-01 -3.268750e-01 1.282922e-01 -1.744016e-01 3.143750e-01 -3.253125e-01 1.282274e-01 -1.743375e-01
3.143750e-01 -3.253125e-01 1.282274e-01 -1.743375e-01 3.159375e-01 -3.237500e-01 1.281970e-01 -1.742733e-01
3.159375e-01 -3.237500e-01 1.281970e-01 -1.742733e-01 3.159375e-01 -3.206250e-01 1.266425e-01 -1.726494e-01
3.159375e-01 -3.206250e-01 1.266425e-01 -1.726494e-01 3.175000e-01 -3.190625e-01 1.266140e-01 -1.726450e-01
3.175000e-01 -3.190625e-01 1.266140e-01 -1.726450e-01 3.190625e-01 -3.175000e-01 1.266204e-01 -1.726386e-01
3.190625e-01 -3.175000e-01 1.266204e-01 -1.726386e-01 3.206250e-01 -3.159375e-01 1.266293e-01 -1.726625e-01
3.206250e-01 -3.159375e-01 1.266293e-01 -1.726625e-01 3.221875e-01 -3.143750e-01 1.266727e-01 -1.726833e-01
3.221875e-01 -3.143750e-01 1.266727e-01 -1.726833e-01 3.237500e-01 -3.128125e-01 1.267199e-01 -1.727343e-01
3.237500e-01 -3.128125e-01 1.267199e-01 -1.727343e-01 3.253125e-01 -3.112500e-01 1.268014e-01 -1.727809e-01
3.253125e-01 -3.112500e-01 1.268014e-01 -1.727809e-01 3.253125e-01 -3.081250e-01 1.252527e-01 -1.713854e-01
3.253125e-01 -3.081250e-01 1.252527e-01 -1.713854e-01 3.268750e-01 -3.065625e-01 1.253449e-01 -1.714924e-01
3.268750e-01 -3.065625e-01 1.253449e-01 -1.714924e-01 3.284375e-01 -3.050000e-01 1.254717e-01 -1.715930e-01
3.284375e-01 -3.050000e-01 1.254717e-01 -1.715930e-01 3.300000e-01 -3.034375e-01 1.256055e-01 -1.717238e-01
3.300000e-01 -3.034375e-01 1.256055e-01 -1.717238e-01 3.315625e-01 -3.018750e-01 1.257733e-01 -1.718468e-01
3.315625e-01 -3.018750e-01 1.257733e-01 -1.718468e-01 3.331250e-01 -3.003125e-01 1.259496e-01 -1.719995e-01
3.331250e-01 -3.003125e-01 1.259496e-01 -1.719995e-01 3.346875e-01 -2.987500e-01 1.261593e-01 -1.721431e-01
3.346875e-01 -2.987500e-01 1.261593e-01 -1.721431e-01 3.346875e-01 -2.956250e-01 1.246493e-01 -1.709788e-01
3.346875e-01 -2.956250e-01 1.246493e-01 -1.709788e-01 3.362500e-01 -2.940625e-01 1.248793e-01 -1.711809e-01
3.362500e-01 -2.940625e-01 1.248793e-01 -1.711809e-01 3.378125e-01 -2.925000e-01 1.251427e-01 -1.713718e-01
3.378125e-01 -2.925000e-01 1.251427e-01 -1.713718e-01 3.393750e-01 -2.909375e-01 1.254178e-01 -1.715914e-01
3.393750e-01 -2.909375e-01 1.254178e-01 -1.715914e-01 3.409375e-01 -2.893750e-01 1.257256e-01 -1.717984e-01
3.409375e-01 -2.893750e-01 1.257256e-01 -1.717984e-01 3.425000e-01 -2.878125e-01 1.260466e-01 -1.720332e-01
3.425000e-01 -2.878125e-01 1.260466e-01 -1.720332e-01 3.440625e-01 -2.862500e-01 1.263993e-01 -1.722542e-01
3.440625e-01 -2.862500e-01 1.263993e-01 -1.722542e-01 3.456250e-01 -2.846875e-01 1.267665e-01 -1.725021e-01
3.456250e-01 -2.846875e-01 1.267665e-01 -1.725021e-01 3.471875e-01 -2.831250e-01 1.271646e-01 -1.727350e-01
3.471875e-01 -2.831250e-01 1.271646e-01 -1.727350e-01 3.471875e-01 -2.800000e-01 1.257593e-01 -1.718472e-01
-2.000000e-02 -2.659375e-01 2.122291e-01 -1.679871e-01 -2.156250e-02 -2.643750e-01 2.115411e-01 -1.682886e-01
-2.156250e-02 -2.643750e-01 2.115411e-01 -1.682886e-01 -2.156250e-02 -2.612500e-01 2.127139e-01 -1.677508e-01
-2.312500e-02 -2.596875e-01 2.119804e-01 -1.680832e-01 -2.468750e-02 -2.581250e-01 2.112238e-01 -1.683921e-01
-2.156250e-02 -2.612500e-01 2.127139e-01 -1.677508e-01 -2.312500e-02 -2.596875e-01 2.119804e-01 -1.680832e-01
-2.468750e-02 -2.581250e-01 2.112238e-01 -1.683921e-01 -2.468750e-02 -2.550000e-01 2.123293e-01 -1.679310e-01
-2.625000e-02 -2.534375e-01 2.115246e-01 -1.682654e-01 -2.781250e-02 -2.518750e-01 2.106985e-01 -1.685750e-01
-2.781250e-02 -2.518750e-01 2.106985e-01 -1.685750e-01 -2.781250e-02 -2.487500e-01 2.117312e-01 -1.681827e-01
-2.468750e-02 -2.550000e-01 2.123293e-01 -1.679310e-01 -2.625000e-02 -2.534375e-01 2.115246e-01 -1.682654e-01
-2.937500e-02 -2.471875e-01 2.108548e-01 -1.685121e-01 -3.093750e-02 -2.456250e-01 2.099590e-01 -1.688159e-01
-2.781250e-02 -2.487500e-01 2.117312e-01 -1.681827e-01 -2.937500e-02 -2.471875e-01 2.108548e-01 -1.685121e-01
-3.093750e-02 -2.456250e-01 2.099590e-01 -1.688159e-01 -3.093750e-02 -2.425000e-01 2.109140e-01 -1.684837e-01
-3.250000e-02 -2.378125e-01 2.108657e-01 -1.685155e-01 -3.406250e-02 -2.362500e-01 2.098743e-01 -1.688114e-01
-3.406250e-02 -2.362500e-01 2.098743e-01 -1.688114e-01 -3.406250e-02 -2.331250e-01 2.107163e-01 -1.685681e-01
-3.562500e-02 -2.315625e-01 2.096710e-01 -1.688693e-01 -3.718750e-02 -2.300000e-01 2.086107e-01 -1.691435e-01
-3.406250e-02 -2.331250e-01 2.107163e-01 -1.685681e-01 -3.562500e-02 -2.315625e-01 2.096710e-01 -1.688693e-01
-3.093750e-02 -2.425000e-01 2.109140e-01 -1.684837e-01 -3.093750e-02 -2.393750e-01 2.118403e-01 -1.681928e-01
-3.093750e-02 -2.393750e-01 2.118403e-01 -1.681928e-01 -3.250000e-02 -2.378125e-01 2.108657e-01 -1.685155e-01
-1.375000e-02 -2.753125e-01 2.134490e-01 -1.674012e-01 -1.531250e-02 -2.737500e-01 2.128742e-01 -1.676893e-01
-1.062500e-02 -2.784375e-01 2.145251e-01 -1.668073e-01 -1.218750e-02 -2.768750e-01 2.139966e-01 -1.670935e-01
-9.062500e-03 -2.800000e-01 2.150255e-01 -1.665025e-01 -1.062500e-02 -2.784375e-01 2.145251e-01 -1.668073e-01
-1.218750e-02 -2.768750e-01 2.139966e-01 -1.670935e-01 -1.375000e-02 -2.753125e-01 2.134490e-01 -1.674012e-01
-1.531250e-02 -2.737500e-01 2.128742e-01 -1.676893e-01 -1.531250e-02 -2.706250e-01 2.141497e-01 -1.670301e-01
-1.687500e-02 -2.690625e-01 2.135340e-01 -1.673575e-01 -1.843750e-02 -2.675000e-01 2.128924e-01 -1.676635e-01
-1.531250e-02 -2.706250e-01 2.141497e-01 -1.670301e-01 -1.687500e-02 -2.690625e-01 2.135340e-01 -1.673575e-01
-1.843750e-02 -2.675000e-01 2.128924e-01 -1.676635e-01 -2.000000e-02 -2.659375e-01 2.122291e-01 -1.679871e-01
3.471875e-01 -2.800000e-01 1.257593e-01 -1.718472e-01 3.487500e-01 -2.784375e-01 1.261894e-01 -1.721316e-01
3.487500e-01 -2.784375e-01 1.261894e-01 -1.721316e-01 3.503125e-01 -2.768750e-01 1.266497e-01 -1.723989e-01
3.503125e-01 -2.768750e-01 1.266497e-01 -1.723989e-01 3.518750e-01 -2.753125e-01 1.271276e-01 -1.726906e-01
3.518750e-01 -2.753125e-01 1.271276e-01 -1.726906e-01 3.534375e-01 -2.737500e-01 1.276347e-01 -1.729641e-01
3.534375e-01 -2.737500e-01 1.276347e-01 -1.729641e-01 3.534375e-01 -2.706250e-01 1.263069e-01 -1.722299e-01
3.534375e-01 -2.706250e-01 1.263069e-01 -1.722299e-01 3.550000e-01 -2.690625e-01 1.268522e-01 -1.725494e-01
3.550000e-01 -2.690625e-01 1.268522e-01 -1.725494e-01 3.565625e-01 -2.675000e-01 1.274255e-01 -1.728488e-01
3.565625e-01 -2.675000e-01 1.274255e-01 -1.728488e-01 3.581250e-01 -2.659375e-01 1.280193e-01 -1.731695e-01
3.581250e-01 -2.659375e-01 1.280193e-01 -1.731695e-01 3.596875e-01 -2.643750e-01 1.286400e-01 -1.734693e-01
3.596875e-01 -2.643750e-01 1.286400e-01 -1.734693e-01 3.612500e-01 -2.628125e-01 1.292820e-01 -1.737888e-01
3.612500e-01 -2.628125e-01 1.292820e-01 -1.737888e-01 3.628125e-01 -2.612500e-01 1.299497e-01 -1.740867e-01
3.628125e-01 -2.612500e-01 1.299497e-01 -1.740867e-01 3.628125e-01 -2.581250e-01 1.287609e-01 -1.735303e-01
3.628125e-01 -2.581250e-01 1.287609e-01 -1.735303e-01 3.643750e-01 -2.565625e-01 1.294735e-01 -1.738640e-01
3.643750e-01 -2.565625e-01 1.294735e-01 -1.738640e-01 3.659375e-01 -2.550000e-01 1.302103e-01 -1.741744e-01
3.659375e-01 -2.550000e-01 1.302103e-01 -1.741744e-01 3.659375e-01 -2.518750e-01 1.290871e-01 -1.737041e-01
3.659375e-01 -2.518750e-01 1.290871e-01 -1.737041e-01 3.675000e-01 -2.503125e-01 1.298718e-01 -1.740455e-01
3.675000e-01 -2.503125e-01 1.298718e-01 -1.740455e-01 3.690625e-01 -2.487500e-01 1.306790e-01 -1.743623e-01
3.690625e-01 -2.487500e-01 1.306790e-01 -1.743623e-01 3.706250e-01 -2.471875e-01 1.315109e-01 -1.746924e-01
3.706250e-01 -2.471875e-01 1.315109e-01 -1.746924e-01 3.721875e-01 -2.456250e-01 1.323640e-01 -1.749976e-01
3.721875e-01 -2.456250e-01 1.323640e-01 -1.749976e-01 3.721875e-01 -2.425000e-01 1.313633e-01 -1.746307e-01
3.721875e-01 -2.425000e-01 1.313633e-01 -1.746307e-01 3.737500e-01 -2.409375e-01 1.322673e-01 -1.749580e-01
3.737500e-01 -2.409375e-01 1.322673e-01 -1.749580e-01 3.753125e-01 -2.393750e-01 1.331906e-01 -1.752594e-01
3.753125e-01 -2.393750e-01 1.331906e-01 -1.752594e-01 3.753125e-01 -2.362500e-01 1.322692e-01 -1.749588e-01
3.753125e-01 -2.362500e-01 1.322692e-01 -1.749588e-01 3.768750e-01 -2.346875e-01 1.332450e-01 -1.752767e-01
3.768750e-01 -2.346875e-01 1.332450e-01 -1.752767e-01 3.784375e-01 -2.331250e-01 1.342381e-01 -1.755681e-01
3.784375e-01 -2.331250e-01 1.342381e-01 -1.755681e-01 3.784375e-01 -2.300000e-01 1.334003e-01 -1.753250e-01
-3.718750e-02 -2.300000e-01 2.086107e-01 -1.691435e-01 -3.718750e-02 -2.268750e-01 2.093656e-01 -1.689378e-01
-3.718750e-02 -2.268750e-01 2.093656e-01 -1.689378e-01 -3.718750e-02 -2.237500e-01 2.100856e-01 -1.687648e-01
-3.875000e-02 -2.190625e-01 2.096002e-01 -1.688904e-01 -4.031250e-02 -2.175000e-01 2.084194e-01 -1.691303e-01
-3.718750e-02 -2.237500e-01 2.100856e-01 -1.687648e-01 -3.718750e-02 -2.206250e-01 2.107696e-01 -1.686232e-01
-3.718750e-02 -2.206250e-01 2.107696e-01 -1.686232e-01 -3.875000e-02 -2.190625e-01 2.096002e-01 -1.688904e-01
-4.031250e-02 -2.175000e-01 2.084194e-01 -1.691303e-01 -4.031250e-02 -2.143750e-01 2.090110e-01 -1.690079e-01
-4.031250e-02 -2.143750e-01 2.090110e-01 -1.690079e-01 -4.031250e-02 -2.112500e-01 2.095639e-01 -1.689109e-01
-4.031250e-02 -2.112500e-01 2.095639e-01 -1.689109e-01 -4.031250e-02 -2.081250e-01 2.100769e-01 -1.688375e-01
-4.187500e-02 -2.065625e-01 2.087874e-01 -1.690478e-01 -4.343750e-02 -2.050000e-01 2.074901e-01 -1.692313e-01
-4.031250e-02 -2.081250e-01 2.100769e-01 -1.688375e-01 -4.187500e-02 -2.065625e-01 2.087874e-01 -1.690478e-01
-4.343750e-02 -2.050000e-01 2.074901e-01 -1.692313e-01 -4.343750e-02 -2.018750e-01 2.079089e-01 -1.691580e-01
-4.343750e-02 -2.018750e-01 2.079089e-01 -1.691580e-01 -4.343750e-02 -1.987500e-01 2.082863e-01 -1.691019e-01
-4.343750e-02 -1.987500e-01 2.082863e-01 -1.691019e-01 -4.343750e-02 -1.956250e-01 2.086217e-01 -1.690611e-01
-4.343750e-02 -1.956250e-01 2.086217e-01 -1.690611e-01 -4.343750e-02 -1.925000e-01 2.089142e-01 -1.690335e-01
-4.343750e-02 -1.925000e-01 2.089142e-01 -1.690335e-01 -4.343750e-02 -1.893750e-01 2.091635e-01 -1.690171e-01
-4.343750e-02 -1.893750e-01 2.091635e-01 -1.690171e-01 -4.343750e-02 -1.862500e-01 2.093690e-01 -1.690098e-01
-4.343750e-02 -1.862500e-01 2.093690e-01 -1.690098e-01 -4.343750e-02 -1.831250e-01 2.095305e-01 -1.690095e-01
-4.343750e-02 -1.831250e-01 2.095305e-01 -1.690095e-01 -4.343750e-02 -1.800000e-01 2.096475e-01 -1.690142e-01
1.643750e-01 -2.065625e-01 1.836525e-01 -2.876441e-03 1.628125e-01 -2.050000e-01 2.027690e-01 -2.319755e-03
1.643750e-01 -2.065625e-01 1.836525e-01 -2.876441e-03 1.675000e-01 -2.065625e-01 1.538122e-01 -5.900379e-03
1.675000e-01 -2.065625e-01 1.538122e-01 -5.900379e-03 1.706250e-01 -2.065625e-01 1.319603e-01 -9.054880e-03
1.706250e-01 -2.065625e-01 1.319603e-01 -9.054880e-03 1.737500e-01 -2.065625e-01 1.146434e-01 -1.213954e-02
1.737500e-01 -2.065625e-01 1.146434e-01 -1.213954e-02 1.753125e-01 -2.050000e-01 1.057257e-01 -1.396473e-02
1.518750e-01 -1.815625e-01 3.907630e-01 -1.247160e-01 1.503125e-01 -1.800000e-01 3.917670e-01 -1.395786e-01
1.518750e-01 -1.815625e-01 3.907630e-01 -1.247160e-01 1.550000e-01 -1.815625e-01 3.874733e-01 -1.249669e-01
1.612500e-01 -2.034375e-01 2.235618e-01 -1.799636e-03 1.596875e-01 -2.018750e-01 2.455797e-01 -4.006027e-03
1.581250e-01 -2.003125e-01 2.711178e-01 -6.772344e-03 1.565625e-01 -1.987500e-01 2.904333e-01 -1.264603e-02
1.596875e-01 -2.018750e-01 2.455797e-01 -4.006027e-03 1.581250e-01 -2.003125e-01 2.711178e-01 -6.772344e-03
1.628125e-01 -2.050000e-01 2.027690e-01 -2.319755e-03 1.612500e-01 -2.034375e-01 2.235618e-01 -1.799636e-03
1.565625e-01 -1.987500e-01 2.904333e-01 -1.264603e-02 1.565625e-01 -1.956250e-01 3.013707e-01 -1.633378e-02
1.565625e-01 -1.956250e-01 3.013707e-01 -1.633378e-02 1.565625e-01 -1.925000e-01 3.147904e-01 -2.219043e-02
1.753125e-01 -2.050000e-01 1.057257e-01 -1.396473e-02 1.768750e-01 -2.034375e-01 9.681876e-02 -1.603549e-02
1.768750e-01 -2.034375e-01 9.681876e-02 -1.603549e-02 1.800000e-01 -2.034375e-01 8.355408e-02 -1.929017e-02
1.565625e-01 -1.925000e-01 3.147904e-01 -2.219043e-02 1.565625e-01 -1.893750e-01 3.320966e-01 -3.166054e-02
1.565625e-01 -1.893750e-01 3.320966e-01 -3.166054e-02 1.565625e-01 -1.862500e-01 3.565728e-01 -4.892194e-02
1.565625e-01 -1.862500e-01 3.565728e-01 -4.892194e-02 1.565625e-01 -1.831250e-01 3.890341e-01 -1.032897e-01
1.565625e-01 -1.831250e-01 3.890341e-01 -1.032897e-01 1.550000e-01 -1.815625e-01 3.874733e-01 -1.249669e-01
1.643750e-01 -1.815625e-01 1.671407e-01 -1.114774e-01 1.628125e-01 -1.800000e-01 1.871013e-01 -1.440986e-01
1.643750e-01 -1.815625e-01 1.671407e-01 -1.114774e-01 1.675000e-01 -1.815625e-01 1.585772e-01 -9.451407e-02
1.675000e-01 -1.815625e-01 1.585772e-01 -9.451407e-02 1.706250e-01 -1.815625e-01 1.470947e-01 -7.776939e-02
1.706250e-01 -1.815625e-01 1.470947e-01 -7.776939e-02 1.721875e-01 -1.800000e-01 1.468020e-01 -7.899009e-02
1.800000e-01 -2.034375e-01 8.355408e-02 -1.929017e-02 1.815625e-01 -2.018750e-01 7.563825e-02 -2.156362e-02
1.815625e-01 -2.018750e-01 7.563825e-02 -2.156362e-02 1.831250e-01 -2.003125e-01 6.745609e-02 -2.404072e-02
1.831250e-01 -2.003125e-01 6.745609e-02 -2.404072e-02 1.846875e-01 -1.987500e-01 5.940706e-02 -2.689193e-02
1.846875e-01 -1.987500e-01 5.940706e-02 -2.689193e-02 1.846875e-01 -1.956250e-01 5.490765e-02 -2.869070e-02
1.846875e-01 -1.956250e-01 5.490765e-02 -2.869070e-02 1.862500e-01 -1.940625e-01 4.563942e-02 -3.218460e-02
1.862500e-01 -1.940625e-01 4.563942e-02 -3.218460e-02 1.878125e-01 -1.925000e-01 3.643364e-02 -3.656495e-02
1.878125e-01 -1.925000e-01 3.643364e-02 -3.656495e-02 1.878125e-01 -1.893750e-01 2.971246e-02 -4.012884e-02
1.878125e-01 -1.893750e-01 2.971246e-02 -4.012884e-02 1.878125e-01 -1.862500e-01 2.179695e-02 -4.486406e-02
1.878125e-01 -1.862500e-01 2.179695e-02 -4.486406e-02 1.893750e-01 -1.846875e-01 8.056940e-03 -5.327008e-02
1.893750e-01 -1.846875e-01 8.056940e-03 -5.327008e-02 1.909375e-01 -1.831250e-01 -3.997077e-03 -6.347743e-02
1.893750e-01 -1.815625e-01 -4.458500e-03 -6.340632e-02 1.878125e-01 -1.800000e-01 -1.255877e-03 -6.169883e-02
1.909375e-01 -1.831250e-01 -3.997077e-03 -6.347743e-02 1.893750e-01 -1.815625e-01 -4.458500e-03 -6.340632e-02
3.784375e-01 -2.300000e-01 1.334003e-01 -1.753250e-01 3.800000e-01 -2.284375e-01 1.344471e-01 -1.756271e-01
3.800000e-01 -2.284375e-01 1.344471e-01 -1.756271e-01 3.815625e-01 -2.268750e-01 1.355092e-01 -1.759020e-01
3.815625e-01 -2.268750e-01 1.355092e-01 -1.759020e-01 3.815625e-01 -2.237500e-01 1.347584e-01 -1.757074e-01
3.815625e-01 -2.237500e-01 1.347584e-01 -1.757074e-01 3.831250e-01 -2.221875e-01 1.358748e-01 -1.759872e-01
3.831250e-01 -2.221875e-01 1.358748e-01 -1.759872e-01 3.846875e-01 -2.206250e-01 1.370044e-01 -1.762397e-01
3.846875e-01 -2.206250e-01 1.370044e-01 -1.762397e-01 3.846875e-01 -2.175000e-01 1.363433e-01 -1.760840e-01
3.846875e-01 -2.175000e-01 1.363433e-01 -1.760840e-01 3.846875e-01 -2.143750e-01 1.357191e-01 -1.759627e-01
3.846875e-01 -2.143750e-01 1.357191e-01 -1.759627e-01 3.862500e-01 -2.128125e-01 1.369305e-01 -1.762115e-01
3.862500e-01 -2.128125e-01 1.369305e-01 -1.762115e-01 3.878125e-01 -2.112500e-01 1.381524e-01 -1.764330e-01
3.878125e-01 -2.112500e-01 1.381524e-01 -1.764330e-01 3.878125e-01 -2.081250e-01 1.376212e-01 -1.763366e-01
3.878125e-01 -2.081250e-01 1.376212e-01 -1.763366e-01 3.878125e-01 -2.050000e-01 1.371299e-01 -1.762690e-01
3.878125e-01 -2.050000e-01 1.371299e-01 -1.762690e-01 3.893750e-01 -2.034375e-01 1.384329e-01 -1.764738e-01
3.893750e-01 -2.034375e-01 1.384329e-01 -1.764738e-01 3.909375e-01 -2.018750e-01 1.397437e-01 -1.766519e-01
3.909375e-01 -2.018750e-01 1.397437e-01 -1.766519e-01 3.909375e-01 -1.987500e-01 1.393468e-01 -1.765946e-01
3.909375e-01 -1.987500e-01 1.393468e-01 -1.765946e-01 3.909375e-01 -1.956250e-01 1.389919e-01 -1.765597e-01
3.909375e-01 -1.956250e-01 1.389919e-01 -1.765597e-01 3.909375e-01 -1.925000e-01 1.386797e-01 -1.765454e-01
3.909375e-01 -1.925000e-01 1.386797e-01 -1.765454e-01 3.925000e-01 -1.909375e-01 1.400952e-01 -1.766818e-01
3.925000e-01 -1.909375e-01 1.400952e-01 -1.766818e-01 3.940625e-01 -1.893750e-01 1.415150e-01 -1.767927e-01
3.940625e-01 -1.893750e-01 1.415150e-01 -1.767927e-01 3.940625e-01 -1.862500e-01 1.412970e-01 -1.767694e-01
3.940625e-01 -1.862500e-01 1.412970e-01 -1.767694e-01 3.940625e-01 -1.831250e-01 1.411227e-01 -1.767599e-01
3.940625e-01 -1.831250e-01 1.411227e-01 -1.767599e-01 3.940625e-01 -1.800000e-01 1.409926e-01 -1.767621e-01
-4.343750e-02 -1.800000e-01 2.096475e-01 -1.690142e-01 -4.343750e-02 -1.768750e-01 2.097199e-01 -1.690216e-01
-4.343750e-02 -1.768750e-01 2.097199e-01 -1.690216e-01 -4.343750e-02 -1.737500e-01 2.097476e-01 -1.690296e-01
-4.343750e-02 -1.737500e-01 2.097476e-01 -1.690296e-01 -4.343750e-02 -1.706250e-01 2.097306e-01 -1.690361e-01
-4.343750e-02 -1.706250e-01 2.097306e-01 -1.690361e-01 -4.343750e-02 -1.675000e-01 2.096689e-01 -1.690390e-01
-4.343750e-02 -1.675000e-01 2.096689e-01 -1.690390e-01 -4.343750e-02 -1.643750e-01 2.095627e-01 -1.690360e-01
-4.343750e-02 -1.643750e-01 2.095627e-01 -1.690360e-01 -4.343750e-02 -1.612500e-01 2.094123e-01 -1.690253e-01
-4.343750e-02 -1.612500e-01 2.094123e-01 -1.690253e-01 -4.343750e-02 -1.581250e-01 2.092179e-01 -1.690046e-01
-4.343750e-02 -1.581250e-01 2.092179e-01 -1.690046e-01 -4.343750e-02 -1.550000e-01 2.089801e-01 -1.689719e-01
-4.343750e-02 -1.550000e-01 2.089801e-01 -1.689719e-01 -4.187500e-02 -1.534375e-01 2.103879e-01 -1.690890e-01
-4.187500e-02 -1.534375e-01 2.103879e-01 -1.690890e-01 -4.031250e-02 -1.518750e-01 2.117909e-01 -1.692318e-01
-4.031250e-02 -1.518750e-01 2.117909e-01 -1.692318e-01 -4.031250e-02 -1.487500e-01 2.114584e-01 -1.692121e-01
-4.031250e-02 -1.487500e-01 2.114584e-01 -1.692121e-01 -4.031250e-02 -1.456250e-01 2.110830e-01 -1.691740e-01
-4.031250e-02 -1.456250e-01 2.110830e-01 -1.691740e-01 -4.031250e-02 -1.425000e-01 2.106655e-01 -1.691157e-01
-4.031250e-02 -1.425000e-01 2.106655e-01 -1.691157e-01 -4.031250e-02 -1.393750e-01 2.102067e-01 -1.690353e-01
-4.031250e-02 -1.393750e-01 2.102067e-01 -1.690353e-01 -3.875000e-02 -1.378125e-01 2.114766e-01 -1.692327e-01
-3.875000e-02 -1.378125e-01 2.114766e-01 -1.692327e-01 -3.718750e-02 -1.362500e-01 2.127374e-01 -1.694574e-01
-3.718750e-02 -1.362500e-01 2.127374e-01 -1.694574e-01 -3.718750e-02 -1.331250e-01 2.121837e-01 -1.693672e-01
-3.718750e-02 -1.331250e-01 2.121837e-01 -1.693672e-01 -3.718750e-02 -1.300000e-01 2.115907e-01 -1.692490e-01
1.487500e-01 -1.784375e-01 3.913208e-01 -1.512267e-01 1.471875e-01 -1.768750e-01 3.907486e-01 -1.621138e-01
1.456250e-01 -1.753125e-01 3.895883e-01 -1.710960e-01 1.440625e-01 -1.737500e-01 3.882090e-01 -1.796300e-01
1.471875e-01 -1.768750e-01 3.907486e-01 -1.621138e-01 1.456250e-01 -1.753125e-01 3.895883e-01 -1.710960e-01
1.503125e-01 -1.800000e-01 3.917670e-01 -1.395786e-01 1.487500e-01 -1.784375e-01 3.913208e-01 -1.512267e-01
1.440625e-01 -1.737500e-01 3.882090e-01 -1.796300e-01 1.440625e-01 -1.706250e-01 3.840572e-01 -1.979382e-01
1.440625e-01 -1.706250e-01 3.840572e-01 -1.979382e-01 1.440625e-01 -1.675000e-01 3.783308e-01 -2.150497e-01
1.440625e-01 -1.675000e-01 3.783308e-01 -2.150497e-01 1.440625e-01 -1.643750e-01 3.713571e-01 -2.307431e-01
1.440625e-01 -1.643750e-01 3.713571e-01 -2.307431e-01 1.440625e-01 -1.612500e-01 3.634356e-01 -2.448674e-01
1.440625e-01 -1.612500e-01 3.634356e-01 -2.448674e-01 1.440625e-01 -1.581250e-01 3.548492e-01 -2.573437e-01
1.440625e-01 -1.581250e-01 3.548492e-01 -2.573437e-01 1.440625e-01 -1.550000e-01 3.458593e-01 -2.681663e-01
1.628125e-01 -1.800000e-01 1.871013e-01 -1.440986e-01 1.643750e-01 -1.784375e-01 1.882185e-01 -1.463327e-01
1.643750e-01 -1.784375e-01 1.882185e-01 -1.463327e-01 1.659375e-01 -1.768750e-01 1.939999e-01 -1.519506e-01
1.659375e-01 -1.768750e-01 1.939999e-01 -1.519506e-01 1.675000e-01 -1.753125e-01 1.981115e-01 -1.598633e-01
1.721875e-01 -1.800000e-01 1.468020e-01 -7.899009e-02 1.737500e-01 -1.784375e-01 1.499607e-01 -8.089609e-02
1.675000e-01 -1.753125e-01 1.981115e-01 -1.598633e-01 1.690625e-01 -1.737500e-01 2.045476e-01 -1.691733e-01
1.737500e-01 -1.784375e-01 1.499607e-01 -8.089609e-02 1.768750e-01 -1.784375e-01 1.218274e-01 -5.754690e-02
1.768750e-01 -1.784375e-01 1.218274e-01 -5.754690e-02 1.784375e-01 -1.768750e-01 1.076961e-01 -5.413215e-02
1.784375e-01 -1.768750e-01 1.076961e-01 -5.413215e-02 1.784375e-01 -1.737500e-01 1.346655e-01 -7.272534e-02
1.690625e-01 -1.737500e-01 2.045476e-01 -1.691733e-01 1.706250e-01 -1.721875e-01 2.085836e-01 -1.860130e-01
1.706250e-01 -1.721875e-01 2.085836e-01 -1.860130e-01 1.721875e-01 -1.706250e-01 2.151641e-01 -2.081032e-01
1.721875e-01 -1.706250e-01 2.151641e-01 -2.081032e-01 1.737500e-01 -1.690625e-01 2.113093e-01 -2.396195e-01
1.784375e-01 -1.737500e-01 1.346655e-01 -7.272534e-02 1.800000e-01 -1.721875e-01 1.487718e-01 -8.997548e-02
1.737500e-01 -1.690625e-01 2.113093e-01 -2.396195e-01 1.768750e-01 -1.690625e-01 2.026035e-01 -2.472731e-01
1.768750e-01 -1.690625e-01 2.026035e-01 -2.472731e-01 1.800000e-01 -1.690625e-01 1.598719e-01 -2.423404e-01
1.800000e-01 -1.596875e-01 9.999556e-02 -3.602776e-01 1.784375e-01 -1.581250e-01 1.157236e-01 -3.585284e-01
1.768750e-01 -1.565625e-01 1.292752e-01 -3.575123e-01 1.753125e-01 -1.550000e-01 1.389708e-01 -3.556144e-01
1.784375e-01 -1.581250e-01 1.157236e-01 -3.585284e-01 1.768750e-01 -1.565625e-01 1.292752e-01 -3.575123e-01
1.440625e-01 -1.550000e-01 3.458593e-01 -2.681663e-01 1.456250e-01 -1.534375e-01 3.372313e-01 -2.773506e-01
1.456250e-01 -1.534375e-01 3.372313e-01 -2.773506e-01 1.471875e-01 -1.518750e-01 3.260705e-01 -2.870455e-01
1.471875e-01 -1.518750e-01 3.260705e-01 -2.870455e-01 1.471875e-01 -1.487500e-01 3.160828e-01 -2.945992e-01
1.471875e-01 -1.487500e-01 3.160828e-01 -2.945992e-01 1.487500e-01 -1.471875e-01 3.043825e-01 -3.024615e-01
1.487500e-01 -1.471875e-01 3.043825e-01 -3.024615e-01 1.503125e-01 -1.456250e-01 2.899313e-01 -3.102597e-01
1.503125e-01 -1.456250e-01 2.899313e-01 -3.102597e-01 1.518750e-01 -1.440625e-01 2.758297e-01 -3.170476e-01
1.518750e-01 -1.440625e-01 2.758297e-01 -3.170476e-01 1.550000e-01 -1.440625e-01 2.531144e-01 -3.258216e-01
1.550000e-01 -1.440625e-01 2.531144e-01 -3.258216e-01 1.581250e-01 -1.440625e-01 2.300288e-01 -3.332149e-01
1.581250e-01 -1.440625e-01 2.300288e-01 -3.332149e-01 1.612500e-01 -1.440625e-01 2.091389e-01 -3.392338e-01
1.675000e-01 -1.471875e-01 1.771444e-01 -3.476430e-01 1.659375e-01 -1.456250e-01 1.837709e-01 -3.460412e-01
1.612500e-01 -1.440625e-01 2.091389e-01 -3.392338e-01 1.643750e-01 -1.440625e-01 1.904086e-01 -3.442417e-01
1.659375e-01 -1.456250e-01 1.837709e-01 -3.460412e-01 1.643750e-01 -1.440625e-01 1.904086e-01 -3.442417e-01
1.706250e-01 -1.503125e-01 1.635652e-01 -3.507985e-01 1.690625e-01 -1.487500e-01 1.702908e-01 -3.493100e-01
1.706250e-01 -1.503125e-01 1.635652e-01 -3.507985e-01 1.737500e-01 -1.503125e-01 1.441617e-01 -3.550446e-01
1.753125e-01 -1.550000e-01 1.389708e-01 -3.556144e-01 1.753125e-01 -1.518750e-01 1.351456e-01 -3.564304e-01
1.753125e-01 -1.518750e-01 1.351456e-01 -3.564304e-01 1.737500e-01 -1.503125e-01 1.441617e-01 -3.550446e-01
1.690625e-01 -1.487500e-01 1.702908e-01 -3.493100e-01 1.675000e-01 -1.471875e-01 1.771444e-01 -3.476430e-01
1.878125e-01 -1.800000e-01 -1.255877e-03 -6.169883e-02 1.878125e-01 -1.768750e-01 -1.948462e-02 -7.950104e-02
1.878125e-01 -1.768750e-01 -1.948462e-02 -7.950104e-02 1.878125e-01 -1.737500e-01 -4.330484e-02 -1.145278e-01
1.800000e-01 -1.721875e-01 1.487718e-01 -8.997548e-02 1.831250e-01 -1.721875e-01 -2.968364e-02 -1.127178e-01
1.831250e-01 -1.721875e-01 -2.968364e-02 -1.127178e-01 1.862500e-01 -1.721875e-01 -4.990497e-02 -1.410900e-01
1.878125e-01 -1.737500e-01 -4.330484e-02 -1.145278e-01 1.862500e-01 -1.721875e-01 -4.990497e-02 -1.410900e-01
1.815625e-01 -1.675000e-01 5.900599e-02 -3.398858e-01 1.815625e-01 -1.643750e-01 7.104379e-02 -3.545790e-01
1.815625e-01 -1.643750e-01 7.104379e-02 -3.545790e-01 1.815625e-01 -1.612500e-01 7.824606e-02 -3.573925e-01
1.815625e-01 -1.612500e-01 7.824606e-02 -3.573925e-01 1.800000e-01 -1.596875e-01 9.999556e-02 -3.602776e-01
3.940625e-01 -1.800000e-01 1.409926e-01 -1.767621e-01 3.940625e-01 -1.768750e-01 1.409070e-01 -1.767737e-01
3.940625e-01 -1.768750e-01 1.409070e-01 -1.767737e-01 3.940625e-01 -1.737500e-01 1.408663e-01 -1.767927e-01
3.940625e-01 -1.737500e-01 1.408663e-01 -1.767927e-01 3.956250e-01 -1.721875e-01 1.424302e-01 -1.768024e-01
3.956250e-01 -1.721875e-01 1.424302e-01 -1.768024e-01 3.971875e-01 -1.706250e-01 1.439941e-01 -1.767899e-01
3.971875e-01 -1.706250e-01 1.439941e-01 -1.767899e-01 3.971875e-01 -1.675000e-01 1.440425e-01 -1.767720e-01
3.971875e-01 -1.675000e-01 1.440425e-01 -1.767720e-01 3.971875e-01 -1.643750e-01 1.441349e-01 -1.767545e-01
3.971875e-01 -1.643750e-01 1.441349e-01 -1.767545e-01 3.971875e-01 -1.612500e-01 1.442713e-01 -1.767354e-01
3.971875e-01 -1.612500e-01 1.442713e-01 -1.767354e-01 3.971875e-01 -1.581250e-01 1.444515e-01 -1.767123e-01
3.971875e-01 -1.581250e-01 1.444515e-01 -1.767123e-01 3.971875e-01 -1.550000e-01 1.446752e-01 -1.766831e-01
3.971875e-01 -1.550000e-01 1.446752e-01 -1.766831e-01 3.971875e-01 -1.518750e-01 1.449421e-01 -1.766456e-01
3.971875e-01 -1.518750e-01 1.449421e-01 -1.766456e-01 3.971875e-01 -1.487500e-01 1.452517e-01 -1.765976e-01
3.956250e-01 -1.471875e-01 1.438859e-01 -1.767432e-01 3.940625e-01 -1.456250e-01 1.425260e-01 -1.769150e-01
3.971875e-01 -1.487500e-01 1.452517e-01 -1.765976e-01 3.956250e-01 -1.471875e-01 1.438859e-01 -1.767432e-01
3.940625e-01 -1.456250e-01 1.425260e-01 -1.769150e-01 3.940625e-01 -1.425000e-01 1.429305e-01 -1.768815e-01
3.940625e-01 -1.425000e-01 1.429305e-01 -1.768815e-01 3.940625e-01 -1.393750e-01 1.433770e-01 -1.768306e-01
3.940625e-01 -1.393750e-01 1.433770e-01 -1.768306e-01 3.940625e-01 -1.362500e-01 1.438647e-01 -1.767601e-01
3.940625e-01 -1.362500e-01 1.438647e-01 -1.767601e-01 3.940625e-01 -1.331250e-01 1.443927e-01 -1.766682e-01
3.940625e-01 -1.331250e-01 1.443927e-01 -1.766682e-01 3.940625e-01 -1.300000e-01 1.449600e-01 -1.765528e-01
-3.718750e-02 -1.300000e-01 2.115907e-01 -1.692490e-01 -3.718750e-02 -1.268750e-01 2.109595e-01 -1.691013e-01
-3.718750e-02 -1.268750e-01 2.109595e-01 -1.691013e-01 -3.562500e-02 -1.253125e-01 2.121099e-01 -1.693460e-01
-3.562500e-02 -1.253125e-01 2.121099e-01 -1.693460e-01 -3.406250e-02 -1.237500e-01 2.132476e-01 -1.696183e-01
-3.406250e-02 -1.237500e-01 2.132476e-01 -1.696183e-01 -3.406250e-02 -1.206250e-01 2.125243e-01 -1.694430e-01
-3.406250e-02 -1.206250e-01 2.125243e-01 -1.694430e-01 -3.406250e-02 -1.175000e-01 2.117656e-01 -1.692328e-01
-3.406250e-02 -1.175000e-01 2.117656e-01 -1.692328e-01 -3.250000e-02 -1.159375e-01 2.128203e-01 -1.695060e-01
-3.250000e-02 -1.159375e-01 2.128203e-01 -1.695060e-01 -3.093750e-02 -1.143750e-01 2.138593e-01 -1.698068e-01
-3.093750e-02 -1.143750e-01 2.138593e-01 -1.698068e-01 -3.093750e-02 -1.112500e-01 2.130120e-01 -1.695559e-01
-3.093750e-02 -1.112500e-01 2.130120e-01 -1.695559e-01 -2.937500e-02 -1.096875e-01 2.139959e-01 -1.698503e-01
-2.937500e-02 -1.096875e-01 2.139959e-01 -1.698503e-01 -2.781250e-02 -1.081250e-01 2.149621e-01 -1.701721e-01
-2.781250e-02 -1.081250e-01 2.149621e-01 -1.701721e-01 -2.781250e-02 -1.050000e-01 2.140287e-01 -1.698716e-01
-2.781250e-02 -1.050000e-01 2.140287e-01 -1.698716e-01 -2.781250e-02 -1.018750e-01 2.130662e-01 -1.695287e-01
-2.781250e-02 -1.018750e-01 2.130662e-01 -1.695287e-01 -2.625000e-02 -1.003125e-01 2.139515e-01 -1.698307e-01
-2.625000e-02 -1.003125e-01 2.139515e-01 -1.698307e-01 -2.468750e-02 -9.875000e-02 2.148162e-01 -1.701592e-01
-2.468750e-02 -9.875000e-02 2.148162e-01 -1.701592e-01 -2.468750e-02 -9.562500e-02 2.137738e-01 -1.697552e-01
-2.468750e-02 -9.562500e-02 2.137738e-01 -1.697552e-01 -2.312500e-02 -9.406250e-02 2.145865e-01 -1.700640e-01
-2.312500e-02 -9.406250e-02 2.145865e-01 -1.700640e-01 -2.156250e-02 -9.250000e-02 2.153766e-01 -1.703984e-01
-2.156250e-02 -9.250000e-02 2.153766e-01 -1.703984e-01 -2.156250e-02 -8.937500e-02 2.142589e-01 -1.699257e-01
-2.156250e-02 -8.937500e-02 2.142589e-01 -1.699257e-01 -2.000000e-02 -8.781250e-02 2.149987e-01 -1.702353e-01
-2.000000e-02 -8.781250e-02 2.149987e-01 -1.702353e-01 -1.843750e-02 -8.625000e-02 2.157139e-01 -1.705694e-01
-1.843750e-02 -8.625000e-02 2.157139e-01 -1.705694e-01 -1.843750e-02 -8.312500e-02 2.145260e-01 -1.700209e-01
-1.843750e-02 -8.312500e-02 2.145260e-01 -1.700209e-01 -1.687500e-02 -8.156250e-02 2.151932e-01 -1.703252e-01
-1.687500e-02 -8.156250e-02 2.151932e-01 -1.703252e-01 -1.531250e-02 -8.000000e-02 2.158339e-01 -1.706529e-01
3.800000e-01 -9.406250e-02 1.415458e-01 -1.775034e-01 3.784375e-01 -9.250000e-02 1.407226e-01 -1.778385e-01
3.784375e-01 -9.250000e-02 1.407226e-01 -1.778385e-01 3.784375e-01 -8.937500e-02 1.418099e-01 -1.773976e-01
3.768750e-01 -8.781250e-02 1.410351e-01 -1.777075e-01 3.753125e-01 -8.625000e-02 1.402828e-01 -1.780409e-01
3.784375e-01 -8.937500e-02 1.418099e-01 -1.773976e-01 3.768750e-01 -8.781250e-02 1.410351e-01 -1.777075e-01
3.737500e-01 -8.156250e-02 1.407310e-01 -1.778254e-01 3.721875e-01 -8.000000e-02 1.400482e-01 -1.781499e-01
3.753125e-01 -8.625000e-02 1.402828e-01 -1.780409e-01 3.753125e-01 -8.312500e-02 1.414378e-01 -1.775230e-01
3.753125e-01 -8.312500e-02 1.414378e-01 -1.775230e-01 3.737500e-01 -8.156250e-02 1.407310e-01 -1.778254e-01
3.925000e-01 -1.284375e-01 1.437620e-01 -1.767851e-01 3.909375e-01 -1.268750e-01 1.425750e-01 -1.770449e-01
3.909375e-01 -1.268750e-01 1.425750e-01 -1.770449e-01 3.909375e-01 -1.237500e-01 1.432352e-01 -1.769142e-01
3.909375e-01 -1.237500e-01 1.432352e-01 -1.769142e-01 3.909375e-01 -1.206250e-01 1.439322e-01 -1.767536e-01
3.909375e-01 -1.206250e-01 1.439322e-01 -1.767536e-01 3.909375e-01 -1.175000e-01 1.446646e-01 -1.765615e-01
3.940625e-01 -1.300000e-01 1.449600e-01 -1.765528e-01 3.925000e-01 -1.284375e-01 1.437620e-01 -1.767851e-01
3.893750e-01 -1.159375e-01 1.435871e-01 -1.768323e-01 3.878125e-01 -1.143750e-01 1.425240e-01 -1.771301e-01
3.909375e-01 -1.175000e-01 1.446646e-01 -1.765615e-01 3.893750e-01 -1.159375e-01 1.435871e-01 -1.768323e-01
3.878125e-01 -1.143750e-01 1.425240e-01 -1.771301e-01 3.878125e-01 -1.112500e-01 1.433445e-01 -1.769031e-01
3.862500e-01 -1.065625e-01 1.432143e-01 -1.769292e-01 3.846875e-01 -1.050000e-01 1.422487e-01 -1.772458e-01
3.878125e-01 -1.112500e-01 1.433445e-01 -1.769031e-01 3.878125e-01 -1.081250e-01 1.441970e-01 -1.766390e-01
3.878125e-01 -1.081250e-01 1.441970e-01 -1.766390e-01 3.862500e-01 -1.065625e-01 1.432143e-01 -1.769292e-01
3.846875e-01 -1.050000e-01 1.422487e-01 -1.772458e-01 3.846875e-01 -1.018750e-01 1.431839e-01 -1.769324e-01
3.831250e-01 -1.003125e-01 1.422704e-01 -1.772361e-01 3.815625e-01 -9.875000e-02 1.413760e-01 -1.775656e-01
3.846875e-01 -1.018750e-01 1.431839e-01 -1.769324e-01 3.831250e-01 -1.003125e-01 1.422704e-01 -1.772361e-01
3.815625e-01 -9.875000e-02 1.413760e-01 -1.775656e-01 3.815625e-01 -9.562500e-02 1.423897e-01 -1.771930e-01
3.815625e-01 -9.562500e-02 1.423897e-01 -1.771930e-01 3.800000e-01 -9.406250e-02 1.415458e-01 -1.775034e-01
-1.531250e-02 -8.000000e-02 2.158339e-01 -1.706529e-01 -1.531250e-02 -7.687500e-02 2.145815e-01 -1.700224e-01
-1.531250e-02 -7.687500e-02 2.145815e-01 -1.700224e-01 -1.375000e-02 -7.531250e-02 2.151769e-01 -1.703157e-01
-1.375000e-02 -7.531250e-02 2.151769e-01 -1.703157e-01 -1.218750e-02 -7.375000e-02 2.157441e-01 -1.706310e-01
-1.218750e-02 -7.375000e-02 2.157441e-01 -1.706310e-01 -1.218750e-02 -7.062500e-02 2.144334e-01 -1.699130e-01
-1.218750e-02 -7.062500e-02 2.144334e-01 -1.699130e-01 -1.062500e-02 -6.906250e-02 2.149583e-01 -1.701898e-01
-1.062500e-02 -6.906250e-02 2.149583e-01 -1.701898e-01 -9.062500e-03 -6.750000e-02 2.154534e-01 -1.704869e-01
-9.062500e-03 -6.750000e-02 2.154534e-01 -1.704869e-01 -9.062500e-03 -6.437500e-02 2.140909e-01 -1.696770e-01
-9.062500e-03 -6.437500e-02 2.140909e-01 -1.696770e-01 -7.500000e-03 -6.281250e-02 2.145471e-01 -1.699320e-01
-7.500000e-03 -6.281250e-02 2.145471e-01 -1.699320e-01 -5.937500e-03 -6.125000e-02 2.149720e-01 -1.702055e-01
-5.937500e-03 -6.125000e-02 2.149720e-01 -1.702055e-01 -4.375000e-03 -5.968750e-02 2.153789e-01 -1.704565e-01
-4.375000e-03 -5.968750e-02 2.153789e-01 -1.704565e-01 -2.812500e-03 -5.812500e-02 2.157532e-01 -1.707252e-01
-2.812500e-03 -5.812500e-02 2.157532e-01 -1.707252e-01 -2.812500e-03 -5.500000e-02 2.143112e-01 -1.697733e-01
-2.812500e-03 -5.500000e-02 2.143112e-01 -1.697733e-01 -1.250000e-03 -5.343750e-02 2.146521e-01 -1.699944e-01
-1.250000e-03 -5.343750e-02 2.146521e-01 -1.699944e-01 3.125000e-04 -5.187500e-02 2.149593e-01 -1.702312e-01
3.125000e-04 -5.187500e-02 2.149593e-01 -1.702312e-01 3.125000e-04 -4.875000e-02 2.134828e-01 -1.691786e-01
3.125000e-04 -4.875000e-02 2.134828e-01 -1.691786e-01 1.875000e-03 -4.718750e-02 2.137605e-01 -1.693654e-01
1.875000e-03 -4.718750e-02 2.137605e-01 -1.693654e-01 3.437500e-03 -4.562500e-02 2.140036e-01 -1.695661e-01
3.437500e-03 -4.562500e-02 2.140036e-01 -1.695661e-01 3.437500e-03 -4.250000e-02 2.124996e-01 -1.684117e-01
3.437500e-03 -4.250000e-02 2.124996e-01 -1.684117e-01 5.000000e-03 -4.093750e-02 2.127171e-01 -1.685605e-01
5.000000e-03 -4.093750e-02 2.127171e-01 -1.685605e-01 6.562500e-03 -3.937500e-02 2.128992e-01 -1.687212e-01
6.562500e-03 -3.937500e-02 2.128992e-01 -1.687212e-01 6.562500e-03 -3.625000e-02 2.113745e-01 -1.674647e-01
6.562500e-03 -3.625000e-02 2.113745e-01 -1.674647e-01 8.125000e-03 -3.468750e-02 2.115349e-01 -1.675723e-01
8.125000e-03 -3.468750e-02 2.115349e-01 -1.675723e-01 9.687500e-03 -3.312500e-02 2.116592e-01 -1.676897e-01
9.687500e-03 -3.312500e-02 2.116592e-01 -1.676897e-01 1.125000e-02 -3.156250e-02 2.117742e-01 -1.677801e-01
1.125000e-02 -3.156250e-02 2.117742e-01 -1.677801e-01 1.281250e-02 -3.000000e-02 2.118523e-01 -1.678791e-01
3.268750e-01 -3.156250e-02 1.316289e-01 -1.839413e-01 3.253125e-01 -3.000000e-02 1.316008e-01 -1.839965e-01
3.268750e-01 -3.156250e-02 1.316289e-01 -1.839413e-01 3.300000e-01 -3.156250e-02 1.333067e-01 -1.823839e-01
3.550000e-01 -5.656250e-02 1.369037e-01 -1.798185e-01 3.534375e-01 -5.500000e-02 1.365317e-01 -1.800672e-01
3.675000e-01 -7.218750e-02 1.394133e-01 -1.784318e-01 3.659375e-01 -7.062500e-02 1.388442e-01 -1.787393e-01
3.643750e-01 -6.906250e-02 1.382939e-01 -1.790248e-01 3.628125e-01 -6.750000e-02 1.377709e-01 -1.793287e-01
3.659375e-01 -7.062500e-02 1.388442e-01 -1.787393e-01 3.643750e-01 -6.906250e-02 1.382939e-01 -1.790248e-01
3.706250e-01 -7.843750e-02 1.393870e-01 -1.784566e-01 3.690625e-01 -7.687500e-02 1.387509e-01 -1.787845e-01
3.721875e-01 -8.000000e-02 1.400482e-01 -1.781499e-01 3.706250e-01 -7.843750e-02 1.393870e-01 -1.784566e-01
3.690625e-01 -7.687500e-02 1.387509e-01 -1.787845e-01 3.690625e-01 -7.375000e-02 1.400087e-01 -1.781437e-01
3.690625e-01 -7.375000e-02 1.400087e-01 -1.781437e-01 3.675000e-01 -7.218750e-02 1.394133e-01 -1.784318e-01
3.612500e-01 -6.593750e-02 1.372658e-01 -1.796090e-01 3.596875e-01 -6.437500e-02 1.367888e-01 -1.799066e-01
3.581250e-01 -6.281250e-02 1.363284e-01 -1.801790e-01 3.565625e-01 -6.125000e-02 1.358971e-01 -1.804676e-01
3.596875e-01 -6.437500e-02 1.367888e-01 -1.799066e-01 3.581250e-01 -6.281250e-02 1.363284e-01 -1.801790e-01
3.628125e-01 -6.750000e-02 1.377709e-01 -1.793287e-01 3.612500e-01 -6.593750e-02 1.372658e-01 -1.796090e-01
3.565625e-01 -6.125000e-02 1.358971e-01 -1.804676e-01 3.565625e-01 -5.812500e-02 1.373053e-01 -1.795834e-01
3.565625e-01 -5.812500e-02 1.373053e-01 -1.795834e-01 3.550000e-01 -5.656250e-02 1.369037e-01 -1.798185e-01
3.425000e-01 -4.406250e-02 1.344806e-01 -1.814796e-01 3.409375e-01 -4.250000e-02 1.342750e-01 -1.816499e-01
3.487500e-01 -5.031250e-02 1.355263e-01 -1.807246e-01 3.471875e-01 -4.875000e-02 1.352396e-01 -1.809392e-01
3.518750e-01 -5.343750e-02 1.361726e-01 -1.802879e-01 3.503125e-01 -5.187500e-02 1.358437e-01 -1.805209e-01
3.534375e-01 -5.500000e-02 1.365317e-01 -1.800672e-01 3.518750e-01 -5.343750e-02 1.361726e-01 -1.802879e-01
3.503125e-01 -5.187500e-02 1.358437e-01 -1.805209e-01 3.487500e-01 -5.031250e-02 1.355263e-01 -1.807246e-01
3.456250e-01 -4.718750e-02 1.349631e-01 -1.811235e-01 3.440625e-01 -4.562500e-02 1.347175e-01 -1.813171e-01
3.471875e-01 -4.875000e-02 1.352396e-01 -1.809392e-01 3.456250e-01 -4.718750e-02 1.349631e-01 -1.811235e-01
3.440625e-01 -4.562500e-02 1.347175e-01 -1.813171e-01 3.425000e-01 -4.406250e-02 1.344806e-01 -1.814796e-01
3.362500e-01 -3.781250e-02 1.337482e-01 -1.820446e-01 3.346875e-01 -3.625000e-02 1.336184e-01 -1.821612e-01
3.393750e-01 -4.093750e-02 1.340765e-01 -1.817881e-01 3.378125e-01 -3.937500e-02 1.339096e-01 -1.819327e-01
3.409375e-01 -4.250000e-02 1.342750e-01 -1.816499e-01 3.393750e-01 -4.093750e-02 1.340765e-01 -1.817881e-01
3.378125e-01 -3.937500e-02 1.339096e-01 -1.819327e-01 3.362500e-01 -3.781250e-02 1.337482e-01 -1.820446e-01
3.331250e-01 -3.468750e-02 1.334927e-01 -1.822445e-01 3.315625e-01 -3.312500e-02 1.333985e-01 -1.823311e-01
3.346875e-01 -3.625000e-02 1.336184e-01 -1.821612e-01 3.331250e-01 -3.468750e-02 1.334927e-01 -1.822445e-01
3.315625e-01 -3.312500e-02 1.333985e-01 -1.823311e-01 3.300000e-01 -3.156250e-02 1.333067e-01 -1.823839e-01
1.281250e-02 -3.000000e-02 2.118523e-01 -1.678791e-01 1.281250e-02 -2.687500e-02 2.102968e-01 -1.664667e-01
1.281250e-02 -2.687500e-02 2.102968e-01 -1.664667e-01 1.437500e-02 -2.531250e-02 2.103594e-01 -1.665109e-01
1.437500e-02 -2.531250e-02 2.103594e-01 -1.665109e-01 1.593750e-02 -2.375000e-02 2.103846e-01 -1.665620e-01
1.593750e-02 -2.375000e-02 2.103846e-01 -1.665620e-01 1.593750e-02 -2.062500e-02 2.088248e-01 -1.650490e-01
1.593750e-02 -2.062500e-02 2.088248e-01 -1.650490e-01 1.750000e-02 -1.906250e-02 2.088383e-01 -1.650452e-01
1.750000e-02 -1.906250e-02 2.088383e-01 -1.650452e-01 1.906250e-02 -1.750000e-02 2.088142e-01 -1.650463e-01
1.906250e-02 -1.750000e-02 2.088142e-01 -1.650463e-01 1.906250e-02 -1.437500e-02 2.072556e-01 -1.634352e-01
1.906250e-02 -1.437500e-02 2.072556e-01 -1.634352e-01 2.062500e-02 -1.281250e-02 2.072233e-01 -1.633819e-01
2.062500e-02 -1.281250e-02 2.072233e-01 -1.633819e-01 2.218750e-02 -1.125000e-02 2.071530e-01 -1.633318e-01
2.218750e-02 -1.125000e-02 2.071530e-01 -1.633318e-01 2.218750e-02 -8.125000e-03 2.056009e-01 -1.616253e-01
2.218750e-02 -8.125000e-03 2.056009e-01 -1.616253e-01 2.375000e-02 -6.562500e-03 2.055258e-01 -1.615216e-01
2.375000e-02 -6.562500e-03 2.055258e-01 -1.615216e-01 2.531250e-02 -5.000000e-03 2.054126e-01 -1.614194e-01
2.531250e-02 -5.000000e-03 2.054126e-01 -1.614194e-01 2.531250e-02 -1.875000e-03 2.038715e-01 -1.596208e-01
2.531250e-02 -1.875000e-03 2.038715e-01 -1.596208e-01 2.687500e-02 -3.125000e-04 2.037567e-01 -1.594661e-01
2.687500e-02 -3.125000e-04 2.037567e-01 -1.594661e-01 2.843750e-02 1.250000e-03 2.036037e-01 -1.593114e-01
2.843750e-02 1.250000e-03 2.036037e-01 -1.593114e-01 2.843750e-02 4.375000e-03 2.020777e-01 -1.574243e-01
2.843750e-02 4.375000e-03 2.020777e-01 -1.574243e-01 2.843750e-02 7.500000e-03 2.005677e-01 -1.555023e-01
2.843750e-02 7.500000e-03 2.005677e-01 -1.555023e-01 3.000000e-02 9.062500e-03 2.004170e-01 -1.552716e-01
3.000000e-02 9.062500e-03 2.004170e-01 -1.552716e-01 3.156250e-02 1.062500e-02 2.002286e-01 -1.550392e-01
3.156250e-02 1.062500e-02 2.002286e-01 -1.550392e-01 3.156250e-02 1.375000e-02 1.987381e-01 -1.530348e-01
3.156250e-02 1.375000e-02 1.987381e-01 -1.530348e-01 3.312500e-02 1.531250e-02 1.985542e-01 -1.527539e-01
3.312500e-02 1.531250e-02 1.985542e-01 -1.527539e-01 3.468750e-02 1.687500e-02 1.983324e-01 -1.524701e-01
3.468750e-02 1.687500e-02 1.983324e-01 -1.524701e-01 3.468750e-02 2.000000e-02 1.968645e-01 -1.503872e-01
2.800000e-01 5.937500e-03 1.315525e-01 -1.837462e-01 2.784375e-01 7.500000e-03 1.318473e-01 -1.832556e-01
2.675000e-01 1.531250e-02 1.326626e-01 -1.816926e-01 2.659375e-01 1.687500e-02 1.329899e-01 -1.810458e-01
2.643750e-01 1.843750e-02 1.332971e-01 -1.803749e-01 2.628125e-01 2.000000e-02 1.336243e-01 -1.796838e-01
2.659375e-01 1.687500e-02 1.329899e-01 -1.810458e-01 2.643750e-01 1.843750e-02 1.332971e-01 -1.803749e-01
2.706250e-01 1.218750e-02 1.320304e-01 -1.829210e-01 2.690625e-01 1.375000e-02 1.323564e-01 -1.823194e-01
2.706250e-01 1.218750e-02 1.320304e-01 -1.829210e-01 2.737500e-01 1.218750e-02 1.327064e-01 -1.816368e-01
2.768750e-01 9.062500e-03 1.321244e-01 -1.827370e-01 2.753125e-01 1.062500e-02 1.324246e-01 -1.822003e-01
2.784375e-01 7.500000e-03 1.318473e-01 -1.832556e-01 2.768750e-01 9.062500e-03 1.321244e-01 -1.827370e-01
2.753125e-01 1.062500e-02 1.324246e-01 -1.822003e-01 2.737500e-01 1.218750e-02 1.327064e-01 -1.816368e-01
2.690625e-01 1.375000e-02 1.323564e-01 -1.823194e-01 2.675000e-01 1.531250e-02 1.326626e-01 -1.816926e-01
3.050000e-01 -1.281250e-02 1.308901e-01 -1.847943e-01 3.034375e-01 -1.125000e-02 1.310529e-01 -1.846060e-01
2.956250e-01 -6.562500e-03 1.304704e-01 -1.853722e-01 2.940625e-01 -5.000000e-03 1.306972e-01 -1.850826e-01
2.956250e-01 -6.562500e-03 1.304704e-01 -1.853722e-01 2.987500e-01 -6.562500e-03 1.315586e-01 -1.838865e-01
3.018750e-01 -9.687500e-03 1.312060e-01 -1.843841e-01 3.003125e-01 -8.125000e-03 1.313878e-01 -1.841517e-01
3.034375e-01 -1.125000e-02 1.310529e-01 -1.846060e-01 3.018750e-01 -9.687500e-03 1.312060e-01 -1.843841e-01
3.003125e-01 -8.125000e-03 1.313878e-01 -1.841517e-01 2.987500e-01 -6.562500e-03 1.315586e-01 -1.838865e-01
3.112500e-01 -1.906250e-02 1.303848e-01 -1.853579e-01 3.096875e-01 -1.750000e-02 1.305034e-01 -1.852555e-01
3.175000e-01 -2.218750e-02 1.316432e-01 -1.839521e-01 3.159375e-01 -2.062500e-02 1.317049e-01 -1.838960e-01
3.112500e-01 -1.906250e-02 1.303848e-01 -1.853579e-01 3.143750e-01 -1.906250e-02 1.317620e-01 -1.838053e-01
3.159375e-01 -2.062500e-02 1.317049e-01 -1.838960e-01 3.143750e-01 -1.906250e-02 1.317620e-01 -1.838053e-01
3.237500e-01 -2.843750e-02 1.315728e-01 -1.840171e-01 3.221875e-01 -2.687500e-02 1.315766e-01 -1.840368e-01
3.206250e-01 -2.531250e-02 1.315788e-01 -1.840217e-01 3.190625e-01 -2.375000e-02 1.316126e-01 -1.840043e-01
3.221875e-01 -2.687500e-02 1.315766e-01 -1.840368e-01 3.206250e-01 -2.531250e-02 1.315788e-01 -1.840217e-01
3.253125e-01 -3.000000e-02 1.316008e-01 -1.839965e-01 3.237500e-01 -2.843750e-02 1.315728e-01 -1.840171e-01
3.190625e-01 -2.375000e-02 1.316126e-01 -1.840043e-01 3.175000e-01 -2.218750e-02 1.316432e-01 -1.839521e-01
3.081250e-01 -1.593750e-02 1.306149e-01 -1.851183e-01 3.065625e-01 -1.437500e-02 1.307568e-01 -1.849734e-01
3.096875e-01 -1.750000e-02 1.305034e-01 -1.852555e-01 3.081250e-01 -1.593750e-02 1.306149e-01 -1.851183e-01
3.065625e-01 -1.437500e-02 1.307568e-01 -1.849734e-01 3.050000e-01 -1.281250e-02 1.308901e-01 -1.847943e-01
2.925000e-01 -3.437500e-03 1.309107e-01 -1.847608e-01 2.909375e-01 -1.875000e-03 1.311514e-01 -1.844253e-01
2.893750e-01 -3.125000e-04 1.313777e-01 -1.840585e-01 2.878125e-01 1.250000e-03 1.316303e-01 -1.836769e-01
2.909375e-01 -1.875000e-03 1.311514e-01 -1.844253e-01 2.893750e-01 -3.125000e-04 1.313777e-01 -1.840585e-01
2.831250e-01 2.812500e-03 1.309942e-01 -1.846636e-01 2.815625e-01 4.375000e-03 1.312818e-01 -1.842195e-01
2.831250e-01 2.812500e-03 1.309942e-01 -1.846636e-01 2.862500e-01 2.812500e-03 1.318676e-01 -1.832650e-01
2.815625e-01 4.375000e-03 1.312818e-01 -1.842195e-01 2.800000e-01 5.937500e-03 1.315525e-01 -1.837462e-01
2.878125e-01 1.250000e-03 1.316303e-01 -1.836769e-01 2.862500e-01 2.812500e-03 1.318676e-01 -1.832650e-01
2.940625e-01 -5.000000e-03 1.306972e-01 -1.850826e-01 2.925000e-01 -3.437500e-03 1.309107e-01 -1.847608e-01
3.468750e-02 2.000000e-02 1.968645e-01 -1.503872e-01 3.625000e-02 2.156250e-02 1.966494e-01 -1.500566e-01
3.625000e-02 2.156250e-02 1.966494e-01 -1.500566e-01 3.781250e-02 2.312500e-02 1.963964e-01 -1.497221e-01
3.781250e-02 2.312500e-02 1.963964e-01 -1.497221e-01 3.781250e-02 2.625000e-02 1.949536e-01 -1.475646e-01
3.781250e-02 2.625000e-02 1.949536e-01 -1.475646e-01 3.781250e-02 2.937500e-02 1.935282e-01 -1.453801e-01
3.781250e-02 2.937500e-02 1.935282e-01 -1.453801e-01 3.937500e-02 3.093750e-02 1.932885e-01 -1.449789e-01
3.937500e-02 3.093750e-02 1.932885e-01 -1.449789e-01 4.093750e-02 3.250000e-02 1.930114e-01 -1.445727e-01
4.093750e-02 3.250000e-02 1.930114e-01 -1.445727e-01 4.093750e-02 3.562500e-02 1.916134e-01 -1.423197e-01
4.093750e-02 3.562500e-02 1.916134e-01 -1.423197e-01 4.093750e-02 3.875000e-02 1.902329e-01 -1.400426e-01
4.093750e-02 3.875000e-02 1.902329e-01 -1.400426e-01 4.250000e-02 4.031250e-02 1.899722e-01 -1.395742e-01
4.250000e-02 4.031250e-02 1.899722e-01 -1.395742e-01 4.406250e-02 4.187500e-02 1.896742e-01 -1.390998e-01
4.406250e-02 4.187500e-02 1.896742e-01 -1.390998e-01 4.406250e-02 4.500000e-02 1.883228e-01 -1.367600e-01
4.406250e-02 4.500000e-02 1.883228e-01 -1.367600e-01 4.406250e-02 4.812500e-02 1.869887e-01 -1.343988e-01
4.406250e-02 4.812500e-02 1.869887e-01 -1.343988e-01 4.562500e-02 4.968750e-02 1.867097e-01 -1.338665e-01
4.562500e-02 4.968750e-02 1.867097e-01 -1.338665e-01 4.718750e-02 5.125000e-02 1.863936e-01 -1.333275e-01
4.718750e-02 5.125000e-02 1.863936e-01 -1.333275e-01 4.718750e-02 5.437500e-02 1.850899e-01 -1.309090e-01
4.718750e-02 5.437500e-02 1.850899e-01 -1.309090e-01 4.718750e-02 5.750000e-02 1.838030e-01 -1.284714e-01
4.718750e-02 5.750000e-02 1.838030e-01 -1.284714e-01 4.718750e-02 6.062500e-02 1.825326e-01 -1.260156e-01
4.718750e-02 6.062500e-02 1.825326e-01 -1.260156e-01 4.875000e-02 6.218750e-02 1.822447e-01 -1.254059e-01
4.875000e-02 6.218750e-02 1.822447e-01 -1.254059e-01 5.031250e-02 6.375000e-02 1.819204e-01 -1.247889e-01
5.031250e-02 6.375000e-02 1.819204e-01 -1.247889e-01 5.031250e-02 6.687500e-02 1.806811e-01 -1.222822e-01
5.031250e-02 6.687500e-02 1.806811e-01 -1.222822e-01 5.031250e-02 7.000000e-02 1.794579e-01 -1.197593e-01
2.300000e-01 4.968750e-02 1.390995e-01 -1.634987e-01 2.284375e-01 5.125000e-02 1.393930e-01 -1.624020e-01
2.284375e-01 5.125000e-02 1.393930e-01 -1.624020e-01 2.284375e-01 5.437500e-02 1.401186e-01 -1.594606e-01
2.268750e-01 5.593750e-02 1.403707e-01 -1.583419e-01 2.253125e-01 5.750000e-02 1.406362e-01 -1.572030e-01
2.284375e-01 5.437500e-02 1.401186e-01 -1.594606e-01 2.268750e-01 5.593750e-02 1.403707e-01 -1.583419e-01
2.175000e-01 6.531250e-02 1.418613e-01 -1.513022e-01 2.159375e-01 6.687500e-02 1.421059e-01 -1.500760e-01
2.159375e-01 6.687500e-02 1.421059e-01 -1.500760e-01 2.159375e-01 7.000000e-02 1.426577e-01 -1.470565e-01
2.237500e-01 5.906250e-02 1.408814e-01 -1.560540e-01 2.221875e-01 6.062500e-02 1.411398e-01 -1.548850e-01
2.206250e-01 6.218750e-02 1.413782e-01 -1.537068e-01 2.190625e-01 6.375000e-02 1.416297e-01 -1.525086e-01
2.221875e-01 6.062500e-02 1.411398e-01 -1.548850e-01 2.206250e-01 6.218750e-02 1.413782e-01 -1.537068e-01
2.253125e-01 5.750000e-02 1.406362e-01 -1.572030e-01 2.237500e-01 5.906250e-02 1.408814e-01 -1.560540e-01
2.190625e-01 6.375000e-02 1.416297e-01 -1.525086e-01 2.175000e-01 6.531250e-02 1.418613e-01 -1.513022e-01
2.550000e-01 2.468750e-02 1.341026e-01 -1.785866e-01 2.534375e-01 2.625000e-02 1.344444e-01 -1.777883e-01
2.487500e-01 3.093750e-02 1.354187e-01 -1.752719e-01 2.471875e-01 3.250000e-02 1.357515e-01 -1.743918e-01
2.518750e-01 2.781250e-02 1.347647e-01 -1.769700e-01 2.503125e-01 2.937500e-02 1.351025e-01 -1.761303e-01
2.534375e-01 2.625000e-02 1.344444e-01 -1.777883e-01 2.518750e-01 2.781250e-02 1.347647e-01 -1.769700e-01
2.503125e-01 2.937500e-02 1.351025e-01 -1.761303e-01 2.487500e-01 3.093750e-02 1.354187e-01 -1.752719e-01
2.425000e-01 3.718750e-02 1.366958e-01 -1.716398e-01 2.409375e-01 3.875000e-02 1.370171e-01 -1.706829e-01
2.362500e-01 4.343750e-02 1.379247e-01 -1.677092e-01 2.346875e-01 4.500000e-02 1.382326e-01 -1.666801e-01
2.393750e-01 4.031250e-02 1.373168e-01 -1.697107e-01 2.378125e-01 4.187500e-02 1.376315e-01 -1.687170e-01
2.409375e-01 3.875000e-02 1.370171e-01 -1.706829e-01 2.393750e-01 4.031250e-02 1.373168e-01 -1.697107e-01
2.378125e-01 4.187500e-02 1.376315e-01 -1.687170e-01 2.362500e-01 4.343750e-02 1.379247e-01 -1.677092e-01
2.456250e-01 3.406250e-02 1.360628e-01 -1.734944e-01 2.440625e-01 3.562500e-02 1.363901e-01 -1.725753e-01
2.471875e-01 3.250000e-02 1.357515e-01 -1.743918e-01 2.456250e-01 3.406250e-02 1.360628e-01 -1.734944e-01
2.440625e-01 3.562500e-02 1.363901e-01 -1.725753e-01 2.425000e-01 3.718750e-02 1.366958e-01 -1.716398e-01
2.612500e-01 2.156250e-02 1.339311e-01 -1.789699e-01 2.596875e-01 2.312500e-02 1.342571e-01 -1.782353e-01
2.550000e-01 2.468750e-02 1.341026e-01 -1.785866e-01 2.581250e-01 2.468750e-02 1.345624e-01 -1.774793e-01
2.596875e-01 2.312500e-02 1.342571e-01 -1.782353e-01 2.581250e-01 2.468750e-02 1.345624e-01 -1.774793e-01
2.628125e-01 2.000000e-02 1.336243e-01 -1.796838e-01 2.612500e-01 2.156250e-02 1.339311e-01 -1.789699e-01
2.331250e-01 4.656250e-02 1.385191e-01 -1.656378e-01 2.315625e-01 4.812500e-02 1.388199e-01 -1.645743e-01
2.346875e-01 4.500000e-02 1.382326e-01 -1.666801e-01 2.331250e-01 4.656250e-02 1.385191e-01 -1.656378e-01
2.315625e-01 4.812500e-02 1.388199e-01 -1.645743e-01 2.300000e-01 4.968750e-02 1.390995e-01 -1.634987e-01
5.031250e-02 7.000000e-02 1.794579e-01 -1.197593e-01 5.187500e-02 7.156250e-02 1.791564e-01 -1.190938e-01
5.187500e-02 7.156250e-02 1.791564e-01 -1.190938e-01 5.343750e-02 7.312500e-02 1.788188e-01 -1.184205e-01
5.343750e-02 7.312500e-02 1.788188e-01 -1.184205e-01 5.343750e-02 7.625000e-02 1.776271e-01 -1.158512e-01
5.343750e-02 7.625000e-02 1.776271e-01 -1.158512e-01 5.343750e-02 7.937500e-02 1.764509e-01 -1.132677e-01
5.343750e-02 7.937500e-02 1.764509e-01 -1.132677e-01 5.343750e-02 8.250000e-02 1.752901e-01 -1.106702e-01
5.343750e-02 8.250000e-02 1.752901e-01 -1.106702e-01 5.500000e-02 8.406250e-02 1.749847e-01 -1.099377e-01
5.500000e-02 8.406250e-02 1.749847e-01 -1.099377e-01 5.656250e-02 8.562500e-02 1.746439e-01 -1.091970e-01
5.656250e-02 8.562500e-02 1.746439e-01 -1.091970e-01 5.656250e-02 8.875000e-02 1.735146e-01 -1.065584e-01
5.656250e-02 8.875000e-02 1.735146e-01 -1.065584e-01 5.656250e-02 9.187500e-02 1.724001e-01 -1.039076e-01
5.656250e-02 9.187500e-02 1.724001e-01 -1.039076e-01 5.656250e-02 9.500000e-02 1.713001e-01 -1.012449e-01
5.656250e-02 9.500000e-02 1.713001e-01 -1.012449e-01 5.812500e-02 9.656250e-02 1.709931e-01 -1.004508e-01
5.812500e-02 9.656250e-02 1.709931e-01 -1.004508e-01 5.968750e-02 9.812500e-02 1.706514e-01 -9.964795e-02
5.968750e-02 9.812500e-02 1.706514e-01 -9.964795e-02 5.968750e-02 1.012500e-01 1.695829e-01 -9.694874e-02
5.968750e-02 1.012500e-01 1.695829e-01 -9.694874e-02 5.968750e-02 1.043750e-01 1.685284e-01 -9.423902e-02
5.968750e-02 1.043750e-01 1.685284e-01 -9.423902e-02 5.968750e-02 1.075000e-01 1.674876e-01 -9.151913e-02
5.968750e-02 1.075000e-01 1.674876e-01 -9.151913e-02 6.125000e-02 1.090625e-01 1.671812e-01 -9.066802e-02
6.125000e-02 1.090625e-01 1.671812e-01 -9.066802e-02 6.281250e-02 1.106250e-01 1.668412e-01 -8.980787e-02
6.281250e-02 1.106250e-01 1.668412e-01 -8.980787e-02 6.281250e-02 1.137500e-01 1.658318e-01 -8.705544e-02
6.281250e-02 1.137500e-01 1.658318e-01 -8.705544e-02 6.281250e-02 1.168750e-01 1.648357e-01 -8.429401e-02
6.281250e-02 1.168750e-01 1.648357e-01 -8.429401e-02 6.281250e-02 1.200000e-01 1.638524e-01 -8.152390e-02
2.050000e-01 8.406250e-02 1.444937e-01 -1.350185e-01 2.034375e-01 8.562500e-02 1.446764e-01 -1.336792e-01
2.034375e-01 8.562500e-02 1.446764e-01 -1.336792e-01 2.034375e-01 8.875000e-02 1.450608e-01 -1.306069e-01
1.987500e-01 9.343750e-02 1.455104e-01 -1.265222e-01 1.971875e-01 9.500000e-02 1.456657e-01 -1.251348e-01
2.018750e-01 9.031250e-02 1.452080e-01 -1.292583e-01 2.003125e-01 9.187500e-02 1.453679e-01 -1.278923e-01
2.034375e-01 8.875000e-02 1.450608e-01 -1.306069e-01 2.018750e-01 9.031250e-02 1.452080e-01 -1.292583e-01
2.003125e-01 9.187500e-02 1.453679e-01 -1.278923e-01 1.987500e-01 9.343750e-02 1.455104e-01 -1.265222e-01
2.112500e-01 7.468750e-02 1.432820e-01 -1.432882e-01 2.096875e-01 7.625000e-02 1.434946e-01 -1.420024e-01
2.143750e-01 7.156250e-02 1.428636e-01 -1.458153e-01 2.128125e-01 7.312500e-02 1.430823e-01 -1.445551e-01
2.159375e-01 7.000000e-02 1.426577e-01 -1.470565e-01 2.143750e-01 7.156250e-02 1.428636e-01 -1.458153e-01
2.128125e-01 7.312500e-02 1.430823e-01 -1.445551e-01 2.112500e-01 7.468750e-02 1.432820e-01 -1.432882e-01
2.096875e-01 7.625000e-02 1.434946e-01 -1.420024e-01 2.096875e-01 7.937500e-02 1.439601e-01 -1.389532e-01
2.081250e-01 8.093750e-02 1.441355e-01 -1.376555e-01 2.065625e-01 8.250000e-02 1.443237e-01 -1.363396e-01
2.096875e-01 7.937500e-02 1.439601e-01 -1.389532e-01 2.081250e-01 8.093750e-02 1.441355e-01 -1.376555e-01
2.065625e-01 8.250000e-02 1.443237e-01 -1.363396e-01 2.050000e-01 8.406250e-02 1.444937e-01 -1.350185e-01
1.925000e-01 1.028125e-01 1.463456e-01 -1.178246e-01 1.909375e-01 1.043750e-01 1.464755e-01 -1.163935e-01
1.909375e-01 1.043750e-01 1.464755e-01 -1.163935e-01 1.909375e-01 1.075000e-01 1.467109e-01 -1.132905e-01
1.971875e-01 9.500000e-02 1.456657e-01 -1.251348e-01 1.971875e-01 9.812500e-02 1.459735e-01 -1.220448e-01
1.956250e-01 9.968750e-02 1.460947e-01 -1.206503e-01 1.940625e-01 1.012500e-01 1.462285e-01 -1.192390e-01
1.971875e-01 9.812500e-02 1.459735e-01 -1.220448e-01 1.956250e-01 9.968750e-02 1.460947e-01 -1.206503e-01
1.940625e-01 1.012500e-01 1.462285e-01 -1.192390e-01 1.925000e-01 1.028125e-01 1.463456e-01 -1.178246e-01
1.893750e-01 1.090625e-01 1.468078e-01 -1.118542e-01 1.878125e-01 1.106250e-01 1.469175e-01 -1.104017e-01
1.909375e-01 1.075000e-01 1.467109e-01 -1.132905e-01 1.893750e-01 1.090625e-01 1.468078e-01 -1.118542e-01
1.878125e-01 1.106250e-01 1.469175e-01 -1.104017e-01 1.878125e-01 1.137500e-01 1.471162e-01 -1.072935e-01
1.862500e-01 1.153125e-01 1.471937e-01 -1.058368e-01 1.846875e-01 1.168750e-01 1.472838e-01 -1.043641e-01
1.846875e-01 1.168750e-01 1.472838e-01 -1.043641e-01 1.846875e-01 1.200000e-01 1.474474e-01 -1.012517e-01
1.878125e-01 1.137500e-01 1.471162e-01 -1.072935e-01 1.862500e-01 1.153125e-01 1.471937e-01 -1.058368e-01
6.281250e-02 1.200000e-01 1.638524e-01 -8.152390e-02 6.437500e-02 1.215625e-01 1.635492e-01 -8.061991e-02
6.437500e-02 1.215625e-01 1.635492e-01 -8.061991e-02 6.593750e-02 1.231250e-01 1.632136e-01 -7.970652e-02
6.593750e-02 1.231250e-01 1.632136e-01 -7.970652e-02 6.593750e-02 1.262500e-01 1.622618e-01 -7.690731e-02
6.593750e-02 1.262500e-01 1.622618e-01 -7.690731e-02 6.593750e-02 1.293750e-01 1.613225e-01 -7.410039e-02
6.593750e-02 1.293750e-01 1.613225e-01 -7.410039e-02 6.593750e-02 1.325000e-01 1.603955e-01 -7.128600e-02
6.593750e-02 1.325000e-01 1.603955e-01 -7.128600e-02 6.750000e-02 1.340625e-01 1.600982e-01 -7.033275e-02
6.750000e-02 1.340625e-01 1.600982e-01 -7.033275e-02 6.906250e-02 1.356250e-01 1.597703e-01 -6.936969e-02
6.906250e-02 1.356250e-01 1.597703e-01 -6.936969e-02 6.906250e-02 1.387500e-01 1.588748e-01 -6.652923e-02
6.906250e-02 1.387500e-01 1.588748e-01 -6.652923e-02 6.906250e-02 1.418750e-01 1.579911e-01 -6.368215e-02
6.906250e-02 1.418750e-01 1.579911e-01 -6.368215e-02 6.906250e-02 1.450000e-01 1.571189e-01 -6.082865e-02
6.906250e-02 1.450000e-01 1.571189e-01 -6.082865e-02 7.062500e-02 1.465625e-01 1.568310e-01 -5.982925e-02
7.062500e-02 1.465625e-01 1.568310e-01 -5.982925e-02 7.218750e-02 1.481250e-01 1.565146e-01 -5.881961e-02
7.218750e-02 1.481250e-01 1.565146e-01 -5.881961e-02 7.218750e-02 1.512500e-01 1.556742e-01 -5.594272e-02
7.218750e-02 1.512500e-01 1.556742e-01 -5.594272e-02 7.218750e-02 1.543750e-01 1.548448e-01 -5.306013e-02
7.218750e-02 1.543750e-01 1.548448e-01 -5.306013e-02 7.218750e-02 1.575000e-01 1.540264e-01 -5.017200e-02
7.218750e-02 1.575000e-01 1.540264e-01 -5.017200e-02 7.375000e-02 1.590625e-01 1.537518e-01 -4.912919e-02
7.375000e-02 1.590625e-01 1.537518e-01 -4.912919e-02 7.531250e-02 1.606250e-01 1.534513e-01 -4.807569e-02
7.531250e-02 1.606250e-01 1.534513e-01 -4.807569e-02 7.531250e-02 1.637500e-01 1.526649e-01 -4.516652e-02
7.531250e-02 1.637500e-01 1.526649e-01 -4.516652e-02 7.531250e-02 1.668750e-01 1.518889e-01 -4.225246e-02
7.531250e-02 1.668750e-01 1.518889e-01 -4.225246e-02 7.687500e-02 1.684375e-01 1.516211e-01 -4.117597e-02
7.687500e-02 1.684375e-01 1.516211e-01 -4.117597e-02 7.843750e-02 1.700000e-01 1.513301e-01 -4.008834e-02
1.800000e-01 1.246875e-01 1.476328e-01 -9.679141e-02 1.784375e-01 1.262500e-01 1.477008e-01 -9.528316e-02
1.784375e-01 1.262500e-01 1.477008e-01 -9.528316e-02 1.784375e-01 1.293750e-01 1.478002e-01 -9.216518e-02
1.768750e-01 1.309375e-01 1.478377e-01 -9.065496e-02 1.753125e-01 1.325000e-01 1.478871e-01 -8.912969e-02
1.784375e-01 1.293750e-01 1.478002e-01 -9.216518e-02 1.768750e-01 1.309375e-01 1.478377e-01 -9.065496e-02
1.737500e-01 1.371875e-01 1.479746e-01 -8.448331e-02 1.721875e-01 1.387500e-01 1.480059e-01 -8.294200e-02
1.753125e-01 1.325000e-01 1.478871e-01 -8.912969e-02 1.753125e-01 1.356250e-01 1.479550e-01 -8.600989e-02
1.753125e-01 1.356250e-01 1.479550e-01 -8.600989e-02 1.737500e-01 1.371875e-01 1.479746e-01 -8.448331e-02
1.721875e-01 1.387500e-01 1.480059e-01 -8.294200e-02 1.721875e-01 1.418750e-01 1.480434e-01 -7.982105e-02
1.706250e-01 1.434375e-01 1.480455e-01 -7.827901e-02 1.690625e-01 1.450000e-01 1.480587e-01 -7.672259e-02
1.721875e-01 1.418750e-01 1.480434e-01 -7.982105e-02 1.706250e-01 1.434375e-01 1.480455e-01 -7.827901e-02
1.550000e-01 1.684375e-01 1.476745e-01 -5.308257e-02 1.534375e-01 1.700000e-01 1.476225e-01 -5.146071e-02
1.675000e-01 1.465625e-01 1.480575e-01 -7.516608e-02 1.659375e-01 1.481250e-01 1.480669e-01 -7.359525e-02
1.659375e-01 1.481250e-01 1.480669e-01 -7.359525e-02 1.659375e-01 1.512500e-01 1.480470e-01 -7.047382e-02
1.643750e-01 1.528125e-01 1.480281e-01 -6.890334e-02 1.628125e-01 1.543750e-01 1.480192e-01 -6.731884e-02
1.659375e-01 1.512500e-01 1.480470e-01 -7.047382e-02 1.643750e-01 1.528125e-01 1.480281e-01 -6.890334e-02
1.628125e-01 1.543750e-01 1.480192e-01 -6.731884e-02 1.628125e-01 1.575000e-01 1.479719e-01 -6.419788e-02
1.690625e-01 1.450000e-01 1.480587e-01 -7.672259e-02 1.675000e-01 1.465625e-01 1.480575e-01 -7.516608e-02
1.612500e-01 1.590625e-01 1.479353e-01 -6.261421e-02 1.596875e-01 1.606250e-01 1.479079e-01 -6.101684e-02
1.596875e-01 1.606250e-01 1.479079e-01 -6.101684e-02 1.596875e-01 1.637500e-01 1.478344e-01 -5.789679e-02
1.628125e-01 1.575000e-01 1.479719e-01 -6.419788e-02 1.612500e-01 1.590625e-01 1.479353e-01 -6.261421e-02
1.581250e-01 1.653125e-01 1.477800e-01 -5.630067e-02 1.565625e-01 1.668750e-01 1.477339e-01 -5.469120e-02
1.596875e-01 1.637500e-01 1.478344e-01 -5.789679e-02 1.581250e-01 1.653125e-01 1.477800e-01 -5.630067e-02
1.565625e-01 1.668750e-01 1.477339e-01 -5.469120e-02 1.550000e-01 1.684375e-01 1.476745e-01 -5.308257e-02
1.831250e-01 1.215625e-01 1.475061e-01 -9.977573e-02 1.815625e-01 1.231250e-01 1.475772e-01 -9.828423e-02
1.846875e-01 1.200000e-01 1.474474e-01 -1.012517e-01 1.831250e-01 1.215625e-01 1.475061e-01 -9.977573e-02
1.815625e-01 1.231250e-01 1.475772e-01 -9.828423e-02 1.800000e-01 1.246875e-01 1.476328e-01 -9.679141e-02
7.843750e-02 1.700000e-01 1.513301e-01 -4.008834e-02 7.843750e-02 1.731250e-01 1.505866e-01 -3.715488e-02
7.843750e-02 1.731250e-01 1.505866e-01 -3.715488e-02 7.843750e-02 1.762500e-01 1.498531e-01 -3.421713e-02
7.843750e-02 1.762500e-01 1.498531e-01 -3.421713e-02 8.000000e-02 1.778125e-01 1.495962e-01 -3.310804e-02
8.000000e-02 1.778125e-01 1.495962e-01 -3.310804e-02 8.156250e-02 1.793750e-01 1.493189e-01 -3.198736e-02
8.156250e-02 1.793750e-01 1.493189e-01 -3.198736e-02 8.156250e-02 1.825000e-01 1.486184e-01 -2.903173e-02
8.156250e-02 1.825000e-01 1.486184e-01 -2.903173e-02 8.312500e-02 1.840625e-01 1.483648e-01 -2.789759e-02
8.312500e-02 1.840625e-01 1.483648e-01 -2.789759e-02 8.468750e-02 1.856250e-01 1.480936e-01 -2.675136e-02
8.468750e-02 1.856250e-01 1.480936e-01 -2.675136e-02 8.468750e-02 1.887500e-01 1.474267e-01 -2.377897e-02
8.468750e-02 1.887500e-01 1.474267e-01 -2.377897e-02 8.625000e-02 1.903125e-01 1.471801e-01 -2.261997e-02
8.625000e-02 1.903125e-01 1.471801e-01 -2.261997e-02 8.781250e-02 1.918750e-01 1.469189e-01 -2.144841e-02
8.781250e-02 1.918750e-01 1.469189e-01 -2.144841e-02 8.781250e-02 1.950000e-01 1.462862e-01 -1.846034e-02
8.781250e-02 1.950000e-01 1.462862e-01 -1.846034e-02 8.937500e-02 1.965625e-01 1.460505e-01 -1.727672e-02
8.937500e-02 1.965625e-01 1.460505e-01 -1.727672e-02 9.093750e-02 1.981250e-01 1.458034e-01 -1.608013e-02
9.093750e-02 1.981250e-01 1.458034e-01 -1.608013e-02 9.250000e-02 1.996875e-01 1.455694e-01 -1.487781e-02
9.250000e-02 1.996875e-01 1.455694e-01 -1.487781e-02 9.406250e-02 2.012500e-01 1.453268e-01 -1.366206e-02
9.406250e-02 2.012500e-01 1.453268e-01 -1.366206e-02 9.562500e-02 2.028125e-01 1.450978e-01 -1.244082e-02
9.562500e-02 2.028125e-01 1.450978e-01 -1.244082e-02 9.718750e-02 2.043750e-01 1.448632e-01 -1.120575e-02
9.718750e-02 2.043750e-01 1.448632e-01 -1.120575e-02 9.875000e-02 2.059375e-01 1.446426e-01 -9.965454e-03
9.875000e-02 2.059375e-01 1.446426e-01 -9.965454e-03 1.003125e-01 2.075000e-01 1.444195e-01 -8.710976e-03
1.003125e-01 2.075000e-01 1.444195e-01 -8.710976e-03 1.018750e-01 2.090625e-01 1.442106e-01 -7.451536e-03
1.018750e-01 2.090625e-01 1.442106e-01 -7.451536e-03 1.050000e-01 2.090625e-01 1.442884e-01 -7.945971e-03
1.237500e-01 2.059375e-01 1.449371e-01 -1.350534e-02 1.221875e-01 2.075000e-01 1.447437e-01 -1.178643e-02
1.268750e-01 2.028125e-01 1.452999e-01 -1.692515e-02 1.253125e-01 2.043750e-01 1.451237e-01 -1.521411e-02
1.268750e-01 2.028125e-01 1.452999e-01 -1.692515e-02 1.300000e-01 2.028125e-01 1.453323e-01 -1.723474e-02
1.253125e-01 2.043750e-01 1.451237e-01 -1.521411e-02 1.237500e-01 2.059375e-01 1.449371e-01 -1.350534e-02
1.050000e-01 2.090625e-01 1.442884e-01 -7.945971e-03 1.065625e-01 2.106250e-01 1.440835e-01 -6.657295e-03
1.065625e-01 2.106250e-01 1.440835e-01 -6.657295e-03 1.081250e-01 2.121875e-01 1.438934e-01 -5.364149e-03
1.081250e-01 2.121875e-01 1.438934e-01 -5.364149e-03 1.112500e-01 2.121875e-01 1.439683e-01 -5.806370e-03
1.143750e-01 2.090625e-01 1.444478e-01 -9.292813e-03 1.128125e-01 2.106250e-01 1.442124e-01 -7.548295e-03
1.143750e-01 2.090625e-01 1.444478e-01 -9.292813e-03 1.175000e-01 2.090625e-01 1.444923e-01 -9.693803e-03
1.128125e-01 2.106250e-01 1.442124e-01 -7.548295e-03 1.112500e-01 2.121875e-01 1.439683e-01 -5.806370e-03
1.175000e-01 2.090625e-01 1.444923e-01 -9.693803e-03 1.206250e-01 2.090625e-01 1.445403e-01 -1.006986e-02
1.221875e-01 2.075000e-01 1.447437e-01 -1.178643e-02 1.206250e-01 2.090625e-01 1.445403e-01 -1.006986e-02
1.534375e-01 1.700000e-01 1.476225e-01 -5.146071e-02 1.534375e-01 1.731250e-01 1.474977e-01 -4.834378e-02
1.518750e-01 1.746875e-01 1.474196e-01 -4.672394e-02 1.503125e-01 1.762500e-01 1.473479e-01 -4.509125e-02
1.534375e-01 1.731250e-01 1.474977e-01 -4.834378e-02 1.518750e-01 1.746875e-01 1.474196e-01 -4.672394e-02
1.487500e-01 1.778125e-01 1.472634e-01 -4.345975e-02 1.471875e-01 1.793750e-01 1.471842e-01 -4.181551e-02
1.471875e-01 1.793750e-01 1.471842e-01 -4.181551e-02 1.471875e-01 1.825000e-01 1.470109e-01 -3.870307e-02
1.503125e-01 1.762500e-01 1.473479e-01 -4.509125e-02 1.487500e-01 1.778125e-01 1.472634e-01 -4.345975e-02
1.425000e-01 1.871875e-01 1.466939e-01 -3.375543e-02 1.409375e-01 1.887500e-01 1.465841e-01 -3.209099e-02
1.362500e-01 1.934375e-01 1.462098e-01 -2.708073e-02 1.346875e-01 1.950000e-01 1.460774e-01 -2.539628e-02
1.393750e-01 1.903125e-01 1.464624e-01 -3.042824e-02 1.378125e-01 1.918750e-01 1.463420e-01 -2.875356e-02
1.409375e-01 1.887500e-01 1.465841e-01 -3.209099e-02 1.393750e-01 1.903125e-01 1.464624e-01 -3.042824e-02
1.378125e-01 1.918750e-01 1.463420e-01 -2.875356e-02 1.362500e-01 1.934375e-01 1.462098e-01 -2.708073e-02
1.456250e-01 1.840625e-01 1.469066e-01 -3.706158e-02 1.440625e-01 1.856250e-01 1.468064e-01 -3.540774e-02
1.471875e-01 1.825000e-01 1.470109e-01 -3.870307e-02 1.456250e-01 1.840625e-01 1.469066e-01 -3.706158e-02
1.440625e-01 1.856250e-01 1.468064e-01 -3.540774e-02 1.425000e-01 1.871875e-01 1.466939e-01 -3.375543e-02
1.346875e-01 1.950000e-01 1.460774e-01 -2.539628e-02 1.346875e-01 1.981250e-01 1.458120e-01 -2.229669e-02
1.331250e-01 1.996875e-01 1.456569e-01 -2.061611e-02 1.315625e-01 2.012500e-01 1.455001e-01 -1.892440e-02
1.346875e-01 1.981250e-01 1.458120e-01 -2.229669e-02 1.331250e-01 1.996875e-01 1.456569e-01 -2.061611e-02
1.315625e-01 2.012500e-01 1.455001e-01 -1.892440e-02 1.300000e-01 2.028125e-01 1.453323e-01 -1.723474e-02
1.808973e-01 -1.701789e-01 -6.479027e-02 -1.968827e-01 1.808973e-01 -1.701789e-01 -6.245212e-02 -2.243720e-01
1.808973e-01 -1.701789e-01 -6.245212e-02 -2.243720e-01 1.808973e-01 -1.701789e-01 -5.590701e-02 -2.511313e-01
1.808973e-01 -1.701789e-01 -5.590701e-02 -2.511313e-01 1.808973e-01 -1.701789e-01 -4.554815e-02 -2.760052e-01
1.808973e-01 -1.701789e-01 -4.554815e-02 -2.760052e-01 1.808973e-01 -1.701789e-01 -3.201285e-02 -2.981261e-01
1.808973e-01 -1.701789e-01 -3.201285e-02 -2.981261e-01 1.808973e-01 -1.701789e-01 -1.602062e-02 -3.169797e-01
1.808973e-01 -1.701789e-01 -1.602062e-02 -3.169797e-01 1.808973e-01 -1.701789e-01 1.752349e-03 -3.323476e-01
1.808973e-01 -1.701789e-01 1.752349e-03 -3.323476e-01 1.808973e-01 -1.701789e-01 2.073115e-02 -3.442021e-01
1.808973e-01 -1.701789e-01 2.073115e-02 -3.442021e-01 1.808973e-01 -1.701789e-01 4.044883e-02 -3.526119e-01
1.808973e-01 -1.701789e-01 4.044883e-02 -3.526119e-01 1.808973e-01 -1.701789e-01 6.052788e-02 -3.576773e-01
1.808973e-01 -1.701789e-01 2.158599e-01 -2.087511e-01 1.808973e-01 -1.701789e-01 2.134785e-01 -1.812358e-01
1.808973e-01 -1.701789e-01 2.134785e-01 -1.812358e-01 1.808973e-01 -1.701789e-01 2.068905e-01 -1.544384e-01
1.808973e-01 -1.701789e-01 2.068905e-01 -1.544384e-01 1.808973e-01 -1.701789e-01 1.964933e-01 -1.295182e-01
1.808973e-01 -1.701789e-01 1.964933e-01 -1.295182e-01 1.808973e-01 -1.701789e-01 1.829281e-01 -1.073474e-01
1.808973e-01 -1.701789e-01 1.829281e-01 -1.073474e-01 1.808973e-01 -1.701789e-01 1.669173e-01 -8.844498e-02
1.808973e-01 -1.701789e-01 1.669173e-01 -8.844498e-02 1.808973e-01 -1.701789e-01 1.491390e-01 -7.303435e-02
1.808973e-01 -1.701789e-01 1.491390e-01 -7.303435e-02 1.808973e-01 -1.701789e-01 1.301684e-01 -6.114742e-02
1.808973e-01 -1.701789e-01 -5.703184e-02 -1.445169e-01 1.808973e-01 -1.701789e-01 -6.288313e-02 -1.699034e-01
1.808973e-01 -1.701789e-01 -6.288313e-02 -1.699034e-01 1.808973e-01 -1.701789e-01 -6.479027e-02 -1.968827e-01
1.591610e-01 -1.833358e-01 1.633500e-01 -1.107060e-01 1.591610e-01 -1.833358e-01 1.658052e-01 -1.187368e-01
1.591610e-01 -1.833358e-01 1.658052e-01 -1.187368e-01 1.591610e-01 -1.833358e-01 1.693961e-01 -1.266979e-01
1.591610e-01 -1.833358e-01 1.693961e-01 -1.266979e-01 1.591610e-01 -1.833358e-01 1.741951e-01 -1.345349e-01
1.591610e-01 -1.833358e-01 1.741951e-01 -1.345349e-01 1.591610e-01 -1.833358e-01 1.803585e-01 -1.421767e-01
1.591610e-01 -1.833358e-01 3.887093e-01 -9.421094e-02 1.591610e-01 -1.833358e-01 3.874941e-01 -8.619024e-02
1.591610e-01 -1.833358e-01 3.874941e-01 -8.619024e-02 1.591610e-01 -1.833358e-01 3.851612e-01 -7.825196e-02
1.591610e-01 -1.833358e-01 3.851612e-01 -7.825196e-02 1.591610e-01 -1.833358e-01 3.816875e-01 -7.042779e-02
1.591610e-01 -1.833358e-01 3.816875e-01 -7.042779e-02 1.591610e-01 -1.833358e-01 3.769887e-01 -6.275856e-02
1.591610e-01 -1.833358e-01 3.769887e-01 -6.275856e-02 1.591610e-01 -1.833358e-01 3.708987e-01 -5.529862e-02
1.591610e-01 -1.833358e-01 3.708987e-01 -5.529862e-02 1.591610e-01 -1.833358e-01 3.631243e-01 -4.812510e-02
