2.252938e+01
1.433207e+02  1.627665e-01 -1.702044e-01  3.210137e-01  8.760944e+01  1.285606e+02  1.624878e-01 -1.703623e-01  8.699477e-01  7.674144e+00 

2.409192e+01
  1.433228e+02  1.630573e-01 -1.697933e-01  3.163762e-01  8.726981e+01  1.286569e+02  1.627025e-01 -1.706735e-01  8.726691e-01  7.589271e+00 

2.286005e+01
  1.433218e+02  1.631153e-01 -1.700132e-01  3.180381e-01  8.727279e+01  1.286793e+02  1.620919e-01 -1.730658e-01  8.734250e-01  7.561535e+00 

2.281378e+01
  1.433203e+02  1.636593e-01 -1.699181e-01  3.183001e-01  8.706775e+01  1.284922e+02  1.621381e-01 -1.728692e-01  8.698813e-01  7.502804e+00 

2.184685e+01
  1.433205e+02  1.641915e-01 -1.710155e-01  3.194167e-01  8.731160e+01  1.284818e+02  1.620909e-01 -1.720025e-01  8.656886e-01  7.343425e+00 

2.068087e+01
  1.433195e+02  1.655090e-01 -1.697747e-01  3.265411e-01  8.695269e+01  1.282876e+02  1.623597e-01 -1.725168e-01  8.627440e-01  7.134333e+00 

2.125223e+01
  1.433225e+02  1.653957e-01 -1.698804e-01  3.302267e-01  8.692762e+01  1.281961e+02  1.618318e-01 -1.708699e-01  8.619400e-01  7.161250e+00 

2.138629e+01
  1.433225e+02  1.661013e-01 -1.699061e-01  3.252726e-01  8.704803e+01  1.280144e+02  1.619303e-01 -1.715602e-01  8.617084e-01  7.090005e+00 
