LENS PARMS:
   alpha 1.158957e+00 -3.931770e-01 -1.268809e+00 2.792680e-01 -5.134910e+00 1.458894e-01 8.982787e+01 0.0 0.0 1.000000e+00
SOURCE PARMS:
   ptsrc 9.457784e+00 -3.316854e-01 -1.241426e+00 0.0 0.0 0.0 0.0 0.0
CHISQ: 7.671277e+01 7.130573e+00 6.958220e+01 0.000000e+00 6.280156e-13 0.000000e+00 0.000000e+00 0.000000e+00 0.000000e+00 # tot pos flux tdel gal plim crv ring weak

Source #1
  posn: -3.316854e-01 -1.241426e+00
  flux:  9.457784e+00
     h:  7.000000e-01
  zsrc:  3.620000e+00
tscale:  5.539142e+01
images:
   0.5876  -1.9341 (3.0e-03) 401.0000 ( 8.00e+00)   0.00 (0.0e+00) ->   0.5891  -1.9351 368.7571   2.4542
   0.7208  -1.5298 (3.0e-03) 362.0000 ( 8.00e+00)   0.00 (0.0e+00) ->   0.7226  -1.5282 403.9522   2.5090
   0.0000   0.0000 (3.0e-03) 156.0000 ( 4.00e+00)   0.00 (0.0e+00) ->  -0.0016  -0.0008 138.0894   0.0000
  -1.3608  -1.6348 (8.0e-03)  58.0000 ( 2.00e+00)   0.00 (0.0e+00) ->  -1.3721  -1.6193  62.8122  13.6727


