LENS PARMS:
   alpha 7.547995e-01 7.422604e-01 -6.579495e-01 3.129768e-01 5.613609e+01 1.644609e-01 5.259587e+01 0.0 0.0 1.000000e+00
SOURCE PARMS:
   ptsrc 1.875204e+01 3.883967e-01 -4.141114e-01 0.0 0.0 0.0 0.0 0.0
CHISQ: 2.504425e+01 6.972109e-03 2.503728e+01 0.000000e+00 1.515366e-13 0.000000e+00 0.000000e+00 0.000000e+00 0.000000e+00 # tot pos flux tdel gal plim crv ring weak

Source #1
  posn:  3.883967e-01 -4.141114e-01
  flux:  1.875204e+01
     h:  7.000000e-01
  zsrc:  3.620000e+00
tscale:  5.539142e+01
images:
   0.3892   0.3200 (5.0e-05) 152.0000 ( 1.00e+01)   0.00 (0.0e+00) ->   0.3892   0.3200 123.2332   1.2000
   0.0000   0.0000 (5.0e-05) 161.0000 ( 1.00e+01)   0.00 (0.0e+00) ->   0.0000  -0.0000 155.0410   1.6252
  -0.3339  -0.7477 (5.0e-05)  84.0000 ( 5.00e+00)   0.00 (0.0e+00) ->  -0.3339  -0.7477  80.5394   0.0000
   0.9506  -0.8022 (5.0e-05)   4.0000 ( 4.00e-01)   0.00 (0.0e+00) ->   0.9506  -0.8021   5.5964  43.9222


