#
# Columns: x1 y1 u1 v1 x2 y2 u2 v2
#
# To plot the image plane curves, connect each (x1,y1)
# to the (x2,y2) on the same line -- do *not* connect
# consecutive lines!
#
# To plot the source plane curves, do the same for
# (u1,v1) and (u2,v2).
#
  3.618597833856e-01 -1.070703214669e+00  9.466913258153e-01 -3.723509634234e-01   3.457824508044e-01 -1.059959984567e+00  9.441946145690e-01 -3.747524604703e-01
  3.457824508044e-01 -1.059959984567e+00  9.441946145690e-01 -3.747524604703e-01   3.222897377216e-01 -1.044559742644e+00  9.392145861610e-01 -3.790251100908e-01
  3.222897377216e-01 -1.044559742644e+00  9.392145861610e-01 -3.790251100908e-01   3.032556244445e-01 -1.032266564668e+00  9.340190883509e-01 -3.829860251763e-01
  3.032556244445e-01 -1.032266564668e+00  9.340190883509e-01 -3.829860251763e-01   2.805634797719e-01 -1.017724646520e+00  9.264903153999e-01 -3.880971035252e-01
  2.805634797719e-01 -1.017724646520e+00  9.264903153999e-01 -3.880971035252e-01   2.472572377148e-01 -9.963767457932e-01  9.129046554592e-01 -3.959874292729e-01
  2.472572377148e-01 -9.963767457932e-01  9.129046554592e-01 -3.959874292729e-01   2.356915734452e-01 -9.889074380690e-01  9.075101728322e-01 -3.987548768173e-01
  2.356915734452e-01 -9.889074380690e-01  9.075101728322e-01 -3.987548768173e-01   2.155653412798e-01 -9.757787393731e-01  8.973273504649e-01 -4.035245869531e-01
  2.155653412798e-01 -9.757787393731e-01  8.973273504649e-01 -4.035245869531e-01   1.902432685253e-01 -9.589324622424e-01  8.831375265916e-01 -4.093376084016e-01
  1.902432685253e-01 -9.589324622424e-01  8.831375265916e-01 -4.093376084016e-01   1.890785425947e-01 -9.581468449557e-01  8.824491112069e-01 -4.095979128565e-01
  1.890785425947e-01 -9.581468449557e-01  8.824491112069e-01 -4.095979128565e-01   1.880610339121e-01 -9.574596724719e-01  8.818451865631e-01 -4.098247284739e-01
  1.880610339121e-01 -9.574596724719e-01  8.818451865631e-01 -4.098247284739e-01   1.624997377228e-01 -9.399112298045e-01  8.659162198412e-01 -4.153213437627e-01
  1.624997377228e-01 -9.399112298045e-01  8.659162198412e-01 -4.153213437627e-01   1.384354412257e-01 -9.228116839482e-01  8.496313559575e-01 -4.200792769538e-01
  1.384354412257e-01 -9.228116839482e-01  8.496313559575e-01 -4.200792769538e-01   1.338410387781e-01 -9.194742310699e-01  8.463847226195e-01 -4.209350187328e-01
  1.338410387781e-01 -9.194742310699e-01  8.463847226195e-01 -4.209350187328e-01   1.249144489057e-01 -9.129174243617e-01  8.399532936645e-01 -4.225455907914e-01
  1.249144489057e-01 -9.129174243617e-01  8.399532936645e-01 -4.225455907914e-01   9.912639248054e-02 -8.933941334252e-01  8.204749722087e-01 -4.267853530440e-01
  9.912639248054e-02 -8.933941334252e-01  8.204749722087e-01 -4.267853530440e-01   8.649902451296e-02 -8.834898081881e-01  8.104599196193e-01 -4.286212551198e-01
  8.649902451296e-02 -8.834898081881e-01  8.104599196193e-01 -4.286212551198e-01   6.384880268218e-02 -8.650910221686e-01  7.917247917254e-01 -4.314866025426e-01
  6.384880268218e-02 -8.650910221686e-01  7.917247917254e-01 -4.314866025426e-01   3.211869220496e-02 -8.377817989146e-01  7.638352403660e-01 -4.345050179609e-01
  3.211869220496e-02 -8.377817989146e-01  7.638352403660e-01 -4.345050179609e-01   2.958832969051e-02 -8.355191223548e-01  7.615288497184e-01 -4.346926942371e-01
  2.958832969051e-02 -8.355191223548e-01  7.615288497184e-01 -4.346926942371e-01   2.785559867192e-02 -8.339620142963e-01  7.599424647779e-01 -4.348165285164e-01
  2.785559867192e-02 -8.339620142963e-01  7.599424647779e-01 -4.348165285164e-01   7.723707656413e-03 -8.153930053411e-01  7.410906515630e-01 -4.359695502202e-01
  7.723707656413e-03 -8.153930053411e-01  7.410906515630e-01 -4.359695502202e-01  -9.059376664291e-03 -7.991930137754e-01  7.247772886215e-01 -4.365129648034e-01
 -9.059376664291e-03 -7.991930137754e-01  7.247772886215e-01 -4.365129648034e-01  -1.461996843168e-02 -7.936698702116e-01  7.192506549291e-01 -4.366056205620e-01
 -1.461996843168e-02 -7.936698702116e-01  7.192506549291e-01 -4.366056205620e-01  -2.299147758494e-02 -7.851999766492e-01  7.108143051024e-01 -4.366604703173e-01
 -2.299147758494e-02 -7.851999766492e-01  7.108143051024e-01 -4.366604703173e-01  -3.700663766015e-02 -7.705806587727e-01  6.963731654742e-01 -4.365177449906e-01
 -3.700663766015e-02 -7.705806587727e-01  6.963731654742e-01 -4.365177449906e-01  -4.720174753993e-02 -7.595771378804e-01  6.856123888340e-01 -4.362226645622e-01
 -4.720174753993e-02 -7.595771378804e-01  6.856123888340e-01 -4.362226645622e-01  -5.959586778356e-02 -7.457486147279e-01  6.722308825232e-01 -4.356375833307e-01
 -5.959586778356e-02 -7.457486147279e-01  6.722308825232e-01 -4.356375833307e-01  -7.667317440780e-02 -7.258082613236e-01  6.532306634067e-01 -4.344037578150e-01
 -7.667317440780e-02 -7.258082613236e-01  6.532306634067e-01 -4.344037578150e-01  -8.302875808876e-02 -7.181019056709e-01  6.459852946540e-01 -4.338117736697e-01
 -8.302875808876e-02 -7.181019056709e-01  6.459852946540e-01 -4.338117736697e-01  -8.854352258645e-02 -7.112804573860e-01  6.396186524151e-01 -4.332372482775e-01
 -8.854352258645e-02 -7.112804573860e-01  6.396186524151e-01 -4.332372482775e-01  -1.077504511887e-01 -6.864614769590e-01  6.168345778934e-01 -4.307723709765e-01
 -1.077504511887e-01 -6.864614769590e-01  6.168345778934e-01 -4.307723709765e-01  -1.278723182017e-01 -6.584445480180e-01  5.918529185609e-01 -4.273522647518e-01
 -1.278723182017e-01 -6.584445480180e-01  5.918529185609e-01 -4.273522647518e-01  -1.322423306775e-01 -6.520476104106e-01  5.862612729458e-01 -4.264859446900e-01
 -1.322423306775e-01 -6.520476104106e-01  5.862612729458e-01 -4.264859446900e-01  -1.362905046703e-01 -6.460122654495e-01  5.810244113286e-01 -4.256415146676e-01
 -1.362905046703e-01 -6.460122654495e-01  5.810244113286e-01 -4.256415146676e-01  -1.564500975418e-01 -6.142050143879e-01  5.540525379995e-01 -4.207900420497e-01
 -1.564500975418e-01 -6.142050143879e-01  5.540525379995e-01 -4.207900420497e-01  -1.749384549141e-01 -5.819482223162e-01  5.277892359610e-01 -4.152650542749e-01
 -1.749384549141e-01 -5.819482223162e-01  5.277892359610e-01 -4.152650542749e-01  -1.783737107962e-01 -5.755579942951e-01  5.227178101011e-01 -4.141076048814e-01
 -1.783737107962e-01 -5.755579942951e-01  5.227178101011e-01 -4.141076048814e-01  -1.802906479806e-01 -5.719307751601e-01  5.198586170251e-01 -4.134421346980e-01
 -1.802906479806e-01 -5.719307751601e-01  5.198586170251e-01 -4.134421346980e-01  -1.933297974619e-01 -5.459523262309e-01  4.997935105298e-01 -4.085096162324e-01
 -1.933297974619e-01 -5.459523262309e-01  4.997935105298e-01 -4.085096162324e-01  -2.036235730422e-01 -5.235304086754e-01  4.830604793548e-01 -4.040434268713e-01
 -2.036235730422e-01 -5.235304086754e-01  4.830604793548e-01 -4.040434268713e-01  -2.077870625501e-01 -5.138723228539e-01  4.760207446199e-01 -4.020678614135e-01
 -2.077870625501e-01 -5.138723228539e-01  4.760207446199e-01 -4.020678614135e-01  -2.143754086002e-01 -4.977557174221e-01  4.644994603139e-01 -3.987101119993e-01
 -2.143754086002e-01 -4.977557174221e-01  4.644994603139e-01 -3.987101119993e-01  -2.213965589903e-01 -4.792313108042e-01  4.516075467673e-01 -3.947677689562e-01
 -2.213965589903e-01 -4.792313108042e-01  4.516075467673e-01 -3.947677689562e-01  -2.261710614047e-01 -4.656512308728e-01  4.423959706490e-01 -3.918295212801e-01
 -2.261710614047e-01 -4.656512308728e-01  4.423959706490e-01 -3.918295212801e-01  -2.339326081876e-01 -4.413452580444e-01  4.264176186574e-01 -3.864885434581e-01
 -2.339326081876e-01 -4.413452580444e-01  4.264176186574e-01 -3.864885434581e-01  -2.428267132215e-01 -4.084915453842e-01  4.058671065769e-01 -3.791509134113e-01
 -2.428267132215e-01 -4.084915453842e-01  4.058671065769e-01 -3.791509134113e-01  -2.450830698072e-01 -3.988702832849e-01  4.000789505513e-01 -3.769861865984e-01
 -2.450830698072e-01 -3.988702832849e-01  4.000789505513e-01 -3.769861865984e-01  -2.470670125370e-01 -3.897910308683e-01  3.947132925214e-01 -3.749399414220e-01
 -2.470670125370e-01 -3.897910308683e-01  3.947132925214e-01 -3.749399414220e-01  -2.539170004497e-01 -3.511718962733e-01  3.729480389516e-01 -3.662362728691e-01
 -2.539170004497e-01 -3.511718962733e-01  3.729480389516e-01 -3.662362728691e-01  -2.579434392591e-01 -3.152150736159e-01  3.542527074221e-01 -3.582140528823e-01
 -2.579434392591e-01 -3.152150736159e-01  3.542527074221e-01 -3.582140528823e-01  -2.591723795642e-01 -2.953152335229e-01  3.445731041953e-01 -3.538470459704e-01
 -2.591723795642e-01 -2.953152335229e-01  3.445731041953e-01 -3.538470459704e-01  -2.590971057157e-01 -2.474136567086e-01  3.232894416421e-01 -3.436808800535e-01
 -2.590971057157e-01 -2.474136567086e-01  3.232894416421e-01 -3.436808800535e-01  -2.573741911344e-01 -2.233780564860e-01  3.137225762048e-01 -3.388318392069e-01
 -2.573741911344e-01 -2.233780564860e-01  3.137225762048e-01 -3.388318392069e-01  -2.570001563789e-01 -2.196331579029e-01  3.123012094850e-01 -3.380951202313e-01
 -2.570001563789e-01 -2.196331579029e-01  3.123012094850e-01 -3.380951202313e-01  -2.497371206657e-01 -1.725013534359e-01  2.960713132802e-01 -3.293494063320e-01
 -2.497371206657e-01 -1.725013534359e-01  2.960713132802e-01 -3.293494063320e-01  -2.378304175534e-01 -1.268296967362e-01  2.834551685167e-01 -3.220500421120e-01
 -2.378304175534e-01 -1.268296967362e-01  2.834551685167e-01 -3.220500421120e-01  -2.325077784582e-01 -1.111002852743e-01  2.798751455257e-01 -3.198772260031e-01
 -2.325077784582e-01 -1.111002852743e-01  2.798751455257e-01 -3.198772260031e-01  -2.005141482624e-01 -4.200411730769e-02  2.693716221252e-01 -3.131211613426e-01
 -2.005141482624e-01 -4.200411730769e-02  2.693716221252e-01 -3.131211613426e-01  -1.808398257545e-01 -1.108817134696e-02  2.678135374134e-01 -3.120356517341e-01
 -1.808398257545e-01 -1.108817134696e-02  2.678135374134e-01 -3.120356517341e-01  -1.458496962338e-01  3.248333460775e-02  2.696712495192e-01 -3.134443041587e-01
 -1.458496962338e-01  3.248333460775e-02  2.696712495192e-01 -3.134443041587e-01  -1.371734909788e-01  4.166114055509e-02  2.707678614508e-01 -3.143001903701e-01
 -1.371734909788e-01  4.166114055509e-02  2.707678614508e-01 -3.143001903701e-01  -1.040967806488e-01  7.227699851379e-02  2.765767666884e-01 -3.190182520383e-01
 -1.040967806488e-01  7.227699851379e-02  2.765767666884e-01 -3.190182520383e-01  -8.543610960906e-02  8.702217223396e-02  2.807560442241e-01 -3.225598575423e-01
 -8.543610960906e-02  8.702217223396e-02  2.807560442241e-01 -3.225598575423e-01  -7.512875263527e-02  9.451025876118e-02  2.832874992460e-01 -3.247551404389e-01
 -7.512875263527e-02  9.451025876118e-02  2.832874992460e-01 -3.247551404389e-01  -1.207984326158e-02  1.319995139925e-01  3.013854232537e-01 -3.413804962996e-01
 -1.207984326158e-02  1.319995139925e-01  3.013854232537e-01 -3.413804962996e-01   7.450654699702e-03  1.411786684901e-01  3.076882781389e-01 -3.475150457840e-01
  7.450654699702e-03  1.411786684901e-01  3.076882781389e-01 -3.475150457840e-01   4.824893492262e-02  1.572995124745e-01  3.216049442019e-01 -3.616418911404e-01
  4.824893492262e-02  1.572995124745e-01  3.216049442019e-01 -3.616418911404e-01   9.651142690715e-02  1.717088431325e-01  3.390418969976e-01 -3.804427162035e-01
  9.651142690715e-02  1.717088431325e-01  3.390418969976e-01 -3.804427162035e-01   9.923746083853e-02  1.723864856788e-01  3.400507211291e-01 -3.815677550608e-01
  9.923746083853e-02  1.723864856788e-01  3.400507211291e-01 -3.815677550608e-01   1.022900163150e-01  1.731288945122e-01  3.411829282138e-01 -3.828352764361e-01
  1.022900163150e-01  1.731288945122e-01  3.411829282138e-01 -3.828352764361e-01   1.455070630943e-01  1.818562201752e-01  3.574568852860e-01 -4.016316978300e-01
  1.455070630943e-01  1.818562201752e-01  3.574568852860e-01 -4.016316978300e-01   1.854524222024e-01  1.871495840281e-01  3.727876970597e-01 -4.203560517300e-01
  1.854524222024e-01  1.871495840281e-01  3.727876970597e-01 -4.203560517300e-01   1.870789096229e-01  1.873119137177e-01  3.734156570014e-01 -4.211448429868e-01
  1.870789096229e-01  1.873119137177e-01  3.734156570014e-01 -4.211448429868e-01   1.892025021166e-01  1.875177570660e-01  3.742358588641e-01 -4.221777604296e-01
  1.892025021166e-01  1.875177570660e-01  3.742358588641e-01 -4.221777604296e-01   2.260217136606e-01  1.900131786157e-01  3.884946051680e-01 -4.406259815388e-01
  2.260217136606e-01  1.900131786157e-01  3.884946051680e-01 -4.406259815388e-01   2.490347166063e-01  1.905740471037e-01  3.974160819391e-01 -4.526620587820e-01
  2.490347166063e-01  1.905740471037e-01  3.974160819391e-01 -4.526620587820e-01   2.622097130042e-01  1.905607577193e-01  4.025162440725e-01 -4.597230406145e-01
  2.622097130042e-01  1.905607577193e-01  4.025162440725e-01 -4.597230406145e-01   2.833502955062e-01  1.900421598737e-01  4.106764315005e-01 -4.713070605713e-01
  2.833502955062e-01  1.900421598737e-01  4.106764315005e-01 -4.713070605713e-01   3.033744111044e-01  1.889966652421e-01  4.183659878327e-01 -4.825626600288e-01
  3.033744111044e-01  1.889966652421e-01  4.183659878327e-01 -4.825626600288e-01   3.274073985363e-01  1.870440421452e-01  4.275243333801e-01 -4.964279481898e-01
  3.274073985363e-01  1.870440421452e-01  4.275243333801e-01 -4.964279481898e-01   3.519175549384e-01  1.842823470324e-01  4.367619388184e-01 -5.109601844012e-01
  3.519175549384e-01  1.842823470324e-01  4.367619388184e-01 -5.109601844012e-01   3.748285491969e-01  1.810080531566e-01  4.452810457648e-01 -5.248937836458e-01
  3.748285491969e-01  1.810080531566e-01  4.452810457648e-01 -5.248937836458e-01   3.963309356427e-01  1.773331127804e-01  4.531556025141e-01 -5.382710442180e-01
  3.963309356427e-01  1.773331127804e-01  4.531556025141e-01 -5.382710442180e-01   4.167880076764e-01  1.733001950306e-01  4.605223839831e-01 -5.512619410381e-01
  4.167880076764e-01  1.733001950306e-01  4.605223839831e-01 -5.512619410381e-01   4.375756493729e-01  1.686690817154e-01  4.678671197229e-01 -5.647203686184e-01
  4.375756493729e-01  1.686690817154e-01  4.678671197229e-01 -5.647203686184e-01   4.604431765205e-01  1.629561159151e-01  4.757624619423e-01 -5.798176230273e-01
  4.604431765205e-01  1.629561159151e-01  4.757624619423e-01 -5.798176230273e-01   4.753757621720e-01  1.588763020617e-01  4.808032680663e-01 -5.898371309513e-01
  4.753757621720e-01  1.588763020617e-01  4.808032680663e-01 -5.898371309513e-01   4.861806026731e-01  1.557521457808e-01  4.843895635247e-01 -5.971644077340e-01
  4.861806026731e-01  1.557521457808e-01  4.843895635247e-01 -5.971644077340e-01   5.094087383214e-01  1.485460848394e-01  4.919121538904e-01 -6.131304697619e-01
  5.094087383214e-01  1.485460848394e-01  4.919121538904e-01 -6.131304697619e-01   5.402296677223e-01  1.379488290086e-01  5.014600369006e-01 -6.347474991927e-01
  5.402296677223e-01  1.379488290086e-01  5.014600369006e-01 -6.347474991927e-01   5.411473312586e-01  1.376151314605e-01  5.017361269196e-01 -6.353983623968e-01
  5.411473312586e-01  1.376151314605e-01  5.017361269196e-01 -6.353983623968e-01   5.417448564940e-01  1.373972830916e-01  5.019156330696e-01 -6.358223815363e-01
  5.417448564940e-01  1.373972830916e-01  5.019156330696e-01 -6.358223815363e-01   5.716342849109e-01  1.259277633160e-01  5.106156573593e-01 -6.572462178231e-01
  5.716342849109e-01  1.259277633160e-01  5.106156573593e-01 -6.572462178231e-01   5.908396826275e-01  1.179628638586e-01  5.158971450257e-01 -6.712204495086e-01
  5.908396826275e-01  1.179628638586e-01  5.158971450257e-01 -6.712204495086e-01   6.002617934310e-01  1.138838644682e-01  5.183930330041e-01 -6.781311043941e-01
  6.002617934310e-01  1.138838644682e-01  5.183930330041e-01 -6.781311043941e-01   6.145311012444e-01  1.074903932208e-01  5.220469947014e-01 -6.886608390780e-01
  6.145311012444e-01  1.074903932208e-01  5.220469947014e-01 -6.886608390780e-01   6.352415616310e-01  9.774533025636e-02  5.270651961153e-01 -7.040680955508e-01
  6.352415616310e-01  9.774533025636e-02  5.270651961153e-01 -7.040680955508e-01   6.672067127211e-01  8.161339740228e-02  5.340916747238e-01 -7.280856709255e-01
  6.672067127211e-01  8.161339740228e-02  5.340916747238e-01 -7.280856709255e-01   6.760312672492e-01  7.692503152500e-02  5.358663612360e-01 -7.347550360433e-01
  6.760312672492e-01  7.692503152500e-02  5.358663612360e-01 -7.347550360433e-01   6.820561716117e-01  7.366546433675e-02  5.370347449103e-01 -7.393155554722e-01
  6.820561716117e-01  7.366546433675e-02  5.370347449103e-01 -7.393155554722e-01   7.139368154246e-01  5.562345203882e-02  5.426018885173e-01 -7.635013896614e-01
  7.139368154246e-01  5.562345203882e-02  5.426018885173e-01 -7.635013896614e-01   7.422604264683e-01  3.847361294340e-02  5.466172551794e-01 -7.849667304774e-01
  7.422604264683e-01  3.847361294340e-02  5.466172551794e-01 -7.849667304774e-01   7.484108753584e-01  3.461075148771e-02  5.473657658717e-01 -7.896108867621e-01
  7.484108753584e-01  3.461075148771e-02  5.473657658717e-01 -7.896108867621e-01   7.546213389950e-01  3.066025856126e-02  5.480752349512e-01 -7.942904990731e-01
  7.546213389950e-01  3.066025856126e-02  5.480752349512e-01 -7.942904990731e-01   7.765929781180e-01  1.628476707402e-02  5.502007597365e-01 -8.107379607000e-01
  7.765929781180e-01  1.628476707402e-02  5.502007597365e-01 -8.107379607000e-01   7.966207235336e-01  2.648442137795e-03  5.515974653527e-01 -8.255217547247e-01
  7.966207235336e-01  2.648442137795e-03  5.515974653527e-01 -8.255217547247e-01   8.029635292297e-01 -1.773480910500e-03  5.519290753972e-01 -8.301486459767e-01
  8.029635292297e-01 -1.773480910500e-03  5.519290753972e-01 -8.301486459767e-01   8.090256353393e-01 -6.045109562165e-03  5.521954588460e-01 -8.345413893162e-01
  8.090256353393e-01 -6.045109562165e-03  5.521954588460e-01 -8.345413893162e-01   8.282950610992e-01 -1.990953449258e-02  5.527107865548e-01 -8.482816346350e-01
  8.282950610992e-01 -1.990953449258e-02  5.527107865548e-01 -8.482816346350e-01   8.464833140617e-01 -3.337596465918e-02  5.527321415738e-01 -8.608726533515e-01
  8.464833140617e-01 -3.337596465918e-02  5.527321415738e-01 -8.608726533515e-01   8.576038692675e-01 -4.177827981752e-02  5.525241356901e-01 -8.683506683318e-01
  8.576038692675e-01 -4.177827981752e-02  5.525241356901e-01 -8.683506683318e-01   8.919118828385e-01 -6.839895134961e-02  5.508686082151e-01 -8.900902313720e-01
  8.919118828385e-01 -6.839895134961e-02  5.508686082151e-01 -8.900902313720e-01   9.026677627319e-01 -7.692501037096e-02  5.500570003135e-01 -8.964091802352e-01
  9.026677627319e-01 -7.692501037096e-02  5.500570003135e-01 -8.964091802352e-01   9.332875702341e-01 -1.015064285204e-01  5.471168696303e-01 -9.127926068634e-01
  9.332875702341e-01 -1.015064285204e-01  5.471168696303e-01 -9.127926068634e-01   9.422002618343e-01 -1.087124507157e-01  5.461223288707e-01 -9.170581225882e-01
  9.422002618343e-01 -1.087124507157e-01  5.461223288707e-01 -9.170581225882e-01   9.674877382834e-01 -1.291607816991e-01  5.431096109663e-01 -9.277579468760e-01
  9.674877382834e-01 -1.291607816991e-01  5.431096109663e-01 -9.277579468760e-01   9.710694040622e-01 -1.320485198966e-01  5.426726001691e-01 -9.290956406642e-01
  9.710694040622e-01 -1.320485198966e-01  5.426726001691e-01 -9.290956406642e-01   9.721899540636e-01 -1.329511876912e-01  5.425359014007e-01 -9.295047377234e-01
  9.721899540636e-01 -1.329511876912e-01  5.425359014007e-01 -9.295047377234e-01   1.000162205135e+00 -1.553030845388e-01  5.392293207477e-01 -9.382177986570e-01
  1.000162205135e+00 -1.553030845388e-01  5.392293207477e-01 -9.382177986570e-01   1.010060259093e+00 -1.630987406375e-01  5.381663168242e-01 -9.405940057228e-01
  1.010060259093e+00 -1.630987406375e-01  5.381663168242e-01 -9.405940057228e-01   1.027759073835e+00 -1.768410424792e-01  5.365161784426e-01 -9.439124013515e-01
  1.027759073835e+00 -1.768410424792e-01  5.365161784426e-01 -9.439124013515e-01   1.047281461722e+00 -1.916596422298e-01  5.352065328983e-01 -9.462137782249e-01
  1.047281461722e+00 -1.916596422298e-01  5.352065328983e-01 -9.462137782249e-01   1.076801029935e+00 -2.133154476965e-01  5.345964638663e-01 -9.471593956286e-01
  1.076801029935e+00 -2.133154476965e-01  5.345964638663e-01 -9.471593956286e-01   1.084213395322e+00 -2.186083050997e-01  5.347505949550e-01 -9.469587190830e-01
  1.084213395322e+00 -2.186083050997e-01  5.347505949550e-01 -9.469587190830e-01   1.093421696400e+00 -2.251047599322e-01  5.351318014649e-01 -9.464873996805e-01
  1.093421696400e+00 -2.251047599322e-01  5.351318014649e-01 -9.464873996805e-01   1.122125542393e+00 -2.448345277729e-01  5.377589704560e-01 -9.436193849353e-01
  1.122125542393e+00 -2.448345277729e-01  5.377589704560e-01 -9.436193849353e-01   1.158642390710e+00 -2.690056077727e-01  5.444428158294e-01 -9.375760265747e-01
  1.158642390710e+00 -2.690056077727e-01  5.444428158294e-01 -9.375760265747e-01   1.162231119889e+00 -2.713392299823e-01  5.453062709676e-01 -9.368738634637e-01
  1.162231119889e+00 -2.713392299823e-01  5.453062709676e-01 -9.368738634637e-01   1.163673874610e+00 -2.722757843409e-01  5.456638169404e-01 -9.365871739369e-01
  1.163673874610e+00 -2.722757843409e-01  5.456638169404e-01 -9.365871739369e-01   1.167038536911e+00 -2.744565104591e-01  5.465208482923e-01 -9.359092079002e-01
  1.167038536911e+00 -2.744565104591e-01  5.465208482923e-01 -9.359092079002e-01   1.192213107279e+00 -2.906572732825e-01  5.539549695402e-01 -9.304886934812e-01
  1.192213107279e+00 -2.906572732825e-01  5.539549695402e-01 -9.304886934812e-01   1.204552700863e+00 -2.985551386700e-01  5.582472463474e-01 -9.276637630781e-01
  1.204552700863e+00 -2.985551386700e-01  5.582472463474e-01 -9.276637630781e-01   1.221486656332e+00 -3.093915214774e-01  5.648135726505e-01 -9.236798408903e-01
  1.221486656332e+00 -3.093915214774e-01  5.648135726505e-01 -9.236798408903e-01   1.248829279499e+00 -3.269915388553e-01  5.770106801118e-01 -9.171441001085e-01
  1.248829279499e+00 -3.269915388553e-01  5.770106801118e-01 -9.171441001085e-01   1.252882489289e+00 -3.296206898647e-01  5.789810418006e-01 -9.161770517078e-01
  1.252882489289e+00 -3.296206898647e-01  5.789810418006e-01 -9.161770517078e-01   1.285476827491e+00 -3.510628099459e-01  5.962820120969e-01 -9.085502542133e-01
  1.285476827491e+00 -3.510628099459e-01  5.962820120969e-01 -9.085502542133e-01   1.294783481221e+00 -3.573076093854e-01  6.016819621699e-01 -9.064482171738e-01
  1.294783481221e+00 -3.573076093854e-01  6.016819621699e-01 -9.064482171738e-01   1.295790100867e+00 -3.579869215502e-01  6.022779024281e-01 -9.062234751168e-01
  1.295790100867e+00 -3.579869215502e-01  6.022779024281e-01 -9.062234751168e-01   1.337539400632e+00 -3.869435672410e-01  6.289666881366e-01 -8.974578810401e-01
  1.337539400632e+00 -3.869435672410e-01  6.289666881366e-01 -8.974578810401e-01   1.346085411703e+00 -3.930872929847e-01  6.348894969714e-01 -8.958196999777e-01
  1.346085411703e+00 -3.930872929847e-01  6.348894969714e-01 -8.958196999777e-01   1.365002156743e+00 -4.069930496438e-01  6.485333858872e-01 -8.924143484353e-01
  1.365002156743e+00 -4.069930496438e-01  6.485333858872e-01 -8.924143484353e-01   1.381613771660e+00 -4.195852920260e-01  6.611078583512e-01 -8.896949455627e-01
  1.381613771660e+00 -4.195852920260e-01  6.611078583512e-01 -8.896949455627e-01   1.389329095324e+00 -4.255653613447e-01  6.671332443169e-01 -8.885239419443e-01
  1.389329095324e+00 -4.255653613447e-01  6.671332443169e-01 -8.885239419443e-01   1.398755322848e+00 -4.329919554338e-01  6.746521931198e-01 -8.871761882563e-01
  1.398755322848e+00 -4.329919554338e-01  6.746521931198e-01 -8.871761882563e-01   1.413948345616e+00 -4.452571804548e-01  6.871319867229e-01 -8.852036905992e-01
  1.413948345616e+00 -4.452571804548e-01  6.871319867229e-01 -8.852036905992e-01   1.427617041457e+00 -4.566244630687e-01  6.987369896053e-01 -8.836492811340e-01
  1.427617041457e+00 -4.566244630687e-01  6.987369896053e-01 -8.836492811340e-01   1.439091696999e+00 -4.664276473649e-01  7.087535191733e-01 -8.825125461270e-01
  1.439091696999e+00 -4.664276473649e-01  7.087535191733e-01 -8.825125461270e-01   1.452402160707e+00 -4.781171780210e-01  7.206856125461e-01 -8.813939589706e-01
  1.452402160707e+00 -4.781171780210e-01  7.206856125461e-01 -8.813939589706e-01   1.466708227920e+00 -4.910880813826e-01  7.338858238280e-01 -8.804407163332e-01
  1.466708227920e+00 -4.910880813826e-01  7.338858238280e-01 -8.804407163332e-01   1.483474480175e+00 -5.068691313264e-01  7.498550154885e-01 -8.796665046233e-01
  1.483474480175e+00 -5.068691313264e-01  7.498550154885e-01 -8.796665046233e-01   1.496406242152e+00 -5.195029176344e-01  7.625446814020e-01 -8.793333783461e-01
  1.496406242152e+00 -5.195029176344e-01  7.625446814020e-01 -8.793333783461e-01   1.506759940478e+00 -5.299299687896e-01  7.729425869976e-01 -8.792392183982e-01
  1.506759940478e+00 -5.299299687896e-01  7.729425869976e-01 -8.792392183982e-01   1.526313562371e+00 -5.504437014961e-01  7.931720641124e-01 -8.794992671790e-01
  1.526313562371e+00 -5.504437014961e-01  7.931720641124e-01 -8.794992671790e-01   1.550035565225e+00 -5.769402512392e-01  8.187998554879e-01 -8.806315562700e-01
  1.550035565225e+00 -5.769402512392e-01  8.187998554879e-01 -8.806315562700e-01   1.556476891297e+00 -5.844740509850e-01  8.259747601519e-01 -8.811032270964e-01
  1.556476891297e+00 -5.844740509850e-01  8.259747601519e-01 -8.811032270964e-01   1.561194027336e+00 -5.900907156065e-01  8.312901895211e-01 -8.814952191138e-01
  1.561194027336e+00 -5.900907156065e-01  8.312901895211e-01 -8.814952191138e-01   1.577415283759e+00 -6.100924023228e-01  8.499789157148e-01 -8.831559190449e-01
  1.577415283759e+00 -6.100924023228e-01  8.499789157148e-01 -8.831559190449e-01   1.586963420094e+00 -6.224048428676e-01  8.612916274819e-01 -8.843709801696e-01
  1.586963420094e+00 -6.224048428676e-01  8.612916274819e-01 -8.843709801696e-01   1.596716819293e+00 -6.354369375653e-01  8.731024812756e-01 -8.858051007760e-01
  1.596716819293e+00 -6.354369375653e-01  8.731024812756e-01 -8.858051007760e-01   1.613075199720e+00 -6.584449360562e-01  8.935365051663e-01 -8.886788815055e-01
  1.613075199720e+00 -6.584449360562e-01  8.935365051663e-01 -8.886788815055e-01   1.615987743706e+00 -6.627074527531e-01  8.972627658455e-01 -8.892559186290e-01
  1.615987743706e+00 -6.627074527531e-01  8.972627658455e-01 -8.892559186290e-01   1.617878119455e+00 -6.655028850077e-01  8.996963424982e-01 -8.896415276135e-01
  1.617878119455e+00 -6.655028850077e-01  8.996963424982e-01 -8.896415276135e-01   1.634852707993e+00 -6.917095270081e-01  9.221158799652e-01 -8.935170677275e-01
  1.634852707993e+00 -6.917095270081e-01  9.221158799652e-01 -8.935170677275e-01   1.649405379121e+00 -7.159934306661e-01  9.422471678764e-01 -8.974895158219e-01
  1.649405379121e+00 -7.159934306661e-01  9.422471678764e-01 -8.974895158219e-01   1.653619237759e+00 -7.233912413091e-01  9.482558530172e-01 -8.987649096015e-01
  1.653619237759e+00 -7.233912413091e-01  9.482558530172e-01 -8.987649096015e-01   1.659459307844e+00 -7.339507546127e-01  9.567316169690e-01 -9.006339226530e-01
  1.659459307844e+00 -7.339507546127e-01  9.567316169690e-01 -9.006339226530e-01   1.672448079996e+00 -7.588894887520e-01  9.762757584311e-01 -9.052556882742e-01
  1.672448079996e+00 -7.588894887520e-01  9.762757584311e-01 -9.052556882742e-01   1.682921709507e+00 -7.807526987212e-01  9.928595693816e-01 -9.095196806478e-01
  1.682921709507e+00 -7.807526987212e-01  9.928595693816e-01 -9.095196806478e-01   1.690631054654e+00 -7.980914860695e-01  1.005644011209e+00 -9.130226771382e-01
  1.690631054654e+00 -7.980914860695e-01  1.005644011209e+00 -9.130226771382e-01   1.698422040308e+00 -8.169455412676e-01  1.019174924651e+00 -9.169368816254e-01
  1.698422040308e+00 -8.169455412676e-01  1.019174924651e+00 -9.169368816254e-01   1.707708658886e+00 -8.416584924860e-01  1.036322257667e+00 -9.222066990344e-01
  1.707708658886e+00 -8.416584924860e-01  1.036322257667e+00 -9.222066990344e-01   1.717049305910e+00 -8.699135057957e-01  1.055103451038e+00 -9.283837955088e-01
  1.717049305910e+00 -8.699135057957e-01  1.055103451038e+00 -9.283837955088e-01   1.723232768969e+00 -8.913601085676e-01  1.068767125314e+00 -9.331510389597e-01
  1.723232768969e+00 -8.913601085676e-01  1.068767125314e+00 -9.331510389597e-01   1.727347566155e+00 -9.074074315444e-01  1.078653746356e+00 -9.367480635168e-01
  1.727347566155e+00 -9.074074315444e-01  1.078653746356e+00 -9.367480635168e-01   1.732992182049e+00 -9.329637452542e-01  1.093796866351e+00 -9.425054020363e-01
  1.732992182049e+00 -9.329637452542e-01  1.093796866351e+00 -9.425054020363e-01   1.736275792729e+00 -9.508593129640e-01  1.103955635544e+00 -9.465414950897e-01
  1.736275792729e+00 -9.508593129640e-01  1.103955635544e+00 -9.465414950897e-01   1.739472878268e+00 -9.722732085394e-01  1.115623240366e+00 -9.513564292221e-01
  1.739472878268e+00 -9.722732085394e-01  1.115623240366e+00 -9.513564292221e-01   1.742567166656e+00 -1.001991546034e+00  1.130918956050e+00 -9.579738231246e-01
  1.742567166656e+00 -1.001991546034e+00  1.130918956050e+00 -9.579738231246e-01   1.743490259567e+00 -1.016307832688e+00  1.137908600211e+00 -9.611192839297e-01
  1.743490259567e+00 -1.016307832688e+00  1.137908600211e+00 -9.611192839297e-01   1.744050087699e+00 -1.031164256838e+00  1.144896724882e+00 -9.643444090059e-01
  1.744050087699e+00 -1.031164256838e+00  1.144896724882e+00 -9.643444090059e-01   1.743690190277e+00 -1.066919608927e+00  1.160581909260e+00 -9.718955463040e-01
  1.743690190277e+00 -1.066919608927e+00  1.160581909260e+00 -9.718955463040e-01   1.741521009320e+00 -1.096265819028e+00  1.172219643456e+00 -9.778038567005e-01
  1.741521009320e+00 -1.096265819028e+00  1.172219643456e+00 -9.778038567005e-01   1.737160242699e+00 -1.128025666465e+00  1.183500691225e+00 -9.838139165103e-01
  1.737160242699e+00 -1.128025666465e+00  1.183500691225e+00 -9.838139165103e-01   1.722740395707e+00 -1.187837719932e+00  1.200768248389e+00 -9.936706911479e-01
  1.722740395707e+00 -1.187837719932e+00  1.200768248389e+00 -9.936706911479e-01   1.713691752140e+00 -1.213768958170e+00  1.206501496824e+00 -9.971696124788e-01
  1.713691752140e+00 -1.213768958170e+00  1.206501496824e+00 -9.971696124788e-01   1.685034999750e+00 -1.273894858675e+00  1.215149229150e+00 -1.002777814451e+00
  1.685034999750e+00 -1.273894858675e+00  1.215149229150e+00 -1.002777814451e+00   1.645695984155e+00 -1.330734393563e+00  1.216232301287e+00 -1.003509968378e+00
  1.645695984155e+00 -1.330734393563e+00  1.216232301287e+00 -1.003509968378e+00   1.629500682628e+00 -1.349327254069e+00  1.214749123433e+00 -1.002376855303e+00
  1.629500682628e+00 -1.349327254069e+00  1.214749123433e+00 -1.002376855303e+00   1.615995455222e+00 -1.363304272651e+00  1.212925080581e+00 -1.000943933638e+00
  1.615995455222e+00 -1.363304272651e+00  1.212925080581e+00 -1.000943933638e+00   1.559649603868e+00 -1.410409234122e+00  1.201233351664e+00 -9.911438347191e-01
  1.559649603868e+00 -1.410409234122e+00  1.201233351664e+00 -9.911438347191e-01   1.545972241435e+00 -1.419694842346e+00  1.197661062341e+00 -9.879872190478e-01
  1.545972241435e+00 -1.419694842346e+00  1.197661062341e+00 -9.879872190478e-01   1.512743382149e+00 -1.439513280310e+00  1.188129174018e+00 -9.792574561444e-01
  1.512743382149e+00 -1.439513280310e+00  1.188129174018e+00 -9.792574561444e-01   1.491808805878e+00 -1.450245348554e+00  1.181613952037e+00 -9.730530737379e-01
  1.491808805878e+00 -1.450245348554e+00  1.181613952037e+00 -9.730530737379e-01   1.478260837268e+00 -1.456546750508e+00  1.177224249766e+00 -9.687700239903e-01
  1.478260837268e+00 -1.456546750508e+00  1.177224249766e+00 -9.687700239903e-01   1.445568921289e+00 -1.469864084663e+00  1.166164598742e+00 -9.576252062703e-01
  1.445568921289e+00 -1.469864084663e+00  1.166164598742e+00 -9.576252062703e-01   1.416966656020e+00 -1.479527929810e+00  1.156046785904e+00 -9.469959793156e-01
  1.416966656020e+00 -1.479527929810e+00  1.156046785904e+00 -9.469959793156e-01   1.404207044901e+00 -1.483290488080e+00  1.151425648451e+00 -9.420048957100e-01
  1.404207044901e+00 -1.483290488080e+00  1.151425648451e+00 -9.420048957100e-01   1.388009426032e+00 -1.487607820066e+00  1.145478955943e+00 -9.354562607298e-01
  1.388009426032e+00 -1.487607820066e+00  1.145478955943e+00 -9.354562607298e-01   1.352150024689e+00 -1.495445370279e+00  1.132053246890e+00 -9.201457292820e-01
  1.352150024689e+00 -1.495445370279e+00  1.132053246890e+00 -9.201457292820e-01   1.302172341906e+00 -1.502727488512e+00  1.112930905043e+00 -8.970425828552e-01
  1.302172341906e+00 -1.502727488512e+00  1.112930905043e+00 -8.970425828552e-01   1.297860102366e+00 -1.503169544252e+00  1.111266660799e+00 -8.949571203911e-01
  1.297860102366e+00 -1.503169544252e+00  1.111266660799e+00 -8.949571203911e-01   1.294025240265e+00 -1.503538703703e+00  1.109785383203e+00 -8.930905596222e-01
  1.294025240265e+00 -1.503538703703e+00  1.109785383203e+00 -8.930905596222e-01   1.249576480686e+00 -1.506218826787e+00  1.092566263836e+00 -8.706516851989e-01
  1.249576480686e+00 -1.506218826787e+00  1.092566263836e+00 -8.706516851989e-01   1.208901749983e+00 -1.506201157166e+00  1.076824470227e+00 -8.488642038586e-01
  1.208901749983e+00 -1.506201157166e+00  1.076824470227e+00 -8.488642038586e-01   1.205372909872e+00 -1.506092478264e+00  1.075463582863e+00 -8.469192681375e-01
  1.205372909872e+00 -1.506092478264e+00  1.075463582863e+00 -8.469192681375e-01   1.201170554968e+00 -1.505941132253e+00  1.073844418146e+00 -8.445919116140e-01
  1.201170554968e+00 -1.505941132253e+00  1.073844418146e+00 -8.445919116140e-01   1.165020394321e+00 -1.503668635951e+00  1.059999828951e+00 -8.240751680740e-01
  1.165020394321e+00 -1.503668635951e+00  1.059999828951e+00 -8.240751680740e-01   1.139760312490e+00 -1.501067404577e+00  1.050444149326e+00 -8.092225842900e-01
  1.139760312490e+00 -1.501067404577e+00  1.050444149326e+00 -8.092225842900e-01   1.127857280062e+00 -1.499557725951e+00  1.045984267909e+00 -8.020799151100e-01
  1.127857280062e+00 -1.499557725951e+00  1.045984267909e+00 -8.020799151100e-01   1.110914744654e+00 -1.497098500730e+00  1.039691175654e+00 -7.917570369110e-01
  1.110914744654e+00 -1.497098500730e+00  1.039691175654e+00 -7.917570369110e-01   1.092866733117e+00 -1.494080735950e+00  1.033067121172e+00 -7.805619375034e-01
  1.092866733117e+00 -1.494080735950e+00  1.033067121172e+00 -7.805619375034e-01   1.082034590625e+00 -1.492073499355e+00  1.029135115293e+00 -7.737459034047e-01
  1.082034590625e+00 -1.492073499355e+00  1.029135115293e+00 -7.737459034047e-01   1.059737236612e+00 -1.487481357610e+00  1.021155716250e+00 -7.594908758995e-01
  1.059737236612e+00 -1.487481357610e+00  1.021155716250e+00 -7.594908758995e-01   1.031216731146e+00 -1.480708121981e+00  1.011201214548e+00 -7.408269465076e-01
  1.031216731146e+00 -1.480708121981e+00  1.011201214548e+00 -7.408269465076e-01   1.028577522556e+00 -1.480030413203e+00  1.010295727456e+00 -7.390759457708e-01
  1.028577522556e+00 -1.480030413203e+00  1.010295727456e+00 -7.390759457708e-01   1.024077676504e+00 -1.478855093101e+00  1.008758391127e+00 -7.360813541612e-01
  1.024077676504e+00 -1.478855093101e+00  1.008758391127e+00 -7.360813541612e-01   9.852574869617e-01 -1.467674779869e+00  9.958617961826e-01 -7.097774274861e-01
  9.852574869617e-01 -1.467674779869e+00  9.958617961826e-01 -7.097774274861e-01   9.432299433218e-01 -1.453461798848e+00  9.827415721143e-01 -6.803987398837e-01
  9.432299433218e-01 -1.453461798848e+00  9.827415721143e-01 -6.803987398837e-01   9.429896165154e-01 -1.453374187553e+00  9.826693682067e-01 -6.802281997233e-01
  9.429896165154e-01 -1.453374187553e+00  9.826693682067e-01 -6.802281997233e-01   9.427017410397e-01 -1.453269152988e+00  9.825829257261e-01 -6.800238867234e-01
  9.427017410397e-01 -1.453269152988e+00  9.825829257261e-01 -6.800238867234e-01   9.036682241433e-01 -1.438062068036e+00  9.713384570815e-01 -6.519646293224e-01
  9.036682241433e-01 -1.438062068036e+00  9.713384570815e-01 -6.519646293224e-01   8.699897516956e-01 -1.423389370170e+00  9.624738582419e-01 -6.272381378714e-01
  8.699897516956e-01 -1.423389370170e+00  9.624738582419e-01 -6.272381378714e-01   8.670909214934e-01 -1.422058615702e+00  9.617507120911e-01 -6.250900964139e-01
  8.670909214934e-01 -1.422058615702e+00  9.617507120911e-01 -6.250900964139e-01   8.646988065494e-01 -1.420952341043e+00  9.611589632475e-01 -6.233153646937e-01
  8.646988065494e-01 -1.420952341043e+00  9.611589632475e-01 -6.233153646937e-01   8.359823087521e-01 -1.407095185450e+00  9.544224873181e-01 -6.018707104507e-01
  8.359823087521e-01 -1.407095185450e+00  9.544224873181e-01 -6.018707104507e-01   8.101280845604e-01 -1.393702239166e+00  9.489783627910e-01 -5.823832727284e-01
  8.101280845604e-01 -1.393702239166e+00  9.489783627910e-01 -5.823832727284e-01   8.070714400964e-01 -1.392061060268e+00  9.483762825224e-01 -5.800709595410e-01
  8.070714400964e-01 -1.392061060268e+00  9.483762825224e-01 -5.800709595410e-01   8.033427826658e-01 -1.390042473673e+00  9.476541747280e-01 -5.772484105037e-01
  8.033427826658e-01 -1.390042473673e+00  9.476541747280e-01 -5.772484105037e-01   7.793387243328e-01 -1.376610080908e+00  9.433414003414e-01 -5.590435360023e-01
  7.793387243328e-01 -1.376610080908e+00  9.433414003414e-01 -5.590435360023e-01   7.620268968326e-01 -1.366452137288e+00  9.406097559672e-01 -5.459037302239e-01
  7.620268968326e-01 -1.366452137288e+00  9.406097559672e-01 -5.459037302239e-01   7.532792962405e-01 -1.361169539977e+00  9.393564872415e-01 -5.392713842067e-01
  7.532792962405e-01 -1.361169539977e+00  9.393564872415e-01 -5.392713842067e-01   7.422604264683e-01 -1.354372589914e+00  9.379035977637e-01 -5.309322464909e-01
  7.422604264683e-01 -1.354372589914e+00  9.379035977637e-01 -5.309322464909e-01   7.185365189421e-01 -1.339202035410e+00  9.352704957395e-01 -5.130783235691e-01
  7.185365189421e-01 -1.339202035410e+00  9.352704957395e-01 -5.130783235691e-01   6.871846882273e-01 -1.318051097693e+00  9.328832901216e-01 -4.898538476789e-01
  6.871846882273e-01 -1.318051097693e+00  9.328832901216e-01 -4.898538476789e-01   6.784648923580e-01 -1.311951933532e+00  9.324496926189e-01 -4.835057220549e-01
  6.784648923580e-01 -1.311951933532e+00  9.324496926189e-01 -4.835057220549e-01   6.499838671911e-01 -1.291408126210e+00  9.317518531740e-01 -4.632503442556e-01
  6.499838671911e-01 -1.291408126210e+00  9.317518531740e-01 -4.632503442556e-01   6.409484498451e-01 -1.284701831654e+00  9.317618326489e-01 -4.570130110702e-01
  6.409484498451e-01 -1.284701831654e+00  9.317618326489e-01 -4.570130110702e-01   6.380375386193e-01 -1.282523013802e+00  9.317887113393e-01 -4.550263250032e-01
  6.380375386193e-01 -1.282523013802e+00  9.317887113393e-01 -4.550263250032e-01   6.125521351842e-01 -1.263093889613e+00  9.325083071008e-01 -4.381797382898e-01
  6.125521351842e-01 -1.263093889613e+00  9.325083071008e-01 -4.381797382898e-01   5.932041869810e-01 -1.247969683110e+00  9.336111571860e-01 -4.261660690862e-01
  5.932041869810e-01 -1.247969683110e+00  9.336111571860e-01 -4.261660690862e-01   5.864708489174e-01 -1.242643165911e+00  9.340996235889e-01 -4.221700022414e-01
  5.864708489174e-01 -1.242643165911e+00  9.340996235889e-01 -4.221700022414e-01   5.769043116410e-01 -1.235028415062e+00  9.348794408877e-01 -4.166744478905e-01
  5.769043116410e-01 -1.235028415062e+00  9.348794408877e-01 -4.166744478905e-01   5.611513327656e-01 -1.222392440393e+00  9.363618762295e-01 -4.081320354650e-01
  5.611513327656e-01 -1.222392440393e+00  9.363618762295e-01 -4.081320354650e-01   5.512332826681e-01 -1.214392548509e+00  9.374039832864e-01 -4.031063701563e-01
  5.512332826681e-01 -1.214392548509e+00  9.374039832864e-01 -4.031063701563e-01   5.147125229582e-01 -1.184866776470e+00  9.416943749184e-01 -3.872691066872e-01
  5.147125229582e-01 -1.184866776470e+00  9.416943749184e-01 -3.872691066872e-01   5.118047158925e-01 -1.182524062424e+00  9.420491201037e-01 -3.862036976383e-01
  5.118047158925e-01 -1.182524062424e+00  9.420491201037e-01 -3.862036976383e-01   5.076889634153e-01 -1.179213085426e+00  9.425501594990e-01 -3.847478749345e-01
  5.076889634153e-01 -1.179213085426e+00  9.425501594990e-01 -3.847478749345e-01   4.744605939117e-01 -1.152800236166e+00  9.463545361633e-01 -3.753049710973e-01
  4.744605939117e-01 -1.152800236166e+00  9.463545361633e-01 -3.753049710973e-01   4.606429853848e-01 -1.142047929837e+00  9.476755327120e-01 -3.726126147490e-01
  4.606429853848e-01 -1.142047929837e+00  9.476755327120e-01 -3.726126147490e-01   4.377478167711e-01 -1.124620381978e+00  9.492883685294e-01 -3.697275545219e-01
  4.377478167711e-01 -1.124620381978e+00  9.492883685294e-01 -3.697275545219e-01   4.226634468646e-01 -1.113430591208e+00  9.498462880220e-01 -3.688550520159e-01
  4.226634468646e-01 -1.113430591208e+00  9.498462880220e-01 -3.688550520159e-01   4.003074576647e-01 -1.097290671765e+00  9.497702580238e-01 -3.689402577926e-01
  4.003074576647e-01 -1.097290671765e+00  9.497702580238e-01 -3.689402577926e-01   3.807191882319e-01 -1.083572011922e+00  9.486963249385e-01 -3.702181312303e-01
  3.807191882319e-01 -1.083572011922e+00  9.486963249385e-01 -3.702181312303e-01   3.618597833856e-01 -1.070703214669e+00  9.466913258153e-01 -3.723509634234e-01
  7.394729505319e-01 -6.660691284750e-01  1.044324791893e+00  8.472214711236e-02   7.401794345120e-01 -6.661868308486e-01  9.927461453439e-01  9.997427286103e-02
  7.401794345120e-01 -6.661868308486e-01  9.927461453439e-01  9.997427286103e-02   7.415710818023e-01 -6.662115206745e-01  8.855089648743e-01  1.176202702882e-01
  7.415710818023e-01 -6.662115206745e-01  8.855089648743e-01  1.176202702882e-01   7.422604264683e-01 -6.661284219942e-01  8.286570596899e-01  1.198705934728e-01
  7.422604264683e-01 -6.661284219942e-01  8.286570596899e-01  1.198705934728e-01   7.429311551774e-01 -6.659884020473e-01  7.703639761881e-01  1.173206197491e-01
  7.429311551774e-01 -6.659884020473e-01  7.703639761881e-01  1.173206197491e-01   7.441848515173e-01 -6.655670806294e-01  6.520414278381e-01  9.725597854485e-02
  7.441848515173e-01 -6.655670806294e-01  6.520414278381e-01  9.725597854485e-02   7.447804561441e-01 -6.652900841324e-01  5.909553834743e-01  7.896509014205e-02
  7.447804561441e-01 -6.652900841324e-01  5.909553834743e-01  7.896509014205e-02   7.453474471619e-01 -6.649763161405e-01  5.296324078953e-01  5.489717696138e-02
  7.453474471619e-01 -6.649763161405e-01  5.296324078953e-01  5.489717696138e-02   7.463802572834e-01 -6.642632011530e-01  4.099575200213e-01 -1.017839668838e-02
  7.463802572834e-01 -6.642632011530e-01  4.099575200213e-01 -1.017839668838e-02   7.468602593370e-01 -6.638593538553e-01  3.511955125607e-01 -5.219894358078e-02
  7.468602593370e-01 -6.638593538553e-01  3.511955125607e-01 -5.219894358078e-02   7.473110808707e-01 -6.634297011359e-01  2.947069403259e-01 -1.001436135647e-01
  7.473110808707e-01 -6.634297011359e-01  2.947069403259e-01 -1.001436135647e-01   7.481149881957e-01 -6.625116279501e-01  1.931735803117e-01 -2.105775137760e-01
  7.481149881957e-01 -6.625116279501e-01  1.931735803117e-01 -2.105775137760e-01   7.484788712586e-01 -6.620122012139e-01  1.483325172762e-01 -2.733351328731e-01
  7.484788712586e-01 -6.620122012139e-01  1.483325172762e-01 -2.733351328731e-01   7.488127300374e-01 -6.614905996135e-01  1.088926592536e-01 -3.395149115615e-01
  7.488127300374e-01 -6.614905996135e-01  1.088926592536e-01 -3.395149115615e-01   7.493793248591e-01 -6.603979378769e-01  4.875291736331e-02 -4.762238539391e-01
  7.493793248591e-01 -6.603979378769e-01  4.875291736331e-02 -4.762238539391e-01   7.496168615161e-01 -6.598123908228e-01  2.766247815053e-02 -5.467009860375e-01
  7.496168615161e-01 -6.598123908228e-01  2.766247815053e-02 -5.467009860375e-01   7.498181261837e-01 -6.592062262438e-01  1.288665975455e-02 -6.167935881765e-01
  7.498181261837e-01 -6.592062262438e-01  1.288665975455e-02 -6.167935881765e-01   7.500974977103e-01 -6.579539473441e-01  1.435288139568e-03 -7.512313514166e-01
  7.500974977103e-01 -6.579539473441e-01  1.435288139568e-03 -7.512313514166e-01   7.501725146137e-01 -6.572938741491e-01  3.988600510040e-03 -8.164025463534e-01
  7.501725146137e-01 -6.572938741491e-01  3.988600510040e-03 -8.164025463534e-01   7.501973510213e-01 -6.566204081313e-01  1.169127529986e-02 -8.790695876497e-01
  7.501973510213e-01 -6.566204081313e-01  1.169127529986e-02 -8.790695876497e-01   7.500820150786e-01 -6.552693072662e-01  4.057775669399e-02 -9.944134143246e-01
  7.500820150786e-01 -6.552693072662e-01  4.057775669399e-02 -9.944134143246e-01   7.499318266240e-01 -6.545845003683e-01  6.149219354729e-02 -1.048369945668e+00
  7.499318266240e-01 -6.545845003683e-01  6.149219354729e-02 -1.048369945668e+00   7.497151004337e-01 -6.539097355091e-01  8.621785973654e-02 -1.099144758836e+00
  7.497151004337e-01 -6.539097355091e-01  8.621785973654e-02 -1.099144758836e+00   7.490848788500e-01 -6.526440361302e-01  1.451383838436e-01 -1.189693937842e+00
  7.490848788500e-01 -6.526440361302e-01  1.451383838436e-01 -1.189693937842e+00   7.486629508466e-01 -6.520555495695e-01  1.796962256474e-01 -1.230605318654e+00
  7.486629508466e-01 -6.520555495695e-01  1.796962256474e-01 -1.230605318654e+00   7.481757741458e-01 -6.515163664937e-01  2.171453822395e-01 -1.268082848266e+00
  7.481757741458e-01 -6.515163664937e-01  2.171453822395e-01 -1.268082848266e+00   7.470470612982e-01 -6.506320940530e-01  2.988457295826e-01 -1.331689797048e+00
  7.470470612982e-01 -6.506320940530e-01  2.988457295826e-01 -1.331689797048e+00   7.464065388196e-01 -6.502881438795e-01  3.439383823176e-01 -1.358543552522e+00
  7.464065388196e-01 -6.502881438795e-01  3.439383823176e-01 -1.358543552522e+00   7.457333799009e-01 -6.500196907138e-01  3.913275894449e-01 -1.381639806844e+00
  7.457333799009e-01 -6.500196907138e-01  3.913275894449e-01 -1.381639806844e+00   7.443511101277e-01 -6.497132594015e-01  4.910564127669e-01 -1.415692558445e+00
  7.443511101277e-01 -6.497132594015e-01  4.910564127669e-01 -1.415692558445e+00   7.436425631599e-01 -6.496667973615e-01  5.445276091117e-01 -1.426820209300e+00
  7.436425631599e-01 -6.496667973615e-01  5.445276091117e-01 -1.426820209300e+00   7.429402454206e-01 -6.496881834815e-01  5.997784666352e-01 -1.433581327367e+00
  7.429402454206e-01 -6.496881834815e-01  5.997784666352e-01 -1.433581327367e+00   7.415987210822e-01 -6.499083034026e-01  7.133512455019e-01 -1.433287893191e+00
  7.415987210822e-01 -6.499083034026e-01  7.133512455019e-01 -1.433287893191e+00   7.409503962394e-01 -6.500989077020e-01  7.728514083581e-01 -1.425763356386e+00
  7.409503962394e-01 -6.500989077020e-01  7.728514083581e-01 -1.425763356386e+00   7.403276710882e-01 -6.503354164061e-01  8.333109729661e-01 -1.412942864547e+00
  7.403276710882e-01 -6.503354164061e-01  8.333109729661e-01 -1.412942864547e+00   7.391809604779e-01 -6.509181409507e-01  9.540506584709e-01 -1.371165009521e+00
  7.391809604779e-01 -6.509181409507e-01  9.540506584709e-01 -1.371165009521e+00   7.386427320046e-01 -6.512645746123e-01  1.015129099087e+00 -1.341214245730e+00
  7.386427320046e-01 -6.512645746123e-01  1.015129099087e+00 -1.341214245730e+00   7.381338369471e-01 -6.516411143825e-01  1.075378384975e+00 -1.305186983584e+00
  7.381338369471e-01 -6.516411143825e-01  1.075378384975e+00 -1.305186983584e+00   7.372157383553e-01 -6.524632354656e-01  1.189060724820e+00 -1.216449397739e+00
  7.372157383553e-01 -6.524632354656e-01  1.189060724820e+00 -1.216449397739e+00   7.367936275814e-01 -6.529169455663e-01  1.242494198789e+00 -1.162993843133e+00
  7.367936275814e-01 -6.529169455663e-01  1.242494198789e+00 -1.162993843133e+00   7.364006910893e-01 -6.533940245231e-01  1.291993749934e+00 -1.104490818864e+00
  7.364006910893e-01 -6.533940245231e-01  1.291993749934e+00 -1.104490818864e+00   7.357124805453e-01 -6.544010993577e-01  1.375128002229e+00 -9.773074151138e-01
  7.357124805453e-01 -6.544010993577e-01  1.375128002229e+00 -9.773074151138e-01   7.354091368232e-01 -6.549442341913e-01  1.408732394524e+00 -9.087248157722e-01
  7.354091368232e-01 -6.549442341913e-01  1.408732394524e+00 -9.087248157722e-01   7.351380472105e-01 -6.555089015295e-01  1.436099204400e+00 -8.387128486775e-01
  7.351380472105e-01 -6.555089015295e-01  1.436099204400e+00 -8.387128486775e-01   7.347052216181e-01 -6.566843291307e-01  1.471474074558e+00 -7.000575182981e-01
  7.347052216181e-01 -6.566843291307e-01  1.471474074558e+00 -7.000575182981e-01   7.345424560615e-01 -6.573099592035e-01  1.480204603025e+00 -6.310602411375e-01
  7.345424560615e-01 -6.573099592035e-01  1.480204603025e+00 -6.310602411375e-01   7.344220102869e-01 -6.579539481093e-01  1.483087016681e+00 -5.637613199001e-01
  7.344220102869e-01 -6.579539481093e-01  1.483087016681e+00 -5.637613199001e-01   7.343234825965e-01 -6.592692891434e-01  1.472967941861e+00 -4.376679029419e-01
  7.343234825965e-01 -6.592692891434e-01  1.472967941861e+00 -4.376679029419e-01   7.343524860357e-01 -6.599520509537e-01  1.460544503104e+00 -3.777238224608e-01
  7.343524860357e-01 -6.599520509537e-01  1.460544503104e+00 -3.777238224608e-01   7.344404569616e-01 -6.606390618637e-01  1.443684208598e+00 -3.207269589166e-01
  7.344404569616e-01 -6.606390618637e-01  1.443684208598e+00 -3.207269589166e-01   7.348023295679e-01 -6.619801243784e-01  1.398665429663e+00 -2.174264821729e-01
  7.348023295679e-01 -6.619801243784e-01  1.398665429663e+00 -2.174264821729e-01   7.350869705729e-01 -6.626361411094e-01  1.370447307263e+00 -1.698647307929e-01
  7.350869705729e-01 -6.626361411094e-01  1.370447307263e+00 -1.698647307929e-01   7.354412844541e-01 -6.632632725681e-01  1.338930403561e+00 -1.256229067641e-01
  7.354412844541e-01 -6.632632725681e-01  1.338930403561e+00 -1.256229067641e-01   7.363380018193e-01 -6.643756154613e-01  1.267906088957e+00 -4.830501082760e-02
  7.363380018193e-01 -6.643756154613e-01  1.267906088957e+00 -4.830501082760e-02   7.368840771863e-01 -6.648570221634e-01  1.227773805077e+00 -1.427641127342e-02
  7.368840771863e-01 -6.648570221634e-01  1.227773805077e+00 -1.427641127342e-02   7.374822803004e-01 -6.652720809306e-01  1.185074781329e+00  1.618275375323e-02
  7.374822803004e-01 -6.652720809306e-01  1.185074781329e+00  1.618275375323e-02   7.387780990532e-01 -6.658761326586e-01  1.093855974589e+00  6.545096293275e-02
  7.387780990532e-01 -6.658761326586e-01  1.093855974589e+00  6.545096293275e-02   7.394729505319e-01 -6.660691284750e-01  1.044324791893e+00  8.472214711236e-02
