LENS PARMS:
   alpha 1.118581e+00 -5.571237e-01 -1.349607e+00 3.976823e-01 -7.274792e+01 3.629423e-02 7.004755e+01 0.0 0.0 1.000000e+00
   alpha 5.880343e-02 -1.980000e-01 1.800000e-01 0.0 0.0 0.0 0.0 0.0 0.0 1.000000e+00
SOURCE PARMS:
   ptsrc 3.246532e+01 -3.430543e-01 -1.183558e+00 0.0 0.0 0.0 0.0 0.0
CHISQ: 2.796171e+00 8.867056e-04 2.795284e+00 0.000000e+00 4.194798e-10 0.000000e+00 0.000000e+00 0.000000e+00 0.000000e+00 # tot pos flux tdel gal plim crv ring weak

Source #1
  posn: -3.430543e-01 -1.183558e+00
  flux:  3.246532e+01
     h:  7.000000e-01
  zsrc:  3.620000e+00
tscale:  5.539142e+01
images:
   0.5876  -1.9341 (3.0e-04) 401.0000 ( 8.00e+01)   0.00 (0.0e+00) ->   0.5876  -1.9341 420.7082  11.0947
   0.7208  -1.5298 (3.0e-04) 362.0000 ( 7.20e+01)   0.00 (0.0e+00) ->   0.7208  -1.5298 408.8003  11.2815
   0.0000   0.0000 (3.0e-04) 156.0000 ( 3.10e+01)   0.00 (0.0e+00) ->  -0.0000  -0.0000 156.3141   0.0000
  -1.3608  -1.6348 (3.0e-04)  58.0000 ( 1.20e+01)   0.00 (0.0e+00) ->  -1.3608  -1.6348  39.7537  48.9764


