#
# Columns: x1 y1 u1 v1 x2 y2 u2 v2
#
# To plot the image plane curves, connect each (x1,y1)
# to the (x2,y2) on the same line -- do *not* connect
# consecutive lines!
#
# To plot the source plane curves, do the same for
# (u1,v1) and (u2,v2).
#
 -1.590027072547e+00 -2.105207348082e+00 -7.522043597413e-01 -1.278361978051e+00  -1.567214609380e+00 -2.119427090691e+00 -7.440038739027e-01 -1.272427966542e+00
 -1.567214609380e+00 -2.119427090691e+00 -7.440038739027e-01 -1.272427966542e+00  -1.556647630177e+00 -2.125734428283e+00 -7.402352101701e-01 -1.269623352933e+00
 -1.556647630177e+00 -2.125734428283e+00 -7.402352101701e-01 -1.269623352933e+00  -1.590027072547e+00 -2.105207348082e+00 -7.522043597413e-01 -1.278361978051e+00
 -1.642217545167e+00 -2.069237197218e+00 -7.712363904811e-01 -1.291269237369e+00  -1.657050554362e+00 -2.058033202954e+00 -7.766957121795e-01 -1.294754019165e+00
 -1.657050554362e+00 -2.058033202954e+00 -7.766957121795e-01 -1.294754019165e+00  -1.694828463916e+00 -2.027214447351e+00 -7.906476881256e-01 -1.303226359098e+00
 -1.694828463916e+00 -2.027214447351e+00 -7.906476881256e-01 -1.303226359098e+00  -1.737960130311e+00 -1.987302907216e+00 -8.065496624001e-01 -1.312123561729e+00
 -1.737960130311e+00 -1.987302907216e+00 -8.065496624001e-01 -1.312123561729e+00  -1.744121957757e+00 -1.981117173130e+00 -8.088081395626e-01 -1.313320885612e+00
 -1.744121957757e+00 -1.981117173130e+00 -8.088081395626e-01 -1.313320885612e+00  -1.748522693663e+00 -1.976616617817e+00 -8.104178194749e-01 -1.314164045427e+00
 -1.748522693663e+00 -1.976616617817e+00 -8.104178194749e-01 -1.314164045427e+00  -1.797512595194e+00 -1.921115850998e+00 -8.280443180020e-01 -1.322825725845e+00
 -1.797512595194e+00 -1.921115850998e+00 -8.280443180020e-01 -1.322825725845e+00  -1.825888883980e+00 -1.883252733324e+00 -8.378417622599e-01 -1.327161330379e+00
 -1.825888883980e+00 -1.883252733324e+00 -8.378417622599e-01 -1.327161330379e+00  -1.857687979742e+00 -1.833602824103e+00 -8.481524136397e-01 -1.331306774398e+00
 -1.857687979742e+00 -1.833602824103e+00 -8.481524136397e-01 -1.331306774398e+00  -1.886619157988e+00 -1.778383110337e+00 -8.564540856690e-01 -1.334273474148e+00
 -1.886619157988e+00 -1.778383110337e+00 -8.564540856690e-01 -1.334273474148e+00  -1.918681154370e+00 -1.695897616353e+00 -8.630906621034e-01 -1.336309503523e+00
 -1.918681154370e+00 -1.695897616353e+00 -8.630906621034e-01 -1.336309503523e+00  -1.928092360832e+00 -1.662934356246e+00 -8.639229475006e-01 -1.336526914138e+00
 -1.928092360832e+00 -1.662934356246e+00 -8.639229475006e-01 -1.336526914138e+00  -1.935547907270e+00 -1.630664842348e+00 -8.637759914006e-01 -1.336494029675e+00
 -1.935547907270e+00 -1.630664842348e+00 -8.637759914006e-01 -1.336494029675e+00  -1.947581656599e+00 -1.541830150078e+00 -8.586561857928e-01 -1.335532611089e+00
 -1.947581656599e+00 -1.541830150078e+00 -8.586561857928e-01 -1.335532611089e+00  -1.948822943310e+00 -1.473718991668e+00 -8.502542167791e-01 -1.334350274396e+00
 -1.948822943310e+00 -1.473718991668e+00 -8.502542167791e-01 -1.334350274396e+00  -1.945203905116e+00 -1.420703713784e+00 -8.411441279972e-01 -1.333417599125e+00
 -1.945203905116e+00 -1.420703713784e+00 -8.411441279972e-01 -1.333417599125e+00  -1.937569196507e+00 -1.367153882144e+00 -8.297331699622e-01 -1.332640410230e+00
 -1.937569196507e+00 -1.367153882144e+00 -8.297331699622e-01 -1.332640410230e+00  -1.922839799873e+00 -1.301595247916e+00 -8.128302140497e-01 -1.332144433194e+00
 -1.922839799873e+00 -1.301595247916e+00 -8.128302140497e-01 -1.332144433194e+00  -1.919208447051e+00 -1.288567597939e+00 -8.090950868311e-01 -1.332128592893e+00
 -1.919208447051e+00 -1.288567597939e+00 -8.090950868311e-01 -1.332128592893e+00  -1.913910720304e+00 -1.270903461273e+00 -8.038344855542e-01 -1.332159846166e+00
 -1.913910720304e+00 -1.270903461273e+00 -8.038344855542e-01 -1.332159846166e+00  -1.897887389902e+00 -1.224382069508e+00 -7.889124647832e-01 -1.332572672468e+00
 -1.897887389902e+00 -1.224382069508e+00 -7.889124647832e-01 -1.332572672468e+00  -1.882412851253e+00 -1.186068474608e+00 -7.754798449311e-01 -1.333331547949e+00
 -1.882412851253e+00 -1.186068474608e+00 -7.754798449311e-01 -1.333331547949e+00  -1.868956532066e+00 -1.156323077773e+00 -7.643519991944e-01 -1.334224001726e+00
 -1.868956532066e+00 -1.156323077773e+00 -7.643519991944e-01 -1.334224001726e+00  -1.827408999242e+00 -1.078167168392e+00 -7.322712999787e-01 -1.338070692158e+00
 -1.827408999242e+00 -1.078167168392e+00 -7.322712999787e-01 -1.338070692158e+00  -1.826957237018e+00 -1.077402951882e+00 -7.319376794743e-01 -1.338120379139e+00
 -1.826957237018e+00 -1.077402951882e+00 -7.319376794743e-01 -1.338120379139e+00  -1.825933884362e+00 -1.075677457137e+00 -7.311829947051e-01 -1.338233501764e+00
 -1.825933884362e+00 -1.075677457137e+00 -7.311829947051e-01 -1.338233501764e+00  -1.786240650624e+00 -1.013962817341e+00 -7.029340687344e-01 -1.343187220692e+00
 -1.786240650624e+00 -1.013962817341e+00 -7.029340687344e-01 -1.343187220692e+00  -1.762213493891e+00 -9.806410511307e-01 -6.866878439622e-01 -1.346668906860e+00
 -1.762213493891e+00 -9.806410511307e-01 -6.866878439622e-01 -1.346668906860e+00  -1.746281080402e+00 -9.598860604781e-01 -6.762273719933e-01 -1.349156339860e+00
 -1.746281080402e+00 -9.598860604781e-01 -6.762273719933e-01 -1.349156339860e+00  -1.727404970444e+00 -9.364995335236e-01 -6.641345854198e-01 -1.352274154513e+00
 -1.727404970444e+00 -9.364995335236e-01 -6.641345854198e-01 -1.352274154513e+00  -1.707634758806e+00 -9.132514911215e-01 -6.518001817769e-01 -1.355725406362e+00
 -1.707634758806e+00 -9.132514911215e-01 -6.518001817769e-01 -1.355725406362e+00  -1.689199078517e+00 -8.926012582679e-01 -6.405898983809e-01 -1.359103789952e+00
 -1.689199078517e+00 -8.926012582679e-01 -6.405898983809e-01 -1.359103789952e+00  -1.669910506830e+00 -8.719552692940e-01 -6.291508563302e-01 -1.362793316974e+00
 -1.669910506830e+00 -8.719552692940e-01 -6.291508563302e-01 -1.362793316974e+00  -1.652800333670e+00 -8.543918953553e-01 -6.192444544634e-01 -1.366190735277e+00
 -1.652800333670e+00 -8.543918953553e-01 -6.192444544634e-01 -1.366190735277e+00  -1.632978522203e+00 -8.348557934990e-01 -6.080439715302e-01 -1.370264037511e+00
 -1.632978522203e+00 -8.348557934990e-01 -6.080439715302e-01 -1.370264037511e+00  -1.609855792210e+00 -8.130773399034e-01 -5.953444560034e-01 -1.375189820586e+00
 -1.609855792210e+00 -8.130773399034e-01 -5.953444560034e-01 -1.375189820586e+00  -1.587125911550e+00 -7.926430959475e-01 -5.832378427135e-01 -1.380201252212e+00
 -1.587125911550e+00 -7.926430959475e-01 -5.832378427135e-01 -1.380201252212e+00  -1.527341258033e+00 -7.429729977546e-01 -5.531435338771e-01 -1.394086295480e+00
 -1.527341258033e+00 -7.429729977546e-01 -5.531435338771e-01 -1.394086295480e+00  -1.526439011722e+00 -7.422647020775e-01 -5.527085600592e-01 -1.394302822533e+00
 -1.526439011722e+00 -7.422647020775e-01 -5.527085600592e-01 -1.394302822533e+00  -1.524021727840e+00 -7.403727011387e-01 -5.515459893405e-01 -1.394883866653e+00
 -1.524021727840e+00 -7.403727011387e-01 -5.515459893405e-01 -1.394883866653e+00  -1.469082576485e+00 -6.994790026967e-01 -5.262201556716e-01 -1.408422046950e+00
 -1.469082576485e+00 -6.994790026967e-01 -5.262201556716e-01 -1.408422046950e+00  -1.444505730232e+00 -6.823984345266e-01 -5.155703715553e-01 -1.414655195660e+00
 -1.444505730232e+00 -6.823984345266e-01 -5.155703715553e-01 -1.414655195660e+00  -1.416545007250e+00 -6.637963812395e-01 -5.039664717801e-01 -1.421849980874e+00
 -1.416545007250e+00 -6.637963812395e-01 -5.039664717801e-01 -1.421849980874e+00  -1.378562141665e+00 -6.398411933165e-01 -4.890813196255e-01 -1.431755617393e+00
 -1.378562141665e+00 -6.398411933165e-01 -4.890813196255e-01 -1.431755617393e+00  -1.368758911744e+00 -6.338898013090e-01 -4.854047033384e-01 -1.434329679643e+00
 -1.368758911744e+00 -6.338898013090e-01 -4.854047033384e-01 -1.434329679643e+00  -1.361455438774e+00 -6.295150760972e-01 -4.827098567858e-01 -1.436250585952e+00
 -1.361455438774e+00 -6.295150760972e-01 -4.827098567858e-01 -1.436250585952e+00  -1.322285835787e+00 -6.068766118895e-01 -4.689057335796e-01 -1.446576632745e+00
 -1.322285835787e+00 -6.068766118895e-01 -4.689057335796e-01 -1.446576632745e+00  -1.278109478146e+00 -5.828977384283e-01 -4.546621770282e-01 -1.458192888297e+00
 -1.278109478146e+00 -5.828977384283e-01 -4.546621770282e-01 -1.458192888297e+00  -1.278013433390e+00 -5.828472835938e-01 -4.546327546592e-01 -1.458218021360e+00
 -1.278013433390e+00 -5.828472835938e-01 -4.546327546592e-01 -1.458218021360e+00  -1.277930429922e+00 -5.828036857184e-01 -4.546073326115e-01 -1.458239741321e+00
 -1.277930429922e+00 -5.828036857184e-01 -4.546073326115e-01 -1.458239741321e+00  -1.276780972017e+00 -5.822004676735e-01 -4.542557974692e-01 -1.458540468684e+00
 -1.276780972017e+00 -5.822004676735e-01 -4.542557974692e-01 -1.458540468684e+00  -1.195693079361e+00 -5.420168181274e-01 -4.319138884629e-01 -1.479330019335e+00
 -1.195693079361e+00 -5.420168181274e-01 -4.319138884629e-01 -1.479330019335e+00  -1.189992918122e+00 -5.393548641639e-01 -4.305272366320e-01 -1.480746912224e+00
 -1.189992918122e+00 -5.393548641639e-01 -4.305272366320e-01 -1.480746912224e+00  -1.116182716525e+00 -5.065373289748e-01 -4.147798689259e-01 -1.498252192131e+00
 -1.116182716525e+00 -5.065373289748e-01 -4.147798689259e-01 -1.498252192131e+00  -1.110173006102e+00 -5.039880157300e-01 -4.136787285987e-01 -1.499593492721e+00
 -1.110173006102e+00 -5.039880157300e-01 -4.136787285987e-01 -1.499593492721e+00  -1.085889924305e+00 -4.938521066977e-01 -4.095069168693e-01 -1.504854003618e+00
 -1.085889924305e+00 -4.938521066977e-01 -4.095069168693e-01 -1.504854003618e+00  -1.048044265302e+00 -4.785324244797e-01 -4.038879428456e-01 -1.512474578868e+00
 -1.048044265302e+00 -4.785324244797e-01 -4.038879428456e-01 -1.512474578868e+00  -1.038373690965e+00 -4.747006600352e-01 -4.026232782149e-01 -1.514294008889e+00
 -1.038373690965e+00 -4.747006600352e-01 -4.026232782149e-01 -1.514294008889e+00  -9.879054916724e-01 -4.551536953804e-01 -3.971316808069e-01 -1.522802335922e+00
 -9.879054916724e-01 -4.551536953804e-01 -3.971316808069e-01 -1.522802335922e+00  -9.611107049944e-01 -4.450222024852e-01 -3.949519259794e-01 -1.526555532293e+00
 -9.611107049944e-01 -4.450222024852e-01 -3.949519259794e-01 -1.526555532293e+00  -9.098100529261e-01 -4.259230328305e-01 -3.921193785528e-01 -1.531990060720e+00
 -9.098100529261e-01 -4.259230328305e-01 -3.921193785528e-01 -1.531990060720e+00  -8.851428652775e-01 -4.168101100257e-01 -3.913413757708e-01 -1.533678587865e+00
 -8.851428652775e-01 -4.168101100257e-01 -3.913413757708e-01 -1.533678587865e+00  -8.349656945222e-01 -3.982403171716e-01 -3.907903897071e-01 -1.534998028274e+00
 -8.349656945222e-01 -3.982403171716e-01 -3.907903897071e-01 -1.534998028274e+00  -8.109219937991e-01 -3.892601577497e-01 -3.909524262536e-01 -1.534528420624e+00
 -8.109219937991e-01 -3.892601577497e-01 -3.909524262536e-01 -1.534528420624e+00  -7.938006740498e-01 -3.828083649105e-01 -3.912091802318e-01 -1.533724421978e+00
 -7.938006740498e-01 -3.828083649105e-01 -3.912091802318e-01 -1.533724421978e+00  -7.366138874998e-01 -3.607487047174e-01 -3.927171609382e-01 -1.527995220757e+00
 -7.366138874998e-01 -3.607487047174e-01 -3.927171609382e-01 -1.527995220757e+00  -6.814891532853e-01 -3.384054626242e-01 -3.946848717709e-01 -1.517656957889e+00
 -6.814891532853e-01 -3.384054626242e-01 -3.946848717709e-01 -1.517656957889e+00  -6.600989342392e-01 -3.293505372784e-01 -3.954560095872e-01 -1.512274471143e+00
 -6.600989342392e-01 -3.293505372784e-01 -3.954560095872e-01 -1.512274471143e+00  -6.537738388926e-01 -3.266243657039e-01 -3.956758741859e-01 -1.510529761609e+00
 -6.537738388926e-01 -3.266243657039e-01 -3.956758741859e-01 -1.510529761609e+00  -6.426010967459e-01 -3.217503062761e-01 -3.960503356910e-01 -1.507273820038e+00
 -6.426010967459e-01 -3.217503062761e-01 -3.960503356910e-01 -1.507273820038e+00  -6.053375540080e-01 -3.048923216931e-01 -3.971074925493e-01 -1.494762565064e+00
 -6.053375540080e-01 -3.048923216931e-01 -3.971074925493e-01 -1.494762565064e+00  -5.809041775129e-01 -2.932577534621e-01 -3.975693913299e-01 -1.485124772938e+00
 -5.809041775129e-01 -2.932577534621e-01 -3.975693913299e-01 -1.485124772938e+00  -5.583753539621e-01 -2.820462943511e-01 -3.977745425769e-01 -1.475179839619e+00
 -5.583753539621e-01 -2.820462943511e-01 -3.977745425769e-01 -1.475179839619e+00  -5.299677744564e-01 -2.671278173674e-01 -3.976581544448e-01 -1.461110077874e+00
 -5.299677744564e-01 -2.671278173674e-01 -3.976581544448e-01 -1.461110077874e+00  -5.135027609656e-01 -2.580123532435e-01 -3.973645423578e-01 -1.452124780200e+00
 -5.135027609656e-01 -2.580123532435e-01 -3.973645423578e-01 -1.452124780200e+00  -4.979952620941e-01 -2.490586966857e-01 -3.969141778306e-01 -1.443065138324e+00
 -4.979952620941e-01 -2.490586966857e-01 -3.969141778306e-01 -1.443065138324e+00  -4.685555208934e-01 -2.308778609577e-01 -3.955284102000e-01 -1.424118621136e+00
 -4.685555208934e-01 -2.308778609577e-01 -3.955284102000e-01 -1.424118621136e+00  -4.425894674690e-01 -2.131931311128e-01 -3.936281146148e-01 -1.405214018009e+00
 -4.425894674690e-01 -2.131931311128e-01 -3.936281146148e-01 -1.405214018009e+00  -4.274261985641e-01 -2.019138193179e-01 -3.921673023448e-01 -1.393023785200e+00
 -4.274261985641e-01 -2.019138193179e-01 -3.921673023448e-01 -1.393023785200e+00  -4.061323936079e-01 -1.844474049837e-01 -3.895828712247e-01 -1.374088135528e+00
 -4.061323936079e-01 -1.844474049837e-01 -3.895828712247e-01 -1.374088135528e+00  -3.925148331456e-01 -1.719121841852e-01 -3.875273497764e-01 -1.360537907578e+00
 -3.925148331456e-01 -1.719121841852e-01 -3.875273497764e-01 -1.360537907578e+00  -3.868878487822e-01 -1.663138802610e-01 -3.865643535123e-01 -1.354513895160e+00
 -3.868878487822e-01 -1.663138802610e-01 -3.865643535123e-01 -1.354513895160e+00  -3.647603123687e-01 -1.407162829073e-01 -3.818878950719e-01 -1.327319848301e+00
 -3.647603123687e-01 -1.407162829073e-01 -3.818878950719e-01 -1.327319848301e+00  -3.545085083789e-01 -1.257034615252e-01 -3.789917383294e-01 -1.311720117618e+00
 -3.545085083789e-01 -1.257034615252e-01 -3.789917383294e-01 -1.311720117618e+00  -3.449834588187e-01 -1.081891444205e-01 -3.755185232526e-01 -1.293910430324e+00
 -3.449834588187e-01 -1.081891444205e-01 -3.755185232526e-01 -1.293910430324e+00  -3.370528327909e-01 -8.827545707203e-02 -3.714772988017e-01 -1.274195854158e+00
 -3.370528327909e-01 -8.827545707203e-02 -3.714772988017e-01 -1.274195854158e+00  -3.330816286703e-01 -7.434789694971e-02 -3.685981111083e-01 -1.260739618402e+00
 -3.330816286703e-01 -7.434789694971e-02 -3.685981111083e-01 -1.260739618402e+00  -3.289099419924e-01 -5.263807333657e-02 -3.640097014090e-01 -1.240270202347e+00
 -3.289099419924e-01 -5.263807333657e-02 -3.640097014090e-01 -1.240270202347e+00  -3.272645775344e-01 -3.949127944660e-02 -3.611555243383e-01 -1.228148422020e+00
 -3.272645775344e-01 -3.949127944660e-02 -3.611555243383e-01 -1.228148422020e+00  -3.252221181935e-01 -1.476768420971e-02 -3.555771888308e-01 -1.205855683134e+00
 -3.252221181935e-01 -1.476768420971e-02 -3.555771888308e-01 -1.205855683134e+00  -3.237863699626e-01  8.091919549416e-03 -3.500933545391e-01 -1.185790160830e+00
 -3.237863699626e-01  8.091919549416e-03 -3.500933545391e-01 -1.185790160830e+00  -1.323778900150e-01 -2.318739117968e-02 -3.607982494177e-01 -1.177104751633e+00
 -1.323778900150e-01 -2.318739117968e-02 -3.607982494177e-01 -1.177104751633e+00  -1.260084519108e-01  1.796911671279e-02 -3.573542389997e-01 -1.140676470741e+00
 -1.260084519108e-01  1.796911671279e-02 -3.573542389997e-01 -1.140676470741e+00  -1.221555022312e-01  8.400784570991e-02 -3.582463869772e-01 -1.087819990279e+00
 -1.221555022312e-01  8.400784570991e-02 -3.582463869772e-01 -1.087819990279e+00  -1.378798646970e-01 -7.109399855913e-02 -3.673105177922e-01 -1.220539371441e+00
 -1.378798646970e-01 -7.109399855913e-02 -3.673105177922e-01 -1.220539371441e+00  -1.378414779526e-01 -8.883212358843e-02 -3.701735373649e-01 -1.236416649611e+00
 -1.378414779526e-01 -8.883212358843e-02 -3.701735373649e-01 -1.236416649611e+00  -1.358602186140e-01 -1.072583295375e-01 -3.733123741984e-01 -1.252548014511e+00
 -1.358602186140e-01 -1.072583295375e-01 -3.733123741984e-01 -1.252548014511e+00  -1.287032534545e-01 -1.338549225813e-01 -3.780378172431e-01 -1.274859381084e+00
 -1.287032534545e-01 -1.338549225813e-01 -3.780378172431e-01 -1.274859381084e+00  -1.239869111420e-01 -1.450669457828e-01 -3.800726666519e-01 -1.283824372353e+00
 -1.239869111420e-01 -1.450669457828e-01 -3.800726666519e-01 -1.283824372353e+00  -1.097477112765e-01 -1.698581071390e-01 -3.846096446971e-01 -1.302502982841e+00
 -1.097477112765e-01 -1.698581071390e-01 -3.846096446971e-01 -1.302502982841e+00  -9.865506572430e-02 -1.846838856278e-01 -3.873176747004e-01 -1.312799151477e+00
 -9.865506572430e-02 -1.846838856278e-01 -3.873176747004e-01 -1.312799151477e+00  -8.848470953879e-02 -1.964073896772e-01 -3.894357323557e-01 -1.320404980350e+00
 -8.848470953879e-02 -1.964073896772e-01 -3.894357323557e-01 -1.320404980350e+00  -5.823307146405e-02 -2.250571014373e-01 -3.943955731705e-01 -1.336642630896e+00
 -5.823307146405e-02 -2.250571014373e-01 -3.943955731705e-01 -1.336642630896e+00  -3.482489134220e-02 -2.432272552659e-01 -3.972234050458e-01 -1.344865321040e+00
 -3.482489134220e-02 -2.432272552659e-01 -3.972234050458e-01 -1.344865321040e+00   2.258802971432e-03 -2.675729000328e-01 -4.002417292445e-01 -1.352700836916e+00
  2.258802971432e-03 -2.675729000328e-01 -4.002417292445e-01 -1.352700836916e+00   4.772064070115e-02 -2.923899213172e-01 -4.016938718778e-01 -1.356006973773e+00
  4.772064070115e-02 -2.923899213172e-01 -4.016938718778e-01 -1.356006973773e+00   8.867669513961e-02 -3.114944414829e-01 -4.009542695878e-01 -1.354608435507e+00
  8.867669513961e-02 -3.114944414829e-01 -4.009542695878e-01 -1.354608435507e+00   1.363355484133e-01 -3.310743637365e-01 -3.977142879240e-01 -1.349110410292e+00
  1.363355484133e-01 -3.310743637365e-01 -3.977142879240e-01 -1.349110410292e+00   1.577277741069e-01 -3.392030785529e-01 -3.954541041272e-01 -1.345585552272e+00
  1.577277741069e-01 -3.392030785529e-01 -3.954541041272e-01 -1.345585552272e+00   2.101930440732e-01 -3.580437068439e-01 -3.879071453650e-01 -1.334855138439e+00
  2.101930440732e-01 -3.580437068439e-01 -3.879071453650e-01 -1.334855138439e+00   2.238343892763e-01 -3.627811926265e-01 -3.855012358332e-01 -1.331676607774e+00
  2.238343892763e-01 -3.627811926265e-01 -3.855012358332e-01 -1.331676607774e+00   2.303350096403e-01 -3.650258344096e-01 -3.842933198980e-01 -1.330115863372e+00
  2.303350096403e-01 -3.650258344096e-01 -3.842933198980e-01 -1.330115863372e+00   2.937908785005e-01 -3.868679232431e-01 -3.705476434506e-01 -1.313660371766e+00
  2.937908785005e-01 -3.868679232431e-01 -3.705476434506e-01 -1.313660371766e+00   3.304738745269e-01 -3.997989987229e-01 -3.611224148455e-01 -1.303447285810e+00
  3.304738745269e-01 -3.997989987229e-01 -3.611224148455e-01 -1.303447285810e+00   3.655776564896e-01 -4.126719255193e-01 -3.512086703918e-01 -1.293417395371e+00
  3.655776564896e-01 -4.126719255193e-01 -3.512086703918e-01 -1.293417395371e+00   4.361468707677e-01 -4.408461740501e-01 -3.289895249431e-01 -1.273026399775e+00
  4.361468707677e-01 -4.408461740501e-01 -3.289895249431e-01 -1.273026399775e+00   4.393303641287e-01 -4.422083643518e-01 -3.279231977771e-01 -1.272109878425e+00
  4.393303641287e-01 -4.422083643518e-01 -3.279231977771e-01 -1.272109878425e+00   4.417649783772e-01 -4.432561927572e-01 -3.271042991997e-01 -1.271409524839e+00
  4.417649783772e-01 -4.432561927572e-01 -3.271042991997e-01 -1.271409524839e+00   4.855005065669e-01 -4.630494374576e-01 -3.119178346506e-01 -1.258942310736e+00
  4.855005065669e-01 -4.630494374576e-01 -3.119178346506e-01 -1.258942310736e+00   5.271709351783e-01 -4.838545669984e-01 -2.966949522377e-01 -1.247350971370e+00
  5.271709351783e-01 -4.838545669984e-01 -2.966949522377e-01 -1.247350971370e+00   5.342543456708e-01 -4.876053688678e-01 -2.940424858990e-01 -1.245416446468e+00
  5.342543456708e-01 -4.876053688678e-01 -2.940424858990e-01 -1.245416446468e+00   5.423704845596e-01 -4.919854961814e-01 -2.909819330404e-01 -1.243214277057e+00
  5.423704845596e-01 -4.919854961814e-01 -2.909819330404e-01 -1.243214277057e+00   5.851905969053e-01 -5.166701606808e-01 -2.744879488902e-01 -1.231876953357e+00
  5.851905969053e-01 -5.166701606808e-01 -2.744879488902e-01 -1.231876953357e+00   6.360290667157e-01 -5.499287941694e-01 -2.542672764237e-01 -1.219126649173e+00
  6.360290667157e-01 -5.499287941694e-01 -2.542672764237e-01 -1.219126649173e+00   6.402749320626e-01 -5.529285476793e-01 -2.525528818148e-01 -1.218101056666e+00
  6.402749320626e-01 -5.529285476793e-01 -2.525528818148e-01 -1.218101056666e+00   6.433369735679e-01 -5.551150211595e-01 -2.513143760872e-01 -1.217365422604e+00
  6.433369735679e-01 -5.551150211595e-01 -2.513143760872e-01 -1.217365422604e+00   6.989429200922e-01 -5.985505038165e-01 -2.285727762510e-01 -1.204630443923e+00
  6.989429200922e-01 -5.985505038165e-01 -2.285727762510e-01 -1.204630443923e+00   7.359520820055e-01 -6.320977395216e-01 -2.132772077655e-01 -1.196878279451e+00
  7.359520820055e-01 -6.320977395216e-01 -2.132772077655e-01 -1.196878279451e+00   7.654581683822e-01 -6.622161938128e-01 -2.010836364695e-01 -1.191168301774e+00
  7.654581683822e-01 -6.622161938128e-01 -2.010836364695e-01 -1.191168301774e+00   8.167273106604e-01 -7.240937978066e-01 -1.801770831770e-01 -1.182387070338e+00
  8.167273106604e-01 -7.240937978066e-01 -1.801770831770e-01 -1.182387070338e+00   8.321923037861e-01 -7.459329789258e-01 -1.740263587100e-01 -1.180062128352e+00
  8.321923037861e-01 -7.459329789258e-01 -1.740263587100e-01 -1.180062128352e+00   8.613542592776e-01 -7.928634582094e-01 -1.628042469878e-01 -1.176157615893e+00
  8.613542592776e-01 -7.928634582094e-01 -1.628042469878e-01 -1.176157615893e+00   8.762911308647e-01 -8.208080892903e-01 -1.573467286775e-01 -1.174434077633e+00
  8.762911308647e-01 -8.208080892903e-01 -1.573467286775e-01 -1.174434077633e+00   8.801292328614e-01 -8.285501667104e-01 -1.559894855715e-01 -1.174025439714e+00
  8.801292328614e-01 -8.285501667104e-01 -1.559894855715e-01 -1.174025439714e+00   9.145945545439e-01 -9.142391058166e-01 -1.452038385787e-01 -1.171124930448e+00
  9.145945545439e-01 -9.142391058166e-01 -1.452038385787e-01 -1.171124930448e+00   9.225677353313e-01 -9.410491794335e-01 -1.433444478943e-01 -1.170707851282e+00
  9.225677353313e-01 -9.410491794335e-01 -1.433444478943e-01 -1.170707851282e+00   9.277057508376e-01 -9.610615560898e-01 -1.424028724106e-01 -1.170512348440e+00
  9.277057508376e-01 -9.610615560898e-01 -1.424028724106e-01 -1.170512348440e+00   9.434507596728e-01 -1.059406765014e+00 -1.430462955122e-01 -1.170572236992e+00
  9.434507596728e-01 -1.059406765014e+00 -1.430462955122e-01 -1.170572236992e+00   9.450584700966e-01 -1.084327419113e+00 -1.445371747113e-01 -1.170758683749e+00
  9.450584700966e-01 -1.084327419113e+00 -1.445371747113e-01 -1.170758683749e+00   9.442869857760e-01 -1.161167303113e+00 -1.523197580794e-01 -1.171457324544e+00
  9.442869857760e-01 -1.161167303113e+00 -1.523197580794e-01 -1.171457324544e+00   9.433016403623e-01 -1.174405776645e+00 -1.541313883501e-01 -1.171571458005e+00
  9.433016403623e-01 -1.174405776645e+00 -1.541313883501e-01 -1.171571458005e+00   9.426809917624e-01 -1.181406748743e+00 -1.551439672901e-01 -1.171628649593e+00
  9.426809917624e-01 -1.181406748743e+00 -1.551439672901e-01 -1.171628649593e+00   9.386982457168e-01 -1.215381340287e+00 -1.605861327975e-01 -1.171862191115e+00
  9.386982457168e-01 -1.215381340287e+00 -1.605861327975e-01 -1.171862191115e+00   9.214558703161e-01 -1.301592179354e+00 -1.782051004340e-01 -1.171907310015e+00
  9.214558703161e-01 -1.301592179354e+00 -1.782051004340e-01 -1.171907310015e+00   9.207024316245e-01 -1.304480050525e+00 -1.788870472529e-01 -1.171890014221e+00
  9.207024316245e-01 -1.304480050525e+00 -1.788870472529e-01 -1.171890014221e+00   9.156531059316e-01 -1.322816619973e+00 -1.833522245955e-01 -1.171744925942e+00
  9.156531059316e-01 -1.322816619973e+00 -1.833522245955e-01 -1.171744925942e+00   8.924893828819e-01 -1.391935175076e+00 -2.022350476286e-01 -1.170561065486e+00
  8.924893828819e-01 -1.391935175076e+00 -2.022350476286e-01 -1.170561065486e+00   8.832006927037e-01 -1.415233746486e+00 -2.093102188486e-01 -1.169895888809e+00
  8.832006927037e-01 -1.415233746486e+00 -2.093102188486e-01 -1.169895888809e+00   8.620149454146e-01 -1.462532321596e+00 -2.247333687701e-01 -1.168054762106e+00
  8.620149454146e-01 -1.462532321596e+00 -2.247333687701e-01 -1.168054762106e+00   8.315552807565e-01 -1.520768896145e+00 -2.455995578995e-01 -1.164747867662e+00
  8.315552807565e-01 -1.520768896145e+00 -2.455995578995e-01 -1.164747867662e+00   8.312497733562e-01 -1.521308888636e+00 -2.458024004716e-01 -1.164711236187e+00
  8.312497733562e-01 -1.521308888636e+00 -2.458024004716e-01 -1.164711236187e+00   8.309856343295e-01 -1.521775174158e+00 -2.459776781338e-01 -1.164679513869e+00
  8.309856343295e-01 -1.521775174158e+00 -2.459776781338e-01 -1.164679513869e+00   8.000263623750e-01 -1.572942672322e+00 -2.659595003398e-01 -1.160647477009e+00
  8.000263623750e-01 -1.572942672322e+00 -2.659595003398e-01 -1.160647477009e+00   7.710561558995e-01 -1.615720309266e+00 -2.837561061829e-01 -1.156365945919e+00
  7.710561558995e-01 -1.615720309266e+00 -2.837561061829e-01 -1.156365945919e+00   7.692658590351e-01 -1.618230749231e+00 -2.848299786670e-01 -1.156086759913e+00
  7.692658590351e-01 -1.618230749231e+00 -2.848299786670e-01 -1.156086759913e+00   7.671601129861e-01 -1.621165439107e+00 -2.860893665429e-01 -1.155756311910e+00
  7.671601129861e-01 -1.621165439107e+00 -2.860893665429e-01 -1.155756311910e+00   7.167238299344e-01 -1.686319584280e+00 -3.151213059088e-01 -1.147221515206e+00
  7.167238299344e-01 -1.686319584280e+00 -3.151213059088e-01 -1.147221515206e+00   6.954698751076e-01 -1.711260878530e+00 -3.267425022452e-01 -1.143302283408e+00
  6.954698751076e-01 -1.711260878530e+00 -3.267425022452e-01 -1.143302283408e+00   6.656006848200e-01 -1.744246090708e+00 -3.424980702723e-01 -1.137512089432e+00
  6.656006848200e-01 -1.744246090708e+00 -3.424980702723e-01 -1.137512089432e+00   6.196028479639e-01 -1.791008569329e+00 -3.654976909799e-01 -1.128027980382e+00
  6.196028479639e-01 -1.791008569329e+00 -3.654976909799e-01 -1.128027980382e+00   6.166532976147e-01 -1.793858738692e+00 -3.669215935950e-01 -1.127398780690e+00
  6.166532976147e-01 -1.793858738692e+00 -3.669215935950e-01 -1.127398780690e+00   6.124357618829e-01 -1.797905339660e+00 -3.689470928877e-01 -1.126495022310e+00
  6.124357618829e-01 -1.797905339660e+00 -3.689470928877e-01 -1.126495022310e+00   5.712864100732e-01 -1.835706842580e+00 -3.880669221946e-01 -1.117442990019e+00
  5.712864100732e-01 -1.835706842580e+00 -3.880669221946e-01 -1.117442990019e+00   5.406000966228e-01 -1.862080559154e+00 -4.015767386885e-01 -1.110447810413e+00
  5.406000966228e-01 -1.862080559154e+00 -4.015767386885e-01 -1.110447810413e+00   5.278895142034e-01 -1.872590705765e+00 -4.069876653041e-01 -1.107497728899e+00
  5.278895142034e-01 -1.872590705765e+00 -4.069876653041e-01 -1.107497728899e+00   5.142020654154e-01 -1.883652559394e+00 -4.126941032533e-01 -1.104290203982e+00
  5.142020654154e-01 -1.883652559394e+00 -4.126941032533e-01 -1.104290203982e+00   4.856065962041e-01 -1.905949360607e+00 -4.242152898623e-01 -1.097498326872e+00
  4.856065962041e-01 -1.905949360607e+00 -4.242152898623e-01 -1.097498326872e+00   4.588158507140e-01 -1.925900485843e+00 -4.345207365281e-01 -1.091041983441e+00
  4.588158507140e-01 -1.925900485843e+00 -4.345207365281e-01 -1.091041983441e+00   4.318074751679e-01 -1.945156222264e+00 -4.444344338366e-01 -1.084463351036e+00
  4.318074751679e-01 -1.945156222264e+00 -4.444344338366e-01 -1.084463351036e+00   3.764198719078e-01 -1.982168436596e+00 -4.632828785134e-01 -1.070841826581e+00
  3.764198719078e-01 -1.982168436596e+00 -4.632828785134e-01 -1.070841826581e+00   3.576977096993e-01 -1.993979016791e+00 -4.692065532603e-01 -1.066223067923e+00
  3.576977096993e-01 -1.993979016791e+00 -4.692065532603e-01 -1.066223067923e+00   2.952601384123e-01 -2.031027625611e+00 -4.873444249034e-01 -1.050893249035e+00
  2.952601384123e-01 -2.031027625611e+00 -4.873444249034e-01 -1.050893249035e+00   2.896837237083e-01 -2.034170450544e+00 -4.888442388880e-01 -1.049535700801e+00
  2.896837237083e-01 -2.034170450544e+00 -4.888442388880e-01 -1.049535700801e+00   2.761050662604e-01 -2.041714680980e+00 -4.924146346644e-01 -1.046241951456e+00
  2.761050662604e-01 -2.041714680980e+00 -4.924146346644e-01 -1.046241951456e+00   2.331935307299e-01 -2.064577785938e+00 -5.029423915946e-01 -1.035972429408e+00
  2.331935307299e-01 -2.064577785938e+00 -5.029423915946e-01 -1.035972429408e+00   2.146344734490e-01 -2.074023497003e+00 -5.071437331475e-01 -1.031612863711e+00
  2.146344734490e-01 -2.074023497003e+00 -5.071437331475e-01 -1.031612863711e+00   1.794491323771e-01 -2.091232790911e+00 -5.145348184625e-01 -1.023518744103e+00
  1.794491323771e-01 -2.091232790911e+00 -5.145348184625e-01 -1.023518744103e+00   1.336527050065e-01 -2.112325911386e+00 -5.230513390288e-01 -1.013390685198e+00
  1.336527050065e-01 -2.112325911386e+00 -5.230513390288e-01 -1.013390685198e+00   1.202758905553e-01 -2.118220178019e+00 -5.253086249960e-01 -1.010533789489e+00
  1.202758905553e-01 -2.118220178019e+00 -5.253086249960e-01 -1.010533789489e+00   5.348686032912e-02 -2.145940572435e+00 -5.350777229303e-01 -9.970871116234e-01
  5.348686032912e-02 -2.145940572435e+00 -5.350777229303e-01 -9.970871116234e-01   2.069245177144e-03 -2.165442884307e+00 -5.409754253199e-01 -9.878170577272e-01
  2.069245177144e-03 -2.165442884307e+00 -5.409754253199e-01 -9.878170577272e-01  -2.486356887545e-02 -2.175055380322e+00 -5.435373249871e-01 -9.833945963622e-01
 -2.486356887545e-02 -2.175055380322e+00 -5.435373249871e-01 -9.833945963622e-01  -8.228186719158e-02 -2.194231389367e+00 -5.478808183722e-01 -9.750785002089e-01
 -8.228186719158e-02 -2.194231389367e+00 -5.478808183722e-01 -9.750785002089e-01  -1.026773230426e-01 -2.200626638477e+00 -5.490833810025e-01 -9.725171229068e-01
 -1.026773230426e-01 -2.200626638477e+00 -5.490833810025e-01 -9.725171229068e-01  -1.543580871769e-01 -2.215894929439e+00 -5.514158721295e-01 -9.670234827187e-01
 -1.543580871769e-01 -2.215894929439e+00 -5.514158721295e-01 -9.670234827187e-01  -1.812839876925e-01 -2.223333011840e+00 -5.522648056831e-01 -9.647570200407e-01
 -1.812839876925e-01 -2.223333011840e+00 -5.522648056831e-01 -9.647570200407e-01  -2.183736798403e-01 -2.233017459659e+00 -5.530789164395e-01 -9.623374298006e-01
 -2.183736798403e-01 -2.233017459659e+00 -5.530789164395e-01 -9.623374298006e-01  -2.599347755828e-01 -2.243116790079e+00 -5.535763655761e-01 -9.606286580424e-01
 -2.599347755828e-01 -2.243116790079e+00 -5.535763655761e-01 -9.606286580424e-01  -3.215807497335e-01 -2.256675831883e+00 -5.537084134764e-01 -9.601145659591e-01
 -3.215807497335e-01 -2.256675831883e+00 -5.537084134764e-01 -9.601145659591e-01  -3.379315868429e-01 -2.259993604889e+00 -5.536575103124e-01 -9.603911456542e-01
 -3.379315868429e-01 -2.259993604889e+00 -5.536575103124e-01 -9.603911456542e-01  -3.584374080192e-01 -2.263991843232e+00 -5.535603541266e-01 -9.609848227560e-01
 -3.584374080192e-01 -2.263991843232e+00 -5.535603541266e-01 -9.609848227560e-01  -4.167626246781e-01 -2.274385602151e+00 -5.531850087836e-01 -9.641753284410e-01
 -4.167626246781e-01 -2.274385602151e+00 -5.531850087836e-01 -9.641753284410e-01  -4.857474904308e-01 -2.284830648341e+00 -5.528545209411e-01 -9.707819634386e-01
 -4.857474904308e-01 -2.284830648341e+00 -5.528545209411e-01 -9.707819634386e-01  -4.979952620941e-01 -2.286476780301e+00 -5.528400868592e-01 -9.722683078876e-01
 -4.979952620941e-01 -2.286476780301e+00 -5.528400868592e-01 -9.722683078876e-01  -5.045951360792e-01 -2.287337759098e+00 -5.528402115392e-01 -9.731075566795e-01
 -5.045951360792e-01 -2.287337759098e+00 -5.528402115392e-01 -9.731075566795e-01  -5.281975811900e-01 -2.290267453650e+00 -5.528922476131e-01 -9.763257398676e-01
 -5.281975811900e-01 -2.290267453650e+00 -5.528922476131e-01 -9.763257398676e-01  -5.698173699446e-01 -2.294862820628e+00 -5.532195618241e-01 -9.828054632436e-01
 -5.698173699446e-01 -2.294862820628e+00 -5.532195618241e-01 -9.828054632436e-01  -5.810292677578e-01 -2.295975618319e+00 -5.533678452344e-01 -9.847213808348e-01
 -5.810292677578e-01 -2.295975618319e+00 -5.533678452344e-01 -9.847213808348e-01  -6.391877424514e-01 -2.300886914376e+00 -5.546260419491e-01 -9.957606997101e-01
 -6.391877424514e-01 -2.300886914376e+00 -5.546260419491e-01 -9.957606997101e-01  -6.651702210939e-01 -2.302609192042e+00 -5.554868869676e-01 -1.001258765077e+00
 -6.651702210939e-01 -2.302609192042e+00 -5.554868869676e-01 -1.001258765077e+00  -7.274968151498e-01 -2.305526799483e+00 -5.584189638387e-01 -1.015745292700e+00
 -7.274968151498e-01 -2.305526799483e+00 -5.584189638387e-01 -1.015745292700e+00  -7.519911591653e-01 -2.306195089066e+00 -5.599353663800e-01 -1.021899439754e+00
 -7.519911591653e-01 -2.306195089066e+00 -5.599353663800e-01 -1.021899439754e+00  -8.337798056851e-01 -2.306402912935e+00 -5.666290801144e-01 -1.044074844873e+00
 -8.337798056851e-01 -2.306402912935e+00 -5.666290801144e-01 -1.044074844873e+00  -8.431624640370e-01 -2.306222297008e+00 -5.675648589948e-01 -1.046761048163e+00
 -8.431624640370e-01 -2.306222297008e+00 -5.675648589948e-01 -1.046761048163e+00  -8.912377152017e-01 -2.304613424735e+00 -5.729234939531e-01 -1.060915008949e+00
 -8.912377152017e-01 -2.304613424735e+00 -5.729234939531e-01 -1.060915008949e+00  -9.378187694340e-01 -2.301932392478e+00 -5.790323494698e-01 -1.075170479293e+00
 -9.378187694340e-01 -2.301932392478e+00 -5.790323494698e-01 -1.075170479293e+00  -9.469280044924e-01 -2.301275142199e+00 -5.803337884120e-01 -1.078011299816e+00
 -9.469280044924e-01 -2.301275142199e+00 -5.803337884120e-01 -1.078011299816e+00  -9.606891105897e-01 -2.300198003720e+00 -5.823664030192e-01 -1.082331986917e+00
 -9.606891105897e-01 -2.300198003720e+00 -5.823664030192e-01 -1.082331986917e+00  -1.005188070279e+00 -2.296006364002e+00 -5.894883662300e-01 -1.096514357414e+00
 -1.005188070279e+00 -2.296006364002e+00 -5.894883662300e-01 -1.096514357414e+00  -1.034742671469e+00 -2.292606927703e+00 -5.946814232456e-01 -1.106079827912e+00
 -1.034742671469e+00 -2.292606927703e+00 -5.946814232456e-01 -1.106079827912e+00  -1.071089082175e+00 -2.287726763803e+00 -6.015710601095e-01 -1.117960809574e+00
 -1.071089082175e+00 -2.287726763803e+00 -6.015710601095e-01 -1.117960809574e+00  -1.135103204793e+00 -2.277163637699e+00 -6.150341910915e-01 -1.139072061051e+00
 -1.135103204793e+00 -2.277163637699e+00 -6.150341910915e-01 -1.139072061051e+00  -1.144461538796e+00 -2.275399907330e+00 -6.171419078870e-01 -1.142167066575e+00
 -1.144461538796e+00 -2.275399907330e+00 -6.171419078870e-01 -1.142167066575e+00  -1.170114946605e+00 -2.270266139202e+00 -6.230985199711e-01 -1.150649901113e+00
 -1.170114946605e+00 -2.270266139202e+00 -6.230985199711e-01 -1.150649901113e+00  -1.224517904168e+00 -2.257870755857e+00 -6.365788815842e-01 -1.168579513462e+00
 -1.224517904168e+00 -2.257870755857e+00 -6.365788815842e-01 -1.168579513462e+00  -1.239895965679e+00 -2.253978630117e+00 -6.405928350558e-01 -1.173619237785e+00
 -1.239895965679e+00 -2.253978630117e+00 -6.405928350558e-01 -1.173619237785e+00  -1.279277362462e+00 -2.243188023318e+00 -6.512668114745e-01 -1.186437824666e+00
 -1.279277362462e+00 -2.243188023318e+00 -6.512668114745e-01 -1.186437824666e+00  -1.314785687177e+00 -2.232393739014e+00 -6.613617506047e-01 -1.197857758548e+00
 -1.314785687177e+00 -2.232393739014e+00 -6.613617506047e-01 -1.197857758548e+00  -1.329956612806e+00 -2.227458238612e+00 -6.658059770999e-01 -1.202688562829e+00
 -1.329956612806e+00 -2.227458238612e+00 -6.658059770999e-01 -1.202688562829e+00  -1.346773662671e+00 -2.221751609014e+00 -6.708214221354e-01 -1.208005325275e+00
 -1.346773662671e+00 -2.221751609014e+00 -6.708214221354e-01 -1.208005325275e+00  -1.383017539797e+00 -2.208573909357e+00 -6.819381716657e-01 -1.219311812776e+00
 -1.383017539797e+00 -2.208573909357e+00 -6.819381716657e-01 -1.219311812776e+00  -1.424101708101e+00 -2.192090883499e+00 -6.950216231292e-01 -1.231841853788e+00
 -1.424101708101e+00 -2.192090883499e+00 -6.950216231292e-01 -1.231841853788e+00  -1.439690004965e+00 -2.185378116623e+00 -7.001122201624e-01 -1.236506817739e+00
 -1.439690004965e+00 -2.185378116623e+00 -7.001122201624e-01 -1.236506817739e+00  -1.452641724938e+00 -2.179598564737e+00 -7.043921422161e-01 -1.240342415150e+00
 -1.452641724938e+00 -2.179598564737e+00 -7.043921422161e-01 -1.240342415150e+00  -1.500874773442e+00 -2.156357122724e+00 -7.207082573138e-01 -1.254277594768e+00
 -1.500874773442e+00 -2.156357122724e+00 -7.207082573138e-01 -1.254277594768e+00  -1.642217545167e+00 -2.069237197218e+00 -7.712363904811e-01 -1.291269237369e+00
 -5.057907404852e-01 -1.306859176263e+00  3.041724942453e-01 -4.766450689480e-01  -5.062665595871e-01 -1.306188495022e+00  3.676062786282e-01 -5.654817104628e-01
 -5.062665595871e-01 -1.306188495022e+00  3.676062786282e-01 -5.654817104628e-01  -5.066852376566e-01 -1.305480976113e+00  4.248763251630e-01 -6.616991856796e-01
 -5.066852376566e-01 -1.305480976113e+00  4.248763251630e-01 -6.616991856796e-01  -5.073332443091e-01 -1.303996260130e+00  5.158320014210e-01 -8.692746712217e-01
 -5.073332443091e-01 -1.303996260130e+00  5.158320014210e-01 -8.692746712217e-01  -5.075672806868e-01 -1.303208550975e+00  5.490779387752e-01 -9.808381672017e-01
 -5.075672806868e-01 -1.303208550975e+00  5.490779387752e-01 -9.808381672017e-01  -5.077355726983e-01 -1.302404261536e+00  5.728884207399e-01 -1.094530031425e+00
 -5.077355726983e-01 -1.302404261536e+00  5.728884207399e-01 -1.094530031425e+00  -5.078708239151e-01 -1.300790205337e+00  5.915588577598e-01 -1.318533706247e+00
 -5.078708239151e-01 -1.300790205337e+00  5.915588577598e-01 -1.318533706247e+00  -5.078387012533e-01 -1.299968936041e+00  5.870472334512e-01 -1.428952028692e+00
 -5.078387012533e-01 -1.299968936041e+00  5.870472334512e-01 -1.428952028692e+00  -5.077389076820e-01 -1.299152961261e+00  5.737489141957e-01 -1.535610148868e+00
 -5.077389076820e-01 -1.299152961261e+00  5.737489141957e-01 -1.535610148868e+00  -5.073463626968e-01 -1.297580295916e+00  5.243025850733e-01 -1.731646758940e+00
 -5.073463626968e-01 -1.297580295916e+00  5.243025850733e-01 -1.731646758940e+00  -5.070506182809e-01 -1.296812539168e+00  4.888635408473e-01 -1.822626734906e+00
 -5.070506182809e-01 -1.296812539168e+00  4.888635408473e-01 -1.822626734906e+00  -5.066921424055e-01 -1.296071671236e+00  4.473652361558e-01 -1.907516233178e+00
 -5.066921424055e-01 -1.296071671236e+00  4.473652361558e-01 -1.907516233178e+00  -5.058104977949e-01 -1.294708881512e+00  3.501745591618e-01 -2.056562003601e+00
 -5.058104977949e-01 -1.294708881512e+00  3.501745591618e-01 -2.056562003601e+00  -5.052809329992e-01 -1.294077654119e+00  2.942281271096e-01 -2.122690166076e+00
 -5.052809329992e-01 -1.294077654119e+00  2.942281271096e-01 -2.122690166076e+00  -5.047003683326e-01 -1.293492578043e+00  2.344278569699e-01 -2.182483889630e+00
 -5.047003683326e-01 -1.293492578043e+00  2.344278569699e-01 -2.182483889630e+00  -5.034213031058e-01 -1.292489723240e+00  1.067324499008e-01 -2.281982679885e+00
 -5.034213031058e-01 -1.292489723240e+00  1.067324499008e-01 -2.281982679885e+00  -5.027139131110e-01 -1.292065283289e+00  3.775636809983e-02 -2.323122488324e+00
 -5.027139131110e-01 -1.292065283289e+00  3.775636809983e-02 -2.323122488324e+00  -5.019732986519e-01 -1.291701532152e+00 -3.366961153339e-02 -2.358023728892e+00
 -5.019732986519e-01 -1.291701532152e+00 -3.366961153339e-02 -2.358023728892e+00  -5.004353913351e-01 -1.291171719944e+00 -1.807133294733e-01 -2.408518838210e+00
 -5.004353913351e-01 -1.291171719944e+00 -1.807133294733e-01 -2.408518838210e+00  -4.996276665409e-01 -1.291002123127e+00 -2.578828977211e-01 -2.424720551274e+00
 -4.996276665409e-01 -1.291002123127e+00 -2.578828977211e-01 -2.424720551274e+00  -4.988085889805e-01 -1.290900864774e+00 -3.365082268699e-01 -2.434493323653e+00
 -4.988085889805e-01 -1.290900864774e+00 -3.365082268699e-01 -2.434493323653e+00  -4.971821637423e-01 -1.290903641974e+00 -4.949545476144e-01 -2.434435187766e+00
 -4.971821637423e-01 -1.290903641974e+00 -4.949545476144e-01 -2.434435187766e+00  -4.963637644061e-01 -1.291007557034e+00 -5.764753772810e-01 -2.424282656514e+00
 -4.963637644061e-01 -1.291007557034e+00 -5.764753772810e-01 -2.424282656514e+00  -4.955571081666e-01 -1.291179501672e+00 -6.584336920140e-01 -2.407055683440e+00
 -4.955571081666e-01 -1.291179501672e+00 -6.584336920140e-01 -2.407055683440e+00  -4.940220650060e-01 -1.291712582117e+00 -8.201009030381e-01 -2.351417373093e+00
 -4.940220650060e-01 -1.291712582117e+00 -8.201009030381e-01 -2.351417373093e+00  -4.932830349768e-01 -1.292077153616e+00 -9.012668583282e-01 -2.311738174383e+00
 -4.932830349768e-01 -1.292077153616e+00 -9.012668583282e-01 -2.311738174383e+00  -4.925771349408e-01 -1.292501821264e+00 -9.812619525239e-01 -2.264008694856e+00
 -4.925771349408e-01 -1.292501821264e+00 -9.812619525239e-01 -2.264008694856e+00  -4.913002375617e-01 -1.293503542208e+00 -1.133242390601e+00 -2.145481518437e+00
 -4.913002375617e-01 -1.293503542208e+00 -1.133242390601e+00 -2.145481518437e+00  -4.907201852732e-01 -1.294087406660e+00 -1.205867383558e+00 -2.072855595885e+00
 -4.907201852732e-01 -1.294087406660e+00 -1.205867383558e+00 -2.072855595885e+00  -4.901906593118e-01 -1.294717147735e+00 -1.274355658052e+00 -1.991900507217e+00
 -4.901906593118e-01 -1.294717147735e+00 -1.274355658052e+00 -1.991900507217e+00  -4.893076858037e-01 -1.296076713166e+00 -1.393418994061e+00 -1.809369654124e+00
 -4.893076858037e-01 -1.296076713166e+00 -1.393418994061e+00 -1.809369654124e+00  -4.889478993567e-01 -1.296816045420e+00 -1.443592472915e+00 -1.706773863806e+00
 -4.889478993567e-01 -1.296816045420e+00 -1.443592472915e+00 -1.706773863806e+00  -4.886505103243e-01 -1.297582471436e+00 -1.485627078292e+00 -1.598930236408e+00
 -4.886505103243e-01 -1.297582471436e+00 -1.485627078292e+00 -1.598930236408e+00  -4.882540965153e-01 -1.299153376551e+00 -1.541906505408e+00 -1.376739366667e+00
 -4.882540965153e-01 -1.299153376551e+00 -1.541906505408e+00 -1.376739366667e+00  -4.881522063001e-01 -1.299968967807e+00 -1.556177980996e+00 -1.262611529361e+00
 -4.881522063001e-01 -1.299968967807e+00 -1.556177980996e+00 -1.262611529361e+00  -4.881180068976e-01 -1.300790206300e+00 -1.560836729961e+00 -1.149645509888e+00
 -4.881180068976e-01 -1.300790206300e+00 -1.560836729961e+00 -1.149645509888e+00  -4.882494930266e-01 -1.302405169200e+00 -1.543264115009e+00 -9.355273158771e-01
 -4.882494930266e-01 -1.302405169200e+00 -1.543264115009e+00 -9.355273158771e-01  -4.884161652107e-01 -1.303210343441e+00 -1.521926846952e+00 -8.334811625078e-01
 -4.884161652107e-01 -1.303210343441e+00 -1.521926846952e+00 -8.334811625078e-01  -4.886488488267e-01 -1.303999159877e+00 -1.493138039047e+00 -7.367790467724e-01
 -4.886488488267e-01 -1.303999159877e+00 -1.493138039047e+00 -7.367790467724e-01  -4.892951492698e-01 -1.305486454670e+00 -1.417245565237e+00 -5.633116566571e-01
 -4.892951492698e-01 -1.305486454670e+00 -1.417245565237e+00 -5.633116566571e-01  -4.897135160197e-01 -1.306195321421e+00 -1.370399245303e+00 -4.845909702137e-01
 -4.897135160197e-01 -1.306195321421e+00 -1.370399245303e+00 -4.845909702137e-01  -4.901894141871e-01 -1.306867256659e+00 -1.318712198114e+00 -4.122004647802e-01
 -4.901894141871e-01 -1.306867256659e+00 -1.318712198114e+00 -4.122004647802e-01  -4.912842232874e-01 -1.308066399470e+00 -1.204543260584e+00 -2.879997827687e-01
 -4.912842232874e-01 -1.308066399470e+00 -1.204543260584e+00 -2.879997827687e-01  -4.919109425502e-01 -1.308601720574e+00 -1.141349009252e+00 -2.344242419695e-01
 -4.919109425502e-01 -1.308601720574e+00 -1.141349009252e+00 -2.344242419695e-01  -4.925803630998e-01 -1.309083013959e+00 -1.075081026372e+00 -1.871213218665e-01
 -4.925803630998e-01 -1.309083013959e+00 -1.075081026372e+00 -1.871213218665e-01  -4.940078804399e-01 -1.309860860050e+00 -9.365957378720e-01 -1.121192369877e-01
 -4.940078804399e-01 -1.309860860050e+00 -9.365957378720e-01 -1.121192369877e-01  -4.947758139286e-01 -1.310162518791e+00 -8.630202073021e-01 -8.338080460495e-02
 -4.947758139286e-01 -1.310162518791e+00 -8.630202073021e-01 -8.338080460495e-02  -4.955664434153e-01 -1.310398756957e+00 -7.875167228598e-01 -6.092422512617e-02
 -4.955664434153e-01 -1.310398756957e+00 -7.875167228598e-01 -6.092422512617e-02  -4.971707441292e-01 -1.310666717215e+00 -6.338500218400e-01 -3.530343290746e-02
 -4.971707441292e-01 -1.310666717215e+00 -6.338500218400e-01 -3.530343290746e-02  -4.979952620941e-01 -1.310700228258e+00 -5.540201246032e-01 -3.198693137886e-02
 -4.979952620941e-01 -1.310700228258e+00 -5.540201246032e-01 -3.198693137886e-02  -4.988195911512e-01 -1.310664453090e+00 -4.732108804781e-01 -3.536349223884e-02
 -4.988195911512e-01 -1.310664453090e+00 -4.732108804781e-01 -3.536349223884e-02  -5.004224887913e-01 -1.310392455300e+00 -3.119646649618e-01 -6.236655299134e-02
 -5.004224887913e-01 -1.310392455300e+00 -3.119646649618e-01 -6.236655299134e-02  -5.012119852310e-01 -1.310154581053e+00 -2.298896489029e-01 -8.679712164052e-02
 -5.012119852310e-01 -1.310154581053e+00 -2.298896489029e-01 -8.679712164052e-02  -5.019786038354e-01 -1.309851664202e+00 -1.480614065230e-01 -1.187782007254e-01
 -5.019786038354e-01 -1.309851664202e+00 -1.480614065230e-01 -1.187782007254e-01  -5.034033685472e-01 -1.309072604271e+00  1.090067594784e-02 -2.049900421033e-01
 -5.034033685472e-01 -1.309072604271e+00  1.090067594784e-02 -2.049900421033e-01  -5.040715119517e-01 -1.308591352641e+00  8.916221148086e-02 -2.608700465431e-01
 -5.040715119517e-01 -1.308591352641e+00  8.916221148086e-02 -2.608700465431e-01  -5.046971591970e-01 -1.308056480264e+00  1.649800516536e-01 -3.251610808692e-01
 -5.046971591970e-01 -1.308056480264e+00  1.649800516536e-01 -3.251610808692e-01  -5.057907404852e-01 -1.306859176263e+00  3.041724942453e-01 -4.766450689480e-01
