LENS PARMS:
   alpha 2.086805e-01 2.104428e-01 -1.067919e-01 5.466066e-01 2.426760e+01 2.397602e-01 -4.430349e+01 0.0 0.0 1.000000e+00
SOURCE PARMS:
   ptsrc 3.382459e+00 2.558873e-01 -9.953453e-02 0.0 0.0 0.0 0.0 0.0
CHISQ: 8.038241e-01 9.259001e-02 7.112341e-01 0.000000e+00 1.665999e-10 0.000000e+00 0.000000e+00 0.000000e+00 0.000000e+00 # tot pos flux tdel gal plim crv ring weak

Source #1
  posn:  2.558873e-01 -9.953453e-02
  flux:  3.382459e+00
     h:  7.000000e-01
tscale:  1.000000e+00
images:
   0.0000   0.0000 (1.0e-06)  18.9000 ( 4.00e+00)   0.00 (0.0e+00) ->  -0.0000  -0.0000  19.1673   0.0325
   0.0980   0.0940 (1.0e-02)  11.0376 ( 3.00e+00)   0.00 (0.0e+00) ->   0.0986   0.0953  12.1119   0.0339
   0.5200  -0.1720 (1.0e-02)   9.8280 ( 2.00e+00)   0.00 (0.0e+00) ->   0.5206  -0.1729   8.3902   0.0000
   0.1080  -0.2500 (1.0e-02)   9.5634 ( 2.00e+00)   0.00 (0.0e+00) ->   0.1104  -0.2499  10.0603   0.0377


