LENS PARMS:
   alpha 2.006679e-01 4.897456e-01 5.199988e-01 8.993801e-01 2.989035e+01 4.610746e-01 1.184861e+01 0.0 0.0 1.000000e+00
SOURCE PARMS:
   ptsrc 2.784536e+00 3.110933e-01 2.258889e-01 0.0 0.0 0.0 0.0 0.0
CHISQ: 4.004071e+03 4.004071e+03 7.882979e-06 0.000000e+00 2.931901e-12 0.000000e+00 0.000000e+00 0.000000e+00 0.000000e+00 # tot pos flux tdel gal plim crv ring weak

Source #1
  posn:  3.110933e-01  2.258889e-01
  flux:  2.784536e+00
     h:  7.000000e-01
tscale:  1.000000e+00
images:
   0.8100   0.3400 (6.0e-03)   8.4600 ( 1.00e+03)   0.00 (0.0e+00) ->   0.8133   0.4120   9.1683   0.0000
   0.9100   0.4150 (6.0e-03)   8.5600 ( 1.00e+03)   0.00 (0.0e+00) ->   0.8080   0.4137   9.4199   0.0000
   0.4900   0.5200 (6.0e-03)   0.0100 ( 1.00e+03)   0.00 (0.0e+00) ->   0.4889   0.5204   0.0007   0.0615
   0.9600   0.8250 (6.0e-03)   8.2400 ( 1.00e+03)   0.00 (0.0e+00) ->   0.8596   0.4808   5.6628   0.0028


