#
# Columns: x1 y1 u1 v1 x2 y2 u2 v2
#
# To plot the image plane curves, connect each (x1,y1)
# to the (x2,y2) on the same line -- do *not* connect
# consecutive lines!
#
# To plot the source plane curves, do the same for
# (u1,v1) and (u2,v2).
#
  1.757989477940e-01  5.082557047820e-01  3.987448096277e-01  6.715487404382e-01   1.785777455461e-01  5.072199021127e-01  4.012371768028e-01  6.720214176550e-01
  1.785777455461e-01  5.072199021127e-01  4.012371768028e-01  6.720214176550e-01   1.852338990843e-01  5.047577668194e-01  4.071743501145e-01  6.731942855422e-01
  1.852338990843e-01  5.047577668194e-01  4.071743501145e-01  6.731942855422e-01   1.900998430367e-01  5.029745038037e-01  4.114842912830e-01  6.740882960468e-01
  1.900998430367e-01  5.029745038037e-01  4.114842912830e-01  6.740882960468e-01   1.945703222513e-01  5.013483910081e-01  4.154204238166e-01  6.749371371757e-01
  1.945703222513e-01  5.013483910081e-01  4.154204238166e-01  6.749371371757e-01   2.016003078997e-01  4.988145308097e-01  4.215626426154e-01  6.763256853347e-01
  2.016003078997e-01  4.988145308097e-01  4.215626426154e-01  6.763256853347e-01   2.038014313176e-01  4.980269345547e-01  4.234734484334e-01  6.767740415992e-01
  2.038014313176e-01  4.980269345547e-01  4.234734484334e-01  6.767740415992e-01   2.123160022653e-01  4.950057942389e-01  4.308069545645e-01  6.785699788526e-01
  2.123160022653e-01  4.950057942389e-01  4.308069545645e-01  6.785699788526e-01   2.130799767250e-01  4.947366795110e-01  4.314603130347e-01  6.787359279152e-01
  2.130799767250e-01  4.947366795110e-01  4.314603130347e-01  6.787359279152e-01   2.133561845159e-01  4.946394623327e-01  4.316963357320e-01  6.787961208821e-01
  2.133561845159e-01  4.946394623327e-01  4.316963357320e-01  6.787961208821e-01   2.245396060729e-01  4.907379623190e-01  4.411638289873e-01  6.813209524369e-01
  2.245396060729e-01  4.907379623190e-01  4.411638289873e-01  6.813209524369e-01   2.291114870600e-01  4.891622519711e-01  4.449821168490e-01  6.824026615441e-01
  2.291114870600e-01  4.891622519711e-01  4.449821168490e-01  6.824026615441e-01   2.359798867356e-01  4.868156513569e-01  4.506580342437e-01  6.840820876710e-01
  2.359798867356e-01  4.868156513569e-01  4.506580342437e-01  6.840820876710e-01   2.451550279449e-01  4.837189427357e-01  4.581207009843e-01  6.864277095779e-01
  2.451550279449e-01  4.837189427357e-01  4.581207009843e-01  6.864277095779e-01   2.474014436195e-01  4.829672789255e-01  4.599259585046e-01  6.870198326807e-01
  2.474014436195e-01  4.829672789255e-01  4.599259585046e-01  6.870198326807e-01   2.526596509317e-01  4.812177660846e-01  4.641163366268e-01  6.884332194681e-01
  2.526596509317e-01  4.812177660846e-01  4.641163366268e-01  6.884332194681e-01   2.588048555517e-01  4.791905592876e-01  4.689486834295e-01  6.901335725048e-01
  2.588048555517e-01  4.791905592876e-01  4.689486834295e-01  6.901335725048e-01   2.618479302047e-01  4.781935788565e-01  4.713147013157e-01  6.909948736027e-01
  2.618479302047e-01  4.781935788565e-01  4.713147013157e-01  6.909948736027e-01   2.701906499204e-01  4.754834098347e-01  4.777052223730e-01  6.934212309073e-01
  2.701906499204e-01  4.754834098347e-01  4.777052223730e-01  6.934212309073e-01   2.792869899174e-01  4.725664802259e-01  4.845033640853e-01  6.961740139863e-01
  2.792869899174e-01  4.725664802259e-01  4.845033640853e-01  6.961740139863e-01   2.815593077563e-01  4.718439310197e-01  4.861724231166e-01  6.968788480088e-01
  2.815593077563e-01  4.718439310197e-01  4.861724231166e-01  6.968788480088e-01   2.855494339782e-01  4.705810160613e-01  4.890738371514e-01  6.981328462530e-01
  2.855494339782e-01  4.705810160613e-01  4.890738371514e-01  6.981328462530e-01   2.921159922541e-01  4.685187661294e-01  4.937642089644e-01  7.002410511681e-01
  2.921159922541e-01  4.685187661294e-01  4.937642089644e-01  7.002410511681e-01   2.954160896401e-01  4.674898733727e-01  4.960802010786e-01  7.013209847125e-01
  2.954160896401e-01  4.674898733727e-01  4.960802010786e-01  7.013209847125e-01   3.020062993305e-01  4.654500962302e-01  5.006189476350e-01  7.035171632566e-01
  3.020062993305e-01  4.654500962302e-01  5.006189476350e-01  7.035171632566e-01   3.105555762411e-01  4.628332529179e-01  5.063270327851e-01  7.064412444781e-01
  3.105555762411e-01  4.628332529179e-01  5.063270327851e-01  7.064412444781e-01   3.115962808698e-01  4.625169417277e-01  5.070074034951e-01  7.068027034579e-01
  3.115962808698e-01  4.625169417277e-01  5.070074034951e-01  7.068027034579e-01   3.133169312633e-01  4.619950275561e-01  5.081251986282e-01  7.074028417810e-01
  3.133169312633e-01  4.619950275561e-01  5.081251986282e-01  7.074028417810e-01   3.211256054600e-01  4.596429694143e-01  5.130837647973e-01  7.101641372623e-01
  3.211256054600e-01  4.596429694143e-01  5.130837647973e-01  7.101641372623e-01   3.256120093999e-01  4.583037552200e-01  5.158449139779e-01  7.117767337455e-01
  3.256120093999e-01  4.583037552200e-01  5.158449139779e-01  7.117767337455e-01   3.303974217005e-01  4.568849688216e-01  5.187164381209e-01  7.135157753206e-01
  3.303974217005e-01  4.568849688216e-01  5.187164381209e-01  7.135157753206e-01   3.375346312948e-01  4.547873554916e-01  5.228521942592e-01  7.161415343560e-01
  3.375346312948e-01  4.547873554916e-01  5.228521942592e-01  7.161415343560e-01   3.405885794091e-01  4.538964971724e-01  5.245661559239e-01  7.172751936886e-01
  3.405885794091e-01  4.538964971724e-01  5.245661559239e-01  7.172751936886e-01   3.476254324038e-01  4.518589487248e-01  5.283833039755e-01  7.199057108105e-01
  3.476254324038e-01  4.518589487248e-01  5.283833039755e-01  7.199057108105e-01   3.554881716949e-01  4.496070623019e-01  5.324218090449e-01  7.228660239875e-01
  3.554881716949e-01  4.496070623019e-01  5.324218090449e-01  7.228660239875e-01   3.587474159503e-01  4.486812298010e-01  5.340230522573e-01  7.240964486768e-01
  3.587474159503e-01  4.486812298010e-01  5.340230522573e-01  7.240964486768e-01   3.703134129522e-01  4.454314301524e-01  5.393460173138e-01  7.284569628917e-01
  3.703134129522e-01  4.454314301524e-01  5.393460173138e-01  7.284569628917e-01   3.774196225721e-01  4.434621025071e-01  5.423280111284e-01  7.311132794440e-01
  3.774196225721e-01  4.434621025071e-01  5.423280111284e-01  7.311132794440e-01   3.828946945658e-01  4.419588812150e-01  5.444704400339e-01  7.331364380861e-01
  3.828946945658e-01  4.419588812150e-01  5.444704400339e-01  7.331364380861e-01   3.905982457869e-01  4.398643939447e-01  5.472508746758e-01  7.359325021145e-01
  3.905982457869e-01  4.398643939447e-01  5.472508746758e-01  7.359325021145e-01   3.929309472995e-01  4.392348836738e-01  5.480380746843e-01  7.367644821288e-01
  3.929309472995e-01  4.392348836738e-01  5.480380746843e-01  7.367644821288e-01   3.943726081232e-01  4.388469245617e-01  5.485117530430e-01  7.372747023284e-01
  3.943726081232e-01  4.388469245617e-01  5.485117530430e-01  7.372747023284e-01   4.028514899962e-01  4.365820134688e-01  5.510981610536e-01  7.402047355654e-01
  4.028514899962e-01  4.365820134688e-01  5.510981610536e-01  7.402047355654e-01   4.102110411235e-01  4.346392503894e-01  5.530658464369e-01  7.426305668610e-01
  4.102110411235e-01  4.346392503894e-01  5.530658464369e-01  7.426305668610e-01   4.156152682234e-01  4.332262446517e-01  5.543472571909e-01  7.443277301527e-01
  4.156152682234e-01  4.332262446517e-01  5.543472571909e-01  7.443277301527e-01   4.250148159675e-01  4.307958293467e-01  5.562514264992e-01  7.470776313873e-01
  4.250148159675e-01  4.307958293467e-01  5.562514264992e-01  7.470776313873e-01   4.370410292578e-01  4.277362116175e-01  5.581094882951e-01  7.501483834077e-01
  4.370410292578e-01  4.277362116175e-01  5.581094882951e-01  7.501483834077e-01   4.388607709423e-01  4.272780977659e-01  5.583368776328e-01  7.505630552348e-01
  4.388607709423e-01  4.272780977659e-01  5.583368776328e-01  7.505630552348e-01   4.395392755220e-01  4.271076114826e-01  5.584181919621e-01  7.507140504942e-01
  4.395392755220e-01  4.271076114826e-01  5.584181919621e-01  7.507140504942e-01   4.450349914658e-01  4.257332062350e-01  5.590092734010e-01  7.518619097230e-01
  4.450349914658e-01  4.257332062350e-01  5.590092734010e-01  7.518619097230e-01   4.514576708523e-01  4.241415733947e-01  5.595551799216e-01  7.530244167932e-01
  4.514576708523e-01  4.241415733947e-01  5.595551799216e-01  7.530244167932e-01   4.521706400608e-01  4.239658561289e-01  5.596066948565e-01  7.531409675594e-01
  4.521706400608e-01  4.239658561289e-01  5.596066948565e-01  7.531409675594e-01   4.632509901633e-01  4.212597402936e-01  5.601967874337e-01  7.546108900938e-01
  4.632509901633e-01  4.212597402936e-01  5.601967874337e-01  7.546108900938e-01   4.653081051419e-01  4.207624381415e-01  5.602667349202e-01  7.548102749354e-01
  4.653081051419e-01  4.207624381415e-01  5.602667349202e-01  7.548102749354e-01   4.679160705626e-01  4.201342585799e-01  5.603397216072e-01  7.550286147033e-01
  4.679160705626e-01  4.201342585799e-01  5.603397216072e-01  7.550286147033e-01   4.782610330429e-01  4.176676276003e-01  5.604806755190e-01  7.555040450585e-01
  4.782610330429e-01  4.176676276003e-01  5.604806755190e-01  7.555040450585e-01   4.826384250829e-01  4.166359642662e-01  5.604829140609e-01  7.555122453512e-01
  4.826384250829e-01  4.166359642662e-01  5.604829140609e-01  7.555122453512e-01   4.910186233713e-01  4.146809068071e-01  5.604241994468e-01  7.552003663548e-01
  4.910186233713e-01  4.146809068071e-01  5.604241994468e-01  7.552003663548e-01   5.013286225497e-01  4.123116273333e-01  5.602975165419e-01  7.542220840076e-01
  5.013286225497e-01  4.123116273333e-01  5.602975165419e-01  7.542220840076e-01   5.039178773374e-01  4.117228432843e-01  5.602656449775e-01  7.538738070475e-01
  5.039178773374e-01  4.117228432843e-01  5.602656449775e-01  7.538738070475e-01   5.106509592463e-01  4.102035012946e-01  5.601984604521e-01  7.527782216523e-01
  5.106509592463e-01  4.102035012946e-01  5.601984604521e-01  7.527782216523e-01   5.173107448019e-01  4.087173803981e-01  5.601717277608e-01  7.514300726819e-01
  5.173107448019e-01  4.087173803981e-01  5.601717277608e-01  7.514300726819e-01   5.262255225316e-01  4.067540773524e-01  5.602332321123e-01  7.492292432652e-01
  5.262255225316e-01  4.067540773524e-01  5.602332321123e-01  7.492292432652e-01   5.312086623815e-01  4.056696444639e-01  5.603310219382e-01  7.478102088105e-01
  5.312086623815e-01  4.056696444639e-01  5.603310219382e-01  7.478102088105e-01   5.370891997484e-01  4.044019454623e-01  5.605167543784e-01  7.459704299458e-01
  5.370891997484e-01  4.044019454623e-01  5.605167543784e-01  7.459704299458e-01   5.456211697687e-01  4.025858768113e-01  5.609409916390e-01  7.430019333380e-01
  5.456211697687e-01  4.025858768113e-01  5.609409916390e-01  7.430019333380e-01   5.504140436205e-01  4.015777828809e-01  5.612683174273e-01  7.411892009514e-01
  5.504140436205e-01  4.015777828809e-01  5.612683174273e-01  7.411892009514e-01   5.609787957608e-01  3.993865183826e-01  5.622380814762e-01  7.368582972888e-01
  5.609787957608e-01  3.993865183826e-01  5.622380814762e-01  7.368582972888e-01   5.699174437643e-01  3.975658058752e-01  5.633435523160e-01  7.328711498876e-01
  5.699174437643e-01  3.975658058752e-01  5.633435523160e-01  7.328711498876e-01   5.778206806087e-01  3.959815310595e-01  5.645496049194e-01  7.291311127475e-01
  5.778206806087e-01  3.959815310595e-01  5.645496049194e-01  7.291311127475e-01   5.833380420977e-01  3.948897905304e-01  5.655218258282e-01  7.264146463841e-01
  5.833380420977e-01  3.948897905304e-01  5.655218258282e-01  7.264146463841e-01   5.896923452365e-01  3.936470353934e-01  5.667756474251e-01  7.231907048156e-01
  5.896923452365e-01  3.936470353934e-01  5.667756474251e-01  7.231907048156e-01   5.930003123727e-01  3.930062738310e-01  5.674853507727e-01  7.214756942275e-01
  5.930003123727e-01  3.930062738310e-01  5.674853507727e-01  7.214756942275e-01   5.963337657567e-01  3.923648823890e-01  5.682399477827e-01  7.197242139017e-01
  5.963337657567e-01  3.923648823890e-01  5.682399477827e-01  7.197242139017e-01   6.028577069247e-01  3.911221527299e-01  5.698308186707e-01  7.162348334045e-01
  6.028577069247e-01  3.911221527299e-01  5.698308186707e-01  7.162348334045e-01   6.097538384107e-01  3.898266519671e-01  5.716750795453e-01  7.124682965634e-01
  6.097538384107e-01  3.898266519671e-01  5.716750795453e-01  7.124682965634e-01   6.130862322049e-01  3.892073314752e-01  5.726254365435e-01  7.106230903549e-01
  6.130862322049e-01  3.892073314752e-01  5.726254365435e-01  7.106230903549e-01   6.167270576953e-01  3.885356965913e-01  5.737072609890e-01  7.085905103534e-01
  6.167270576953e-01  3.885356965913e-01  5.737072609890e-01  7.085905103534e-01   6.254915025270e-01  3.869404181887e-01  5.764946399014e-01  7.036360865344e-01
  6.254915025270e-01  3.869404181887e-01  5.764946399014e-01  7.036360865344e-01   6.376540218624e-01  3.847773515581e-01  5.807781947554e-01  6.966488697393e-01
  6.376540218624e-01  3.847773515581e-01  5.807781947554e-01  6.966488697393e-01   6.389165935125e-01  3.845562050797e-01  5.812496651183e-01  6.959178427731e-01
  6.389165935125e-01  3.845562050797e-01  5.812496651183e-01  6.959178427731e-01   6.398899684077e-01  3.843861511283e-01  5.816165083678e-01  6.953536635513e-01
  6.398899684077e-01  3.843861511283e-01  5.816165083678e-01  6.953536635513e-01   6.524182557749e-01  3.822315897878e-01  5.865933238674e-01  6.880554370254e-01
  6.524182557749e-01  3.822315897878e-01  5.865933238674e-01  6.880554370254e-01   6.649694049344e-01  3.801372652285e-01  5.920327994169e-01  6.807042649038e-01
  6.649694049344e-01  3.801372652285e-01  5.920327994169e-01  6.807042649038e-01   6.659988007628e-01  3.799683713856e-01  5.924981098972e-01  6.801007340447e-01
  6.659988007628e-01  3.799683713856e-01  5.924981098972e-01  6.801007340447e-01   6.671031495457e-01  3.797876669392e-01  5.930004437760e-01  6.794532513058e-01
  6.671031495457e-01  3.797876669392e-01  5.930004437760e-01  6.794532513058e-01   6.756704811081e-01  3.784029812460e-01  5.970056603171e-01  6.744321867778e-01
  6.756704811081e-01  3.784029812460e-01  5.970056603171e-01  6.744321867778e-01   6.796607523978e-01  3.777685143201e-01  5.989347600377e-01  6.720964379833e-01
  6.796607523978e-01  3.777685143201e-01  5.989347600377e-01  6.720964379833e-01   6.852401319975e-01  3.768925745937e-01  6.016974679899e-01  6.688356101342e-01
  6.852401319975e-01  3.768925745937e-01  6.016974679899e-01  6.688356101342e-01   6.934068903664e-01  3.756341821082e-01  6.058737460461e-01  6.640772646080e-01
  6.934068903664e-01  3.756341821082e-01  6.058737460461e-01  6.640772646080e-01   6.950513432928e-01  3.753842263554e-01  6.067330954314e-01  6.631216735036e-01
  6.950513432928e-01  3.753842263554e-01  6.067330954314e-01  6.631216735036e-01   6.993317698416e-01  3.747390352366e-01  6.089980239264e-01  6.606389012159e-01
  6.993317698416e-01  3.747390352366e-01  6.089980239264e-01  6.606389012159e-01   7.049723232153e-01  3.739008760700e-01  6.120430911273e-01  6.573782820585e-01
  7.049723232153e-01  3.739008760700e-01  6.120430911273e-01  6.573782820585e-01   7.072402716495e-01  3.735677540937e-01  6.132863148206e-01  6.560711056831e-01
  7.072402716495e-01  3.735677540937e-01  6.132863148206e-01  6.560711056831e-01   7.150351364762e-01  3.724399277750e-01  6.176389599338e-01  6.515967615734e-01
  7.150351364762e-01  3.724399277750e-01  6.176389599338e-01  6.515967615734e-01   7.211642827520e-01  3.715718660990e-01  6.211451822759e-01  6.481001115105e-01
  7.211642827520e-01  3.715718660990e-01  6.211451822759e-01  6.481001115105e-01   7.253199050513e-01  3.709927943032e-01  6.235627110802e-01  6.457409289829e-01
  7.253199050513e-01  3.709927943032e-01  6.235627110802e-01  6.457409289829e-01   7.351826727422e-01  3.696494361411e-01  6.294249697365e-01  6.401816579910e-01
  7.351826727422e-01  3.696494361411e-01  6.294249697365e-01  6.401816579910e-01   7.358154295896e-01  3.695647522287e-01  6.298068618335e-01  6.398269905624e-01
  7.358154295896e-01  3.695647522287e-01  6.298068618335e-01  6.398269905624e-01   7.377567917038e-01  3.693060703425e-01  6.309827843880e-01  6.387403799018e-01
  7.377567917038e-01  3.693060703425e-01  6.309827843880e-01  6.387403799018e-01   7.468639401589e-01  3.681156086153e-01  6.365823328510e-01  6.336748238975e-01
  7.468639401589e-01  3.681156086153e-01  6.365823328510e-01  6.336748238975e-01   7.499211107549e-01  3.677245744921e-01  6.384918217563e-01  6.319864557284e-01
  7.499211107549e-01  3.677245744921e-01  6.384918217563e-01  6.319864557284e-01   7.580409499702e-01  3.667072068373e-01  6.436328785297e-01  6.275325914838e-01
  7.580409499702e-01  3.667072068373e-01  6.436328785297e-01  6.275325914838e-01   7.646384876660e-01  3.659035232467e-01  6.478815205582e-01  6.239470553342e-01
  7.646384876660e-01  3.659035232467e-01  6.478815205582e-01  6.239470553342e-01   7.692538223761e-01  3.653536968466e-01  6.508901279550e-01  6.214569234344e-01
  7.692538223761e-01  3.653536968466e-01  6.508901279550e-01  6.214569234344e-01   7.791965822168e-01  3.642043574499e-01  6.574688076635e-01  6.161441691141e-01
  7.791965822168e-01  3.642043574499e-01  6.574688076635e-01  6.161441691141e-01   7.805037267046e-01  3.640568684332e-01  6.583432244759e-01  6.154510335897e-01
  7.805037267046e-01  3.640568684332e-01  6.583432244759e-01  6.154510335897e-01   7.851335539797e-01  3.635412974607e-01  6.614575636503e-01  6.130060268104e-01
  7.851335539797e-01  3.635412974607e-01  6.614575636503e-01  6.130060268104e-01   7.917919355133e-01  3.628186693913e-01  6.659822042453e-01  6.095173729697e-01
  7.917919355133e-01  3.628186693913e-01  6.659822042453e-01  6.095173729697e-01   7.934896715696e-01  3.626380073489e-01  6.671442749602e-01  6.086330926485e-01
  7.934896715696e-01  3.626380073489e-01  6.671442749602e-01  6.086330926485e-01   8.031198420983e-01  3.616412323195e-01  6.737979580190e-01  6.036577612083e-01
  8.031198420983e-01  3.616412323195e-01  6.737979580190e-01  6.036577612083e-01   8.075993962404e-01  3.611939920377e-01  6.769276685161e-01  6.013670903374e-01
  8.075993962404e-01  3.611939920377e-01  6.769276685161e-01  6.013670903374e-01   8.144889566395e-01  3.605268687200e-01  6.817821935010e-01  5.978734960322e-01
  8.144889566395e-01  3.605268687200e-01  6.817821935010e-01  5.978734960322e-01   8.216397153963e-01  3.598614203218e-01  6.868712591203e-01  5.942853172933e-01
  8.216397153963e-01  3.598614203218e-01  6.868712591203e-01  5.942853172933e-01   8.259009592498e-01  3.594781501973e-01  6.899273938473e-01  5.921654486694e-01
  8.259009592498e-01  3.594781501973e-01  6.899273938473e-01  5.921654486694e-01   8.356264568076e-01  3.586412613673e-01  6.969651635971e-01  5.873787157778e-01
  8.356264568076e-01  3.586412613673e-01  6.969651635971e-01  5.873787157778e-01   8.373576880553e-01  3.584978902125e-01  6.982267844902e-01  5.865341400586e-01
  8.373576880553e-01  3.584978902125e-01  6.982267844902e-01  5.865341400586e-01   8.454608843440e-01  3.578497661826e-01  7.041659042216e-01  5.826111801548e-01
  8.454608843440e-01  3.578497661826e-01  7.041659042216e-01  5.826111801548e-01   8.483590197682e-01  3.576272571092e-01  7.063032684146e-01  5.812201805786e-01
  8.483590197682e-01  3.576272571092e-01  7.063032684146e-01  5.812201805786e-01   8.488611800532e-01  3.575892066223e-01  7.066742997424e-01  5.809798074178e-01
  8.488611800532e-01  3.575892066223e-01  7.066742997424e-01  5.809798074178e-01   8.582369865352e-01  3.569064404241e-01  7.136381926941e-01  5.765267892028e-01
  8.582369865352e-01  3.569064404241e-01  7.136381926941e-01  5.765267892028e-01   8.604136872621e-01  3.567555463974e-01  7.152645557171e-01  5.755024590663e-01
  8.604136872621e-01  3.567555463974e-01  7.152645557171e-01  5.755024590663e-01   8.682039912288e-01  3.562394966172e-01  7.211136781521e-01  5.718656678064e-01
  8.682039912288e-01  3.562394966172e-01  7.211136781521e-01  5.718656678064e-01   8.720177195785e-01  3.560007512208e-01  7.239928286063e-01  5.701019205309e-01
  8.720177195785e-01  3.560007512208e-01  7.239928286063e-01  5.701019205309e-01   8.782578795221e-01  3.556302311922e-01  7.287251985018e-01  5.672395567817e-01
  8.782578795221e-01  3.556302311922e-01  7.287251985018e-01  5.672395567817e-01   8.836760944782e-01  3.553291335599e-01  7.328550410189e-01  5.647778722272e-01
  8.836760944782e-01  3.553291335599e-01  7.328550410189e-01  5.647778722272e-01   8.883969507227e-01  3.550827112216e-01  7.364685465082e-01  5.626509024062e-01
  8.883969507227e-01  3.550827112216e-01  7.364685465082e-01  5.626509024062e-01   8.953919376938e-01  3.547454777049e-01  7.418477522839e-01  5.595298829874e-01
  8.953919376938e-01  3.547454777049e-01  7.418477522839e-01  5.595298829874e-01   8.986199404832e-01  3.546012985526e-01  7.443398412526e-01  5.581018917863e-01
  8.986199404832e-01  3.546012985526e-01  7.443398412526e-01  5.581018917863e-01   9.071688168448e-01  3.542552443036e-01  7.509681657146e-01  5.543574333857e-01
  9.071688168448e-01  3.542552443036e-01  7.509681657146e-01  5.543574333857e-01   9.089260052648e-01  3.541906744800e-01  7.523355378561e-01  5.535944839374e-01
  9.089260052648e-01  3.541906744800e-01  7.523355378561e-01  5.535944839374e-01   9.190107668788e-01  3.538646093033e-01  7.602141401896e-01  5.492599382825e-01
  9.190107668788e-01  3.538646093033e-01  7.602141401896e-01  5.492599382825e-01   9.193147481132e-01  3.538559788399e-01  7.604524189754e-01  5.491304491217e-01
  9.193147481132e-01  3.538559788399e-01  7.604524189754e-01  5.491304491217e-01   9.215113787396e-01  3.537957360689e-01  7.621756136768e-01  5.481967583283e-01
  9.215113787396e-01  3.537957360689e-01  7.621756136768e-01  5.481967583283e-01   9.297420978449e-01  3.536037214280e-01  7.686528109220e-01  5.447298398022e-01
  9.297420978449e-01  3.536037214280e-01  7.686528109220e-01  5.447298398022e-01   9.309223978919e-01  3.535806289815e-01  7.695842191944e-01  5.442367626562e-01
  9.309223978919e-01  3.535806289815e-01  7.695842191944e-01  5.442367626562e-01   9.402434210160e-01  3.534385904046e-01  7.769612383193e-01  5.403787969397e-01
  9.402434210160e-01  3.534385904046e-01  7.769612383193e-01  5.403787969397e-01   9.429090173338e-01  3.534114269944e-01  7.790776772491e-01  5.392872332082e-01
  9.429090173338e-01  3.534114269944e-01  7.790776772491e-01  5.392872332082e-01   9.508314938528e-01  3.533672086972e-01  7.853848479160e-01  5.360737225140e-01
  9.508314938528e-01  3.533672086972e-01  7.853848479160e-01  5.360737225140e-01   9.549767859389e-01  3.533664330482e-01  7.886945893048e-01  5.344106454059e-01
  9.549767859389e-01  3.533664330482e-01  7.886945893048e-01  5.344106454059e-01   9.615075979228e-01  3.533974160121e-01  7.939217132622e-01  5.318160525125e-01
  9.615075979228e-01  3.533974160121e-01  7.939217132622e-01  5.318160525125e-01   9.671329216245e-01  3.534566949878e-01  7.984359308213e-01  5.296062653894e-01
  9.671329216245e-01  3.534566949878e-01  7.984359308213e-01  5.296062653894e-01   9.722736636847e-01  3.535381290523e-01  8.025703276121e-01  5.276071388399e-01
  9.722736636847e-01  3.535381290523e-01  8.025703276121e-01  5.276071388399e-01   9.793859688073e-01  3.536952910163e-01  8.083037194341e-01  5.248733258200e-01
  9.793859688073e-01  3.536952910163e-01  8.083037194341e-01  5.248733258200e-01   9.831323503621e-01  3.537995544951e-01  8.113296467975e-01  5.234482696680e-01
  9.831323503621e-01  3.537995544951e-01  8.113296467975e-01  5.234482696680e-01   9.917461744626e-01  3.540979052975e-01  8.183012181368e-01  5.202110123427e-01
  9.917461744626e-01  3.540979052975e-01  8.183012181368e-01  5.202110123427e-01   9.940871972198e-01  3.541935844364e-01  8.201991351282e-01  5.193406944001e-01
  9.940871972198e-01  3.541935844364e-01  8.201991351282e-01  5.193406944001e-01   1.004225999965e+00  3.546836113850e-01  8.284332238660e-01  5.156184386380e-01
  1.004225999965e+00  3.546836113850e-01  8.284332238660e-01  5.156184386380e-01   1.005142781776e+00  3.547341808459e-01  8.291788453547e-01  5.152856412290e-01
  1.005142781776e+00  3.547341808459e-01  8.291788453547e-01  5.152856412290e-01   1.012205108009e+00  3.551601579288e-01  8.349279959654e-01  5.127431072481e-01
  1.012205108009e+00  3.551601579288e-01  8.349279959654e-01  5.127431072481e-01   1.016096946727e+00  3.554233275186e-01  8.380999105263e-01  5.113580475110e-01
  1.016096946727e+00  3.554233275186e-01  8.380999105263e-01  5.113580475110e-01   1.016576231481e+00  3.554571771518e-01  8.384907040317e-01  5.111882680847e-01
  1.016576231481e+00  3.554571771518e-01  8.384907040317e-01  5.111882680847e-01   1.026754231888e+00  3.562536591693e-01  8.467972127752e-01  5.076241503942e-01
  1.026754231888e+00  3.562536591693e-01  8.467972127752e-01  5.076241503942e-01   1.028551233242e+00  3.564102520796e-01  8.482651358541e-01  5.070031182716e-01
  1.028551233242e+00  3.564102520796e-01  8.482651358541e-01  5.070031182716e-01   1.037456482974e+00  3.572615572406e-01  8.555441791653e-01  5.039624234359e-01
  1.037456482974e+00  3.572615572406e-01  8.555441791653e-01  5.039624234359e-01   1.040591051380e+00  3.575923460099e-01  8.581077675820e-01  5.029068617945e-01
  1.040591051380e+00  3.575923460099e-01  8.581077675820e-01  5.029068617945e-01   1.048209112977e+00  3.584683971573e-01  8.643399923539e-01  5.003739098732e-01
  1.048209112977e+00  3.584683971573e-01  8.643399923539e-01  5.003739098732e-01   1.052711951479e+00  3.590368666664e-01  8.680242276989e-01  4.988986034379e-01
  1.052711951479e+00  3.590368666664e-01  8.680242276989e-01  4.988986034379e-01   1.059018851896e+00  3.599007550850e-01  8.731840803474e-01  4.968599523744e-01
  1.059018851896e+00  3.599007550850e-01  8.731840803474e-01  4.968599523744e-01   1.064934765301e+00  3.607876576244e-01  8.780223546261e-01  4.949775877641e-01
  1.064934765301e+00  3.607876576244e-01  8.780223546261e-01  4.949775877641e-01   1.069894251900e+00  3.615924027691e-01  8.820761587466e-01  4.934222676482e-01
  1.069894251900e+00  3.615924027691e-01  8.820761587466e-01  4.934222676482e-01   1.077287283924e+00  3.629042505697e-01  8.881132502109e-01  4.911431184534e-01
  1.077287283924e+00  3.629042505697e-01  8.881132502109e-01  4.911431184534e-01   1.080846452824e+00  3.635873304320e-01  8.910163060869e-01  4.900630473024e-01
  1.080846452824e+00  3.635873304320e-01  8.910163060869e-01  4.900630473024e-01   1.089808409440e+00  3.654709805293e-01  8.983131291754e-01  4.873943877663e-01
  1.089808409440e+00  3.654709805293e-01  8.983131291754e-01  4.873943877663e-01   1.091890461557e+00  3.659447989302e-01  9.000050715338e-01  4.867851091969e-01
  1.091890461557e+00  3.659447989302e-01  9.000050715338e-01  4.867851091969e-01   1.096544922502e+00  3.670579058985e-01  9.037820003410e-01  4.854381038837e-01
  1.096544922502e+00  3.670579058985e-01  9.037820003410e-01  4.854381038837e-01   1.098739275087e+00  3.676099059349e-01  9.055597318338e-01  4.848104049936e-01
  1.098739275087e+00  3.676099059349e-01  9.055597318338e-01  4.848104049936e-01   1.124505152663e+00  3.757339284971e-01  9.262227233605e-01  4.778240397836e-01
  1.124505152663e+00  3.757339284971e-01  9.262227233605e-01  4.778240397836e-01   1.132527645925e+00  3.790938609793e-01  9.325325448402e-01  4.758121552055e-01
  1.132527645925e+00  3.790938609793e-01  9.325325448402e-01  4.758121552055e-01   1.163521308752e+00  4.571836010336e-01  9.433040616158e-01  4.712727039494e-01
  1.163521308752e+00  4.571836010336e-01  9.433040616158e-01  4.712727039494e-01   1.157108903635e+00  4.665806885132e-01  9.355086807413e-01  4.726089220887e-01
  1.157108903635e+00  4.665806885132e-01  9.355086807413e-01  4.726089220887e-01   1.142750345350e+00  4.829790224718e-01  9.190159396069e-01  4.751412644714e-01
  1.142750345350e+00  4.829790224718e-01  9.190159396069e-01  4.751412644714e-01   1.137419724857e+00  4.881802299302e-01  9.130768129992e-01  4.759674513393e-01
  1.137419724857e+00  4.881802299302e-01  9.130768129992e-01  4.759674513393e-01   1.125520041247e+00  4.987450058783e-01  9.000372588079e-01  4.776378393409e-01
  1.125520041247e+00  4.987450058783e-01  9.000372588079e-01  4.776378393409e-01   1.120171878777e+00  5.031324222122e-01  8.942529452844e-01  4.783187891172e-01
  1.120171878777e+00  5.031324222122e-01  8.942529452844e-01  4.783187891172e-01   1.116850902013e+00  5.057656849454e-01  8.906806237588e-01  4.787215729651e-01
  1.116850902013e+00  5.057656849454e-01  8.906806237588e-01  4.787215729651e-01   1.110283897304e+00  5.107927208681e-01  8.836555481114e-01  4.794749288659e-01
  1.110283897304e+00  5.107927208681e-01  8.836555481114e-01  4.794749288659e-01   1.108089951479e+00  5.124238093872e-01  8.813191377352e-01  4.797142660178e-01
  1.108089951479e+00  5.124238093872e-01  8.813191377352e-01  4.797142660178e-01   1.100332987272e+00  5.180188409564e-01  8.730966465522e-01  4.805127770136e-01
  1.100332987272e+00  5.180188409564e-01  8.730966465522e-01  4.805127770136e-01   1.099252204878e+00  5.187786730190e-01  8.719554332266e-01  4.806182651802e-01
  1.099252204878e+00  5.187786730190e-01  8.719554332266e-01  4.806182651802e-01   1.090547521593e+00  5.247411989199e-01  8.628000871240e-01  4.814180240528e-01
  1.090547521593e+00  5.247411989199e-01  8.628000871240e-01  4.814180240528e-01   1.090336151288e+00  5.248827061330e-01  8.625785345128e-01  4.814363584555e-01
  1.090336151288e+00  5.248827061330e-01  8.625785345128e-01  4.814363584555e-01   1.090308167407e+00  5.249014307173e-01  8.625492050742e-01  4.814387819958e-01
  1.090308167407e+00  5.249014307173e-01  8.625492050742e-01  4.814387819958e-01   1.080837309646e+00  5.310974115263e-01  8.526565296546e-01  4.822084909594e-01
  1.080837309646e+00  5.310974115263e-01  8.526565296546e-01  4.822084909594e-01   1.079565430782e+00  5.319092851691e-01  8.513328935091e-01  4.823042842678e-01
  1.079565430782e+00  5.319092851691e-01  8.513328935091e-01  4.823042842678e-01   1.071345436135e+00  5.370513572665e-01  8.428045656454e-01  4.828809773370e-01
  1.071345436135e+00  5.370513572665e-01  8.428045656454e-01  4.828809773370e-01   1.068850805074e+00  5.385778912916e-01  8.402250072167e-01  4.830416188334e-01
  1.068850805074e+00  5.385778912916e-01  8.402250072167e-01  4.830416188334e-01   1.061864164340e+00  5.427753480376e-01  8.330209445879e-01  4.834563729644e-01
  1.061864164340e+00  5.427753480376e-01  8.330209445879e-01  4.834563729644e-01   1.058160201825e+00  5.449565894623e-01  8.292135582231e-01  4.836554183762e-01
  1.058160201825e+00  5.449565894623e-01  8.292135582231e-01  4.836554183762e-01   1.052396665288e+00  5.482939000667e-01  8.233048633912e-01  4.839366823170e-01
  1.052396665288e+00  5.482939000667e-01  8.233048633912e-01  4.839366823170e-01   1.047490489372e+00  5.510831732052e-01  8.182898760738e-01  4.841489745402e-01
  1.047490489372e+00  5.510831732052e-01  8.182898760738e-01  4.841489745402e-01   1.042945803998e+00  5.536268862278e-01  8.136562251090e-01  4.843234829612e-01
  1.042945803998e+00  5.536268862278e-01  8.136562251090e-01  4.843234829612e-01   1.036839205063e+00  5.569873623233e-01  8.074476494971e-01  4.845245766677e-01
  1.036839205063e+00  5.569873623233e-01  8.074476494971e-01  4.845245766677e-01   1.033514248081e+00  5.587906568947e-01  8.040755129347e-01  4.846180166035e-01
  1.033514248081e+00  5.587906568947e-01  8.040755129347e-01  4.846180166035e-01   1.026204370251e+00  5.626930355434e-01  7.966823170069e-01  4.847837365658e-01
  1.026204370251e+00  5.626930355434e-01  7.966823170069e-01  4.847837365658e-01   1.024104548305e+00  5.637988383867e-01  7.945637060701e-01  4.848212583527e-01
  1.024104548305e+00  5.637988383867e-01  7.945637060701e-01  4.848212583527e-01   1.015584366461e+00  5.682197249399e-01  7.859906653625e-01  4.849273434221e-01
  1.015584366461e+00  5.682197249399e-01  7.859906653625e-01  4.849273434221e-01   1.014719199296e+00  5.686629046972e-01  7.851222223327e-01  4.849339713550e-01
  1.014719199296e+00  5.686629046972e-01  7.851222223327e-01  4.849339713550e-01   1.008216231270e+00  5.719616532065e-01  7.786069515274e-01  4.849593027985e-01
  1.008216231270e+00  5.719616532065e-01  7.786069515274e-01  4.849593027985e-01   1.005346836611e+00  5.733995166848e-01  7.757390457184e-01  4.849567186673e-01
  1.005346836611e+00  5.733995166848e-01  7.757390457184e-01  4.849567186673e-01   1.004977849622e+00  5.735836510509e-01  7.753705578917e-01  4.849557740166e-01
  1.004977849622e+00  5.735836510509e-01  7.753705578917e-01  4.849557740166e-01   9.959706424822e-01  5.780259615597e-01  7.663973510283e-01  4.848893352230e-01
  9.959706424822e-01  5.780259615597e-01  7.663973510283e-01  4.848893352230e-01   9.943836889902e-01  5.787984599106e-01  7.648207475291e-01  4.848689733167e-01
  9.943836889902e-01  5.787984599106e-01  7.648207475291e-01  4.848689733167e-01   9.866235923886e-01  5.825338725965e-01  7.571302346353e-01  4.847318856959e-01
  9.866235923886e-01  5.825338725965e-01  7.571302346353e-01  4.847318856959e-01   9.838009226251e-01  5.838757604210e-01  7.543407471744e-01  4.846665149298e-01
  9.838009226251e-01  5.838757604210e-01  7.543407471744e-01  4.846665149298e-01   9.773080875707e-01  5.869296052966e-01  7.479403753715e-01  4.844845759169e-01
  9.773080875707e-01  5.869296052966e-01  7.479403753715e-01  4.844845759169e-01   9.732287240587e-01  5.888255265676e-01  7.439307400764e-01  4.843476475978e-01
  9.732287240587e-01  5.888255265676e-01  7.439307400764e-01  4.843476475978e-01   9.680266248860e-01  5.912186266858e-01  7.388307811489e-01  4.841475579854e-01
  9.680266248860e-01  5.912186266858e-01  7.388307811489e-01  4.841475579854e-01   9.626663755344e-01  5.936564203842e-01  7.335915188253e-01  4.839113319156e-01
  9.626663755344e-01  5.936564203842e-01  7.335915188253e-01  4.839113319156e-01   9.587818450903e-01  5.954057544447e-01  7.298048157104e-01  4.837209574239e-01
  9.587818450903e-01  5.954057544447e-01  7.298048157104e-01  4.837209574239e-01   9.521132543245e-01  5.983759570766e-01  7.233244495550e-01  4.833562704418e-01
  9.521132543245e-01  5.983759570766e-01  7.233244495550e-01  4.833562704418e-01   9.495765403123e-01  5.994951417342e-01  7.208661814036e-01  4.832048987955e-01
  9.495765403123e-01  5.994951417342e-01  7.208661814036e-01  4.832048987955e-01   9.415688093188e-01  6.029907875558e-01  7.131314463563e-01  4.826809329609e-01
  9.415688093188e-01  6.029907875558e-01  7.131314463563e-01  4.826809329609e-01   9.404136991102e-01  6.034904414352e-01  7.120189495693e-01  4.825995338209e-01
  9.404136991102e-01  6.034904414352e-01  7.120189495693e-01  4.825995338209e-01   9.329696518248e-01  6.066834314981e-01  7.048695872719e-01  4.820394598956e-01
  9.329696518248e-01  6.066834314981e-01  7.048695872719e-01  4.820394598956e-01   9.310325539936e-01  6.075067832902e-01  7.030149663329e-01  4.818835792039e-01
  9.310325539936e-01  6.075067832902e-01  7.030149663329e-01  4.818835792039e-01   9.306699268752e-01  6.076605755467e-01  7.026680491487e-01  4.818539303459e-01
  9.306699268752e-01  6.076605755467e-01  7.026680491487e-01  4.818539303459e-01   9.205040561671e-01  6.119291599365e-01  6.929780127420e-01  4.809622800443e-01
  9.205040561671e-01  6.119291599365e-01  6.929780127420e-01  4.809622800443e-01   9.181295955657e-01  6.129145034313e-01  6.907247746579e-01  4.807370624378e-01
  9.181295955657e-01  6.129145034313e-01  6.907247746579e-01  4.807370624378e-01   9.099829297725e-01  6.162625766299e-01  6.830241486467e-01  4.799149385705e-01
  9.099829297725e-01  6.162625766299e-01  6.830241486467e-01  4.799149385705e-01   9.055225693211e-01  6.180747563276e-01  6.788283365901e-01  4.794321017625e-01
  9.055225693211e-01  6.180747563276e-01  6.788283365901e-01  4.794321017625e-01   8.994688270873e-01  6.205112297565e-01  6.731575205634e-01  4.787393123364e-01
  8.994688270873e-01  6.205112297565e-01  6.731575205634e-01  4.787393123364e-01   8.928391293702e-01  6.231497435897e-01  6.669798322089e-01  4.779305717794e-01
  8.928391293702e-01  6.231497435897e-01  6.669798322089e-01  4.779305717794e-01   8.889614367792e-01  6.246788765391e-01  6.633828888333e-01  4.774330377230e-01
  8.889614367792e-01  6.246788765391e-01  6.633828888333e-01  4.774330377230e-01   8.800687856905e-01  6.281472673783e-01  6.551816382112e-01  4.762229009808e-01
  8.800687856905e-01  6.281472673783e-01  6.551816382112e-01  4.762229009808e-01   8.784604745114e-01  6.287689484112e-01  6.537056699844e-01  4.759936584082e-01
  8.784604745114e-01  6.287689484112e-01  6.537056699844e-01  4.759936584082e-01   8.712964129089e-01  6.315177399455e-01  6.471593573549e-01  4.749334600149e-01
  8.712964129089e-01  6.315177399455e-01  6.471593573549e-01  4.749334600149e-01   8.679656858881e-01  6.327845154739e-01  6.441319802897e-01  4.744186579765e-01
  8.679656858881e-01  6.327845154739e-01  6.441319802897e-01  4.744186579765e-01   8.671439622288e-01  6.330959628526e-01  6.433867133431e-01  4.742894988112e-01
  8.671439622288e-01  6.330959628526e-01  6.433867133431e-01  4.742894988112e-01   8.574768368558e-01  6.367284023327e-01  6.346686963287e-01  4.727055005740e-01
  8.574768368558e-01  6.367284023327e-01  6.346686963287e-01  4.727055005740e-01   8.539736007782e-01  6.380306077038e-01  6.315327517578e-01  4.721018737639e-01
  8.539736007782e-01  6.380306077038e-01  6.315327517578e-01  4.721018737639e-01   8.469937137864e-01  6.406031870967e-01  6.253235175980e-01  4.708516795120e-01
  8.469937137864e-01  6.406031870967e-01  6.253235175980e-01  4.708516795120e-01   8.406544856923e-01  6.429147374068e-01  6.197309267222e-01  4.696608680241e-01
  8.406544856923e-01  6.429147374068e-01  6.197309267222e-01  4.696608680241e-01   8.365161231427e-01  6.444112054115e-01  6.161050352719e-01  4.688547763785e-01
  8.365161231427e-01  6.444112054115e-01  6.161050352719e-01  4.688547763785e-01   8.271669323360e-01  6.477561032988e-01  6.079901761045e-01  4.669493426898e-01
  8.271669323360e-01  6.477561032988e-01  6.079901761045e-01  4.669493426898e-01   8.260438869810e-01  6.481546047376e-01  6.070228145038e-01  4.667125350015e-01
  8.260438869810e-01  6.481546047376e-01  6.070228145038e-01  4.667125350015e-01   8.223054873430e-01  6.494761107391e-01  6.038145350438e-01  4.659119261254e-01
  8.223054873430e-01  6.494761107391e-01  6.038145350438e-01  4.659119261254e-01   8.158230368193e-01  6.517494851870e-01  5.982959283843e-01  4.644785246724e-01
  8.158230368193e-01  6.517494851870e-01  5.982959283843e-01  4.644785246724e-01   8.139055828178e-01  6.524175677380e-01  5.966747632879e-01  4.640435147388e-01
  8.139055828178e-01  6.524175677380e-01  5.966747632879e-01  4.640435147388e-01   8.058654561656e-01  6.551975474332e-01  5.899351090882e-01  4.621643796803e-01
  8.058654561656e-01  6.551975474332e-01  5.899351090882e-01  4.621643796803e-01   8.008785637152e-01  6.569046886007e-01  5.858038835934e-01  4.609539679550e-01
  8.008785637152e-01  6.569046886007e-01  5.858038835934e-01  4.609539679550e-01   7.960694561267e-01  6.585387247713e-01  5.818572400303e-01  4.597540468942e-01
  7.960694561267e-01  6.585387247713e-01  5.818572400303e-01  4.597540468942e-01   7.878968974042e-01  6.612884155127e-01  5.752385277034e-01  4.576412186994e-01
  7.878968974042e-01  6.612884155127e-01  5.752385277034e-01  4.576412186994e-01   7.864460451064e-01  6.617730221744e-01  5.740755912865e-01  4.572564327794e-01
  7.864460451064e-01  6.617730221744e-01  5.740755912865e-01  4.572564327794e-01   7.824611543077e-01  6.630986001769e-01  5.709009075355e-01  4.561845480541e-01
  7.824611543077e-01  6.630986001769e-01  5.709009075355e-01  4.561845480541e-01   7.768990938530e-01  6.649356117851e-01  5.665187900385e-01  4.546516315952e-01
  7.768990938530e-01  6.649356117851e-01  5.665187900385e-01  4.546516315952e-01   7.749587818402e-01  6.655728567223e-01  5.650039777056e-01  4.541068194737e-01
  7.749587818402e-01  6.655728567223e-01  5.650039777056e-01  4.541068194737e-01   7.674569435239e-01  6.680193440509e-01  5.592176241344e-01  4.519517431370e-01
  7.674569435239e-01  6.680193440509e-01  5.592176241344e-01  4.519517431370e-01   7.620625921380e-01  6.697617165945e-01  5.551288155067e-01  4.503546665872e-01
  7.620625921380e-01  6.697617165945e-01  5.551288155067e-01  4.503546665872e-01   7.582075350190e-01  6.709983682692e-01  5.522453885816e-01  4.491892908925e-01
  7.582075350190e-01  6.709983682692e-01  5.522453885816e-01  4.491892908925e-01   7.492068596575e-01  6.738583432914e-01  5.456450529933e-01  4.463917611958e-01
  7.492068596575e-01  6.738583432914e-01  5.456450529933e-01  4.463917611958e-01   7.491658526259e-01  6.738712861407e-01  5.456154192380e-01  4.463787736457e-01
  7.491658526259e-01  6.738712861407e-01  5.456154192380e-01  4.463787736457e-01   7.490720555494e-01  6.739008888822e-01  5.455476523762e-01  4.463490586904e-01
  7.490720555494e-01  6.739008888822e-01  5.455476523762e-01  4.463490586904e-01   7.363902472882e-01  6.778657851178e-01  5.365881712385e-01  4.422291391842e-01
  7.363902472882e-01  6.778657851178e-01  5.365881712385e-01  4.422291391842e-01   7.259691627631e-01  6.810689275036e-01  5.295469926592e-01  4.386986758276e-01
  7.259691627631e-01  6.810689275036e-01  5.295469926592e-01  4.386986758276e-01   7.236115392703e-01  6.817868137271e-01  5.279970098160e-01  4.378829891904e-01
  7.236115392703e-01  6.817868137271e-01  5.279970098160e-01  4.378829891904e-01   7.209493080581e-01  6.825944691693e-01  5.262666183134e-01  4.369547706803e-01
  7.209493080581e-01  6.825944691693e-01  5.262666183134e-01  4.369547706803e-01   7.108696270253e-01  6.856239564236e-01  5.199134231158e-01  4.333759652760e-01
  7.108696270253e-01  6.856239564236e-01  5.199134231158e-01  4.333759652760e-01   6.994700355806e-01  6.889965808784e-01  5.131302437644e-01  4.292210422671e-01
  6.994700355806e-01  6.889965808784e-01  5.131302437644e-01  4.292210422671e-01   6.981634925916e-01  6.893795339261e-01  5.123816021957e-01  4.287386813081e-01
  6.981634925916e-01  6.893795339261e-01  5.123816021957e-01  4.287386813081e-01   6.970868583122e-01  6.896945494874e-01  5.117692953478e-01  4.283403706230e-01
  6.970868583122e-01  6.896945494874e-01  5.117692953478e-01  4.283403706230e-01   6.877835182645e-01  6.923959876690e-01  5.066559972010e-01  4.248716423713e-01
  6.877835182645e-01  6.923959876690e-01  5.066559972010e-01  4.248716423713e-01   6.799299972945e-01  6.946478583765e-01  5.025976625069e-01  4.219164640710e-01
  6.799299972945e-01  6.946478583765e-01  5.025976625069e-01  4.219164640710e-01   6.780606572610e-01  6.951800373696e-01  5.016678974272e-01  4.212110375192e-01
  6.780606572610e-01  6.951800373696e-01  5.016678974272e-01  4.212110375192e-01   6.761471846306e-01  6.957232648216e-01  5.007309422319e-01  4.204885889073e-01
  6.761471846306e-01  6.957232648216e-01  5.007309422319e-01  4.204885889073e-01   6.684422816515e-01  6.978952145299e-01  4.971125348951e-01  4.175805640864e-01
  6.684422816515e-01  6.978952145299e-01  4.971125348951e-01  4.175805640864e-01   6.613567183429e-01  6.998708924481e-01  4.940097313801e-01  4.149184129659e-01
  6.613567183429e-01  6.998708924481e-01  4.940097313801e-01  4.149184129659e-01   6.592095993154e-01  7.004655016122e-01  4.931131663474e-01  4.141162042199e-01
  6.592095993154e-01  7.004655016122e-01  4.931131663474e-01  4.141162042199e-01   6.572018669949e-01  7.010198024360e-01  4.922934784387e-01  4.133686254991e-01
  6.572018669949e-01  7.010198024360e-01  4.922934784387e-01  4.133686254991e-01   6.429568373297e-01  7.049055661469e-01  4.870075640135e-01  4.081681084963e-01
  6.429568373297e-01  7.049055661469e-01  4.870075640135e-01  4.081681084963e-01   6.400240310783e-01  7.056954138518e-01  4.860367442153e-01  4.071279118919e-01
  6.400240310783e-01  7.056954138518e-01  4.860367442153e-01  4.071279118919e-01   6.247221331270e-01  7.097608099985e-01  4.816337570794e-01  4.019515231360e-01
  6.247221331270e-01  7.097608099985e-01  4.816337570794e-01  4.019515231360e-01   6.244104481209e-01  7.098426541257e-01  4.815556428077e-01  4.018513376543e-01
  6.244104481209e-01  7.098426541257e-01  4.815556428077e-01  4.018513376543e-01   6.136534382267e-01  7.126439371802e-01  4.791399186332e-01  3.985542702269e-01
  6.136534382267e-01  7.126439371802e-01  4.791399186332e-01  3.985542702269e-01   6.098032970281e-01  7.136355875159e-01  4.784057457033e-01  3.974588898159e-01
  6.098032970281e-01  7.136355875159e-01  4.784057457033e-01  3.974588898159e-01   6.030778104930e-01  7.153540240427e-01  4.772833012519e-01  3.956687693917e-01
  6.030778104930e-01  7.153540240427e-01  4.772833012519e-01  3.956687693917e-01   5.957607186489e-01  7.172038071876e-01  4.762846119583e-01  3.939188497187e-01
  5.957607186489e-01  7.172038071876e-01  4.762846119583e-01  3.939188497187e-01   5.848846763937e-01  7.199154162656e-01  4.751979512750e-01  3.917492671924e-01
  5.848846763937e-01  7.199154162656e-01  4.751979512750e-01  3.917492671924e-01   5.822692531289e-01  7.205607739967e-01  4.750019529583e-01  3.913116611422e-01
  5.822692531289e-01  7.205607739967e-01  4.750019529583e-01  3.913116611422e-01   5.810468378499e-01  7.208615160615e-01  4.749184248854e-01  3.911189486542e-01
  5.810468378499e-01  7.208615160615e-01  4.749184248854e-01  3.911189486542e-01   5.693133845002e-01  7.237194669468e-01  4.743547547219e-01  3.896716301528e-01
  5.693133845002e-01  7.237194669468e-01  4.743547547219e-01  3.896716301528e-01   5.607215739582e-01  7.257793151978e-01  4.741740768088e-01  3.891010698761e-01
  5.607215739582e-01  7.257793151978e-01  4.741740768088e-01  3.891010698761e-01   5.565370227068e-01  7.267725138162e-01  4.741415154618e-01  3.889806295178e-01
  5.565370227068e-01  7.267725138162e-01  4.741415154618e-01  3.889806295178e-01   5.466510772667e-01  7.290929027629e-01  4.741684517094e-01  3.891180164494e-01
  5.466510772667e-01  7.290929027629e-01  4.741684517094e-01  3.891180164494e-01   5.436028662141e-01  7.298009980593e-01  4.741972901386e-01  3.892815385117e-01
  5.436028662141e-01  7.298009980593e-01  4.741972901386e-01  3.892815385117e-01   5.409966338326e-01  7.304036699980e-01  4.742265716311e-01  3.894668887586e-01
  5.409966338326e-01  7.304036699980e-01  4.742265716311e-01  3.894668887586e-01   5.305230760482e-01  7.328000213482e-01  4.743579830217e-01  3.906339047755e-01
  5.305230760482e-01  7.328000213482e-01  4.743579830217e-01  3.906339047755e-01   5.288119599892e-01  7.331876308270e-01  4.743775239582e-01  3.908883199959e-01
  5.288119599892e-01  7.331876308270e-01  4.743775239582e-01  3.908883199959e-01   5.173107448019e-01  7.357645245850e-01  4.744497618430e-01  3.930518323013e-01
  5.173107448019e-01  7.357645245850e-01  4.744497618430e-01  3.930518323013e-01   5.153684181662e-01  7.361948243396e-01  4.744471228997e-01  3.934933638257e-01
  5.153684181662e-01  7.361948243396e-01  4.744471228997e-01  3.934933638257e-01   5.036071344123e-01  7.387701503383e-01  4.742952555636e-01  3.966139151766e-01
  5.036071344123e-01  7.387701503383e-01  4.742952555636e-01  3.966139151766e-01   4.894825550514e-01  7.417941163971e-01  4.737097552653e-01  4.013031906825e-01
  4.894825550514e-01  7.417941163971e-01  4.737097552653e-01  4.013031906825e-01   4.890003199292e-01  7.418960276020e-01  4.736804980588e-01  4.014799710755e-01
  4.890003199292e-01  7.418960276020e-01  4.736804980588e-01  4.014799710755e-01   4.888494119562e-01  7.419279005646e-01  4.736712071238e-01  4.015355057399e-01
  4.888494119562e-01  7.419279005646e-01  4.736712071238e-01  4.015355057399e-01   4.885608990778e-01  7.419888148978e-01  4.736532635157e-01  4.016419651087e-01
  4.885608990778e-01  7.419888148978e-01  4.736532635157e-01  4.016419651087e-01   4.791259779166e-01  7.439633878743e-01  4.729307132914e-01  4.053206571927e-01
  4.791259779166e-01  7.439633878743e-01  4.729307132914e-01  4.053206571927e-01   4.734218799307e-01  7.451407323220e-01  4.723593221318e-01  4.077187209627e-01
  4.734218799307e-01  7.451407323220e-01  4.723593221318e-01  4.077187209627e-01   4.689683201882e-01  7.460513251850e-01  4.718389558992e-01  4.096743986080e-01
  4.689683201882e-01  7.460513251850e-01  4.718389558992e-01  4.096743986080e-01   4.610122767349e-01  7.476591371955e-01  4.707416984373e-01  4.133343994781e-01
  4.610122767349e-01  7.476591371955e-01  4.707416984373e-01  4.133343994781e-01   4.584478905155e-01  7.481721841440e-01  4.703412602155e-01  4.145560553955e-01
  4.584478905155e-01  7.481721841440e-01  4.703412602155e-01  4.145560553955e-01   4.568008089813e-01  7.485003739575e-01  4.700718846706e-01  4.153507922695e-01
  4.568008089813e-01  7.485003739575e-01  4.700718846706e-01  4.153507922695e-01   4.435358038510e-01  7.511052815942e-01  4.675516651315e-01  4.220106706976e-01
  4.435358038510e-01  7.511052815942e-01  4.675516651315e-01  4.220106706976e-01   4.385541685896e-01  7.520659150263e-01  4.664433101918e-01  4.246168735280e-01
  4.385541685896e-01  7.520659150263e-01  4.664433101918e-01  4.246168735280e-01   4.278026716264e-01  7.541061641440e-01  4.637516195924e-01  4.304015374195e-01
  4.278026716264e-01  7.541061641440e-01  4.637516195924e-01  4.304015374195e-01   4.178944318836e-01  7.559462084317e-01  4.609142285899e-01  4.358913946696e-01
  4.178944318836e-01  7.559462084317e-01  4.609142285899e-01  4.358913946696e-01   4.144825512427e-01  7.565708517156e-01  4.598596467168e-01  4.378104604989e-01
  4.144825512427e-01  7.565708517156e-01  4.598596467168e-01  4.378104604989e-01   4.119350091463e-01  7.570342425603e-01  4.590467753329e-01  4.392515897552e-01
  4.119350091463e-01  7.570342425603e-01  4.590467753329e-01  4.392515897552e-01   4.051002154922e-01  7.582647182791e-01  4.567601492121e-01  4.431484846645e-01
  4.051002154922e-01  7.582647182791e-01  4.567601492121e-01  4.431484846645e-01   3.959276625562e-01  7.598867277165e-01  4.534553689086e-01  4.484350161371e-01
  3.959276625562e-01  7.598867277165e-01  4.534553689086e-01  4.484350161371e-01   3.953407409162e-01  7.599893644883e-01  4.532349246362e-01  4.487750713534e-01
  3.953407409162e-01  7.599893644883e-01  4.532349246362e-01  4.487750713534e-01   3.943872344046e-01  7.601558112592e-01  4.528745287757e-01  4.493279136127e-01
  3.943872344046e-01  7.601558112592e-01  4.528745287757e-01  4.493279136127e-01   3.855271670692e-01  7.616848874361e-01  4.493939391371e-01  4.544846667336e-01
  3.855271670692e-01  7.616848874361e-01  4.493939391371e-01  4.544846667336e-01   3.797749444276e-01  7.626605417303e-01  4.470102403197e-01  4.578468191585e-01
  3.797749444276e-01  7.626605417303e-01  4.470102403197e-01  4.578468191585e-01   3.753818203314e-01  7.633965745107e-01  4.451262068349e-01  4.604192627188e-01
  3.753818203314e-01  7.633965745107e-01  4.451262068349e-01  4.604192627188e-01   3.675183400527e-01  7.646942380446e-01  4.416210458224e-01  4.650286536780e-01
  3.675183400527e-01  7.646942380446e-01  4.416210458224e-01  4.650286536780e-01   3.645569611972e-01  7.651763152997e-01  4.402581083632e-01  4.667647964024e-01
  3.645569611972e-01  7.651763152997e-01  4.402581083632e-01  4.667647964024e-01   3.626120814527e-01  7.654909384768e-01  4.393505519605e-01  4.679047638086e-01
  3.626120814527e-01  7.654909384768e-01  4.393505519605e-01  4.679047638086e-01   3.525558469949e-01  7.670925552812e-01  4.345051345624e-01  4.737918204178e-01
  3.525558469949e-01  7.670925552812e-01  4.345051345624e-01  4.737918204178e-01   3.432060834043e-01  7.685434731808e-01  4.297802863660e-01  4.792461713398e-01
  3.432060834043e-01  7.685434731808e-01  4.297802863660e-01  4.792461713398e-01   3.405057689383e-01  7.689556063382e-01  4.283780695320e-01  4.808166559187e-01
  3.405057689383e-01  7.689556063382e-01  4.283780695320e-01  4.808166559187e-01   3.357712907290e-01  7.696706750120e-01  4.258802846048e-01  4.835640242482e-01
  3.357712907290e-01  7.696706750120e-01  4.258802846048e-01  4.835640242482e-01   3.284053724631e-01  7.707639970216e-01  4.218979065753e-01  4.878207926575e-01
  3.284053724631e-01  7.707639970216e-01  4.218979065753e-01  4.878207926575e-01   3.248199921192e-01  7.712876608582e-01  4.199184686140e-01  4.898841913201e-01
  3.248199921192e-01  7.712876608582e-01  4.199184686140e-01  4.898841913201e-01   3.162531680730e-01  7.725161093072e-01  4.150846760532e-01  4.947891723667e-01
  3.162531680730e-01  7.725161093072e-01  4.150846760532e-01  4.947891723667e-01   3.071056174824e-01  7.737920013371e-01  4.097684908880e-01  4.999837090260e-01
  3.071056174824e-01  7.737920013371e-01  4.097684908880e-01  4.999837090260e-01   3.040475452178e-01  7.742101936710e-01  4.079572353001e-01  5.017096551936e-01
  3.040475452178e-01  7.742101936710e-01  4.079572353001e-01  5.017096551936e-01   2.968646978951e-01  7.751758346389e-01  4.036387052109e-01  5.057415250797e-01
  2.968646978951e-01  7.751758346389e-01  4.036387052109e-01  5.057415250797e-01   2.929311145957e-01  7.756946987640e-01  4.012367332210e-01  5.079359700633e-01
  2.929311145957e-01  7.756946987640e-01  4.012367332210e-01  5.079359700633e-01   2.917867250662e-01  7.758443177871e-01  4.005331500023e-01  5.085725481633e-01
  2.917867250662e-01  7.758443177871e-01  4.005331500023e-01  5.085725481633e-01   2.833080874598e-01  7.769339719415e-01  3.952552392995e-01  5.132623049780e-01
  2.833080874598e-01  7.769339719415e-01  3.952552392995e-01  5.132623049780e-01   2.794687700850e-01  7.774163769335e-01  3.928286354410e-01  5.153702005650e-01
  2.794687700850e-01  7.774163769335e-01  3.928286354410e-01  5.153702005650e-01   2.735325391867e-01  7.781485712103e-01  3.890335378199e-01  5.186095602114e-01
  2.735325391867e-01  7.781485712103e-01  3.890335378199e-01  5.186095602114e-01   2.670915377375e-01  7.789240436948e-01  3.848585417745e-01  5.220966576160e-01
  2.670915377375e-01  7.789240436948e-01  3.848585417745e-01  5.220966576160e-01   2.636119625494e-01  7.793346629985e-01  3.825792138317e-01  5.239682743302e-01
  2.636119625494e-01  7.793346629985e-01  3.825792138317e-01  5.239682743302e-01   2.546526925106e-01  7.803647810276e-01  3.766363688969e-01  5.287473662808e-01
  2.546526925106e-01  7.803647810276e-01  3.766363688969e-01  5.287473662808e-01   2.535528897186e-01  7.804885109884e-01  3.758997241819e-01  5.293300196999e-01
  2.535528897186e-01  7.804885109884e-01  3.758997241819e-01  5.293300196999e-01   2.487546788727e-01  7.810212805277e-01  3.726682616614e-01  5.318616688753e-01
  2.487546788727e-01  7.810212805277e-01  3.726682616614e-01  5.318616688753e-01   2.434202250396e-01  7.816000364322e-01  3.690428006423e-01  5.346563747677e-01
  2.434202250396e-01  7.816000364322e-01  3.690428006423e-01  5.346563747677e-01   2.421496340499e-01  7.817357641938e-01  3.681742947159e-01  5.353189308217e-01
  2.421496340499e-01  7.817357641938e-01  3.681742947159e-01  5.353189308217e-01   2.332058822006e-01  7.826677696549e-01  3.620085368149e-01  5.399487139967e-01
  2.332058822006e-01  7.826677696549e-01  3.620085368149e-01  5.399487139967e-01   2.295794940527e-01  7.830338773864e-01  3.594832152881e-01  5.418089059644e-01
  2.295794940527e-01  7.830338773864e-01  3.594832152881e-01  5.418089059644e-01   2.228596910079e-01  7.836939880927e-01  3.547667405617e-01  5.452297833609e-01
  2.228596910079e-01  7.836939880927e-01  3.547667405617e-01  5.452297833609e-01   2.169390715527e-01  7.842556434288e-01  3.505727825656e-01  5.482156281637e-01
  2.169390715527e-01  7.842556434288e-01  3.505727825656e-01  5.482156281637e-01   2.123859899407e-01  7.846746797989e-01  3.473239710877e-01  5.504938048638e-01
  2.123859899407e-01  7.846746797989e-01  3.473239710877e-01  5.504938048638e-01   2.042248233190e-01  7.853972133463e-01  3.414514468175e-01  5.545380708037e-01
  2.042248233190e-01  7.853972133463e-01  3.414514468175e-01  5.545380708037e-01   2.017883830793e-01  7.856057187037e-01  3.396864170444e-01  5.557356771568e-01
  2.017883830793e-01  7.856057187037e-01  3.396864170444e-01  5.557356771568e-01   1.914327532885e-01  7.864542462572e-01  3.321264787434e-01  5.607757340099e-01
  1.914327532885e-01  7.864542462572e-01  3.321264787434e-01  5.607757340099e-01   1.910698056102e-01  7.864828646034e-01  3.318598606907e-01  5.609509074211e-01
  1.910698056102e-01  7.864828646034e-01  3.318598606907e-01  5.609509074211e-01   1.891606052608e-01  7.866321387937e-01  3.304555853831e-01  5.618707248215e-01
  1.891606052608e-01  7.866321387937e-01  3.304555853831e-01  5.618707248215e-01   1.803487872285e-01  7.872932262764e-01  3.239360931539e-01  5.660803855615e-01
  1.803487872285e-01  7.872932262764e-01  3.239360931539e-01  5.660803855615e-01   1.787223107604e-01  7.874101726798e-01  3.227260651943e-01  5.668509882015e-01
  1.787223107604e-01  7.874101726798e-01  3.227260651943e-01  5.668509882015e-01   1.696154327201e-01  7.880351339930e-01  3.159141903578e-01  5.711288511951e-01
  1.696154327201e-01  7.880351339930e-01  3.159141903578e-01  5.711288511951e-01   1.660713185519e-01  7.882644622121e-01  3.132468828593e-01  5.727767875540e-01
  1.660713185519e-01  7.882644622121e-01  3.132468828593e-01  5.727767875540e-01   1.588513438801e-01  7.887069744909e-01  3.077860547558e-01  5.761047216773e-01
  1.588513438801e-01  7.887069744909e-01  3.077860547558e-01  5.761047216773e-01   1.534463894581e-01  7.890162030691e-01  3.036750938864e-01  5.785704741979e-01
  1.534463894581e-01  7.890162030691e-01  3.036750938864e-01  5.785704741979e-01   1.480550658019e-01  7.893054309177e-01  2.995557352249e-01  5.810082401210e-01
  1.480550658019e-01  7.893054309177e-01  2.995557352249e-01  5.810082401210e-01   1.408385806051e-01  7.896618414033e-01  2.940136776067e-01  5.842373326814e-01
  1.408385806051e-01  7.896618414033e-01  2.940136776067e-01  5.842373326814e-01   1.372249841763e-01  7.898268230186e-01  2.912268744555e-01  5.858397063204e-01
  1.372249841763e-01  7.898268230186e-01  2.912268744555e-01  5.858397063204e-01   1.282390967091e-01  7.901970303856e-01  2.842647505951e-01  5.897822756992e-01
  1.282390967091e-01  7.901970303856e-01  2.842647505951e-01  5.897822756992e-01   1.263593237194e-01  7.902671035541e-01  2.828027180130e-01  5.905994588095e-01
  1.263593237194e-01  7.902671035541e-01  2.828027180130e-01  5.905994588095e-01   1.156391067331e-01  7.906164861793e-01  2.744295961859e-01  5.952098722685e-01
  1.156391067331e-01  7.906164861793e-01  2.744295961859e-01  5.952098722685e-01   1.154560766271e-01  7.906216951921e-01  2.742861341769e-01  5.952878509632e-01
  1.154560766271e-01  7.906216951921e-01  2.742861341769e-01  5.952878509632e-01   1.142650024800e-01  7.906549617865e-01  2.733521490406e-01  5.957946964954e-01
  1.142650024800e-01  7.906549617865e-01  2.733521490406e-01  5.957946964954e-01   1.045129949069e-01  7.908854730257e-01  2.656796118684e-01  5.999052391840e-01
  1.045129949069e-01  7.908854730257e-01  2.656796118684e-01  5.999052391840e-01   1.031019695718e-01  7.909125275896e-01  2.645658254099e-01  6.004942035586e-01
  1.031019695718e-01  7.909125275896e-01  2.645658254099e-01  6.004942035586e-01   9.352753699272e-02  7.910526428677e-01  2.569852621184e-01  6.044519675347e-01
  9.352753699272e-02  7.910526428677e-01  2.569852621184e-01  6.044519675347e-01   9.055066672327e-02  7.910804041743e-01  2.546204474299e-01  6.056688016271e-01
  9.055066672327e-02  7.910804041743e-01  2.546204474299e-01  6.056688016271e-01   8.249681152267e-02  7.911166130773e-01  2.482048108478e-01  6.089283549790e-01
  8.249681152267e-02  7.911166130773e-01  2.482048108478e-01  6.089283549790e-01   7.796677057404e-02  7.911113127238e-01  2.445853753127e-01  6.107408606322e-01
  7.796677057404e-02  7.911113127238e-01  2.445853753127e-01  6.107408606322e-01   7.141750845555e-02  7.910698375204e-01  2.393395834025e-01  6.133346837805e-01
  7.141750845555e-02  7.910698375204e-01  2.393395834025e-01  6.133346837805e-01   6.534008440523e-02  7.909943934170e-01  2.344586821381e-01  6.157134995818e-01
  6.534008440523e-02  7.909943934170e-01  2.344586821381e-01  6.157134995818e-01   6.028580829436e-02  7.909036086210e-01  2.303904793796e-01  6.176711884874e-01
  6.028580829436e-02  7.909036086210e-01  2.303904793796e-01  6.176711884874e-01   5.265919331388e-02  7.907165386900e-01  2.242373071828e-01  6.205896785295e-01
  5.265919331388e-02  7.907165386900e-01  2.242373071828e-01  6.205896785295e-01   4.909727431446e-02  7.906078116658e-01  2.213579337532e-01  6.219380457965e-01
  4.909727431446e-02  7.906078116658e-01  2.213579337532e-01  6.219380457965e-01   3.991101962358e-02  7.902617674971e-01  2.139168342801e-01  6.253722384967e-01
  3.991101962358e-02  7.902617674971e-01  2.139168342801e-01  6.253722384967e-01   3.784668390387e-02  7.901705402986e-01  2.122418623556e-01  6.261353640009e-01
  3.784668390387e-02  7.901705402986e-01  2.122418623556e-01  6.261353640009e-01   2.708021227375e-02  7.896103472064e-01  2.034911641408e-01  6.300639549352e-01
  2.708021227375e-02  7.896103472064e-01  2.034911641408e-01  6.300639549352e-01   2.652783314479e-02  7.895776510115e-01  2.030415809900e-01  6.302631740039e-01
  2.652783314479e-02  7.895776510115e-01  2.030415809900e-01  6.302631740039e-01   2.241638303099e-02  7.893217464182e-01  1.996934950746e-01  6.317387970988e-01
  2.241638303099e-02  7.893217464182e-01  1.996934950746e-01  6.317387970988e-01   1.590648877602e-02  7.888697584328e-01  1.943864747373e-01  6.340491402383e-01
  1.590648877602e-02  7.888697584328e-01  1.943864747373e-01  6.340491402383e-01   1.513326444454e-02  7.888121422058e-01  1.937556915052e-01  6.343214204389e-01
  1.513326444454e-02  7.888121422058e-01  1.937556915052e-01  6.343214204389e-01   5.651259125357e-03  7.880344261621e-01  1.860140358051e-01  6.376232316427e-01
  5.651259125357e-03  7.880344261621e-01  1.860140358051e-01  6.376232316427e-01   3.653848795849e-03  7.878532018410e-01  1.843819173769e-01  6.383099542447e-01
  3.653848795849e-03  7.878532018410e-01  1.843819173769e-01  6.383099542447e-01  -4.677280227190e-03  7.870279631731e-01  1.775706784895e-01  6.411408048959e-01
 -4.677280227190e-03  7.870279631731e-01  1.775706784895e-01  6.411408048959e-01  -7.921757718224e-03  7.866749683915e-01  1.749168620242e-01  6.422285283792e-01
 -7.921757718224e-03  7.866749683915e-01  1.749168620242e-01  6.422285283792e-01  -1.508361239663e-02  7.858289553842e-01  1.690574825755e-01  6.445999545469e-01
 -1.508361239663e-02  7.858289553842e-01  1.690574825755e-01  6.445999545469e-01  -1.960798253583e-02  7.852445506113e-01  1.653556445010e-01  6.460768000549e-01
 -1.960798253583e-02  7.852445506113e-01  1.653556445010e-01  6.460768000549e-01  -2.557360113444e-02  7.844108943097e-01  1.604752574652e-01  6.479985400177e-01
 -2.557360113444e-02  7.844108943097e-01  1.604752574652e-01  6.479985400177e-01  -3.142363279872e-02  7.835190725359e-01  1.556913330535e-01  6.498543460103e-01
 -3.142363279872e-02  7.835190725359e-01  1.556913330535e-01  6.498543460103e-01  -3.615497863302e-02  7.827402011636e-01  1.518245089761e-01  6.513341032981e-01
 -3.615497863302e-02  7.827402011636e-01  1.518245089761e-01  6.513341032981e-01  -4.339407077906e-02  7.814407140087e-01  1.459140162344e-01  6.535607088899e-01
 -4.339407077906e-02  7.814407140087e-01  1.459140162344e-01  6.535607088899e-01  -4.683806699376e-02  7.807733339679e-01  1.431053642238e-01  6.546037655393e-01
 -4.683806699376e-02  7.807733339679e-01  1.431053642238e-01  6.546037655393e-01  -5.555493935284e-02  7.789282174572e-01  1.360091952666e-01  6.571955109147e-01
 -5.555493935284e-02  7.789282174572e-01  1.360091952666e-01  6.571955109147e-01  -5.763700099632e-02  7.784518414614e-01  1.343174938985e-01  6.578040645135e-01
 -5.763700099632e-02  7.784518414614e-01  1.343174938985e-01  6.578040645135e-01  -6.795922330851e-02  7.758607897306e-01  1.259547603048e-01  6.607587350706e-01
 -6.795922330851e-02  7.758607897306e-01  1.259547603048e-01  6.607587350706e-01  -6.857179085648e-02  7.756940338841e-01  1.254599566310e-01  6.609307206584e-01
 -6.857179085648e-02  7.756940338841e-01  1.254599566310e-01  6.609307206584e-01  -7.287588146175e-02  7.744769914953e-01  1.219889084816e-01  6.621281240918e-01
 -7.287588146175e-02  7.744769914953e-01  1.219889084816e-01  6.621281240918e-01  -7.964335929469e-02  7.723887555372e-01  1.165540172463e-01  6.639705210000e-01
 -7.964335929469e-02  7.723887555372e-01  1.165540172463e-01  6.639705210000e-01  -8.069210894668e-02  7.720442256248e-01  1.157146484874e-01  6.642514579267e-01
 -8.069210894668e-02  7.720442256248e-01  1.157146484874e-01  6.642514579267e-01  -9.090614061562e-02  7.683473422887e-01  1.075901211335e-01  6.669190823235e-01
 -9.090614061562e-02  7.683473422887e-01  1.075901211335e-01  6.669190823235e-01  -9.390799243288e-02  7.671265373367e-01  1.052231538684e-01  6.676780402673e-01
 -9.390799243288e-02  7.671265373367e-01  1.052231538684e-01  6.676780402673e-01  -1.024589716642e-01  7.632296583247e-01  9.855007054785e-02  6.697706246202e-01
 -1.024589716642e-01  7.632296583247e-01  9.855007054785e-02  6.697706246202e-01  -1.079513722088e-01  7.603223475263e-01  9.433396940351e-02  6.710545544048e-01
 -1.079513722088e-01  7.603223475263e-01  9.433396940351e-02  6.710545544048e-01  -1.144749747181e-01  7.563154851562e-01  8.942713899962e-02  6.725078400306e-01
 -1.144749747181e-01  7.563154851562e-01  8.942713899962e-02  6.725078400306e-01  -1.240975360437e-01  7.487242929251e-01  8.251047798762e-02  6.744697118753e-01
 -1.240975360437e-01  7.487242929251e-01  8.251047798762e-02  6.744697118753e-01  -1.275196481146e-01  7.452309324049e-01  8.020768764360e-02  6.750956326662e-01
 -1.275196481146e-01  7.452309324049e-01  8.020768764360e-02  6.750956326662e-01  -1.334933469948e-01  7.370469311139e-01  7.661301543958e-02  6.760355047430e-01
 -1.334933469948e-01  7.370469311139e-01  7.661301543958e-02  6.760355047430e-01  -1.374940236802e-01  7.074747930610e-01  7.928533924477e-02  6.755050346350e-01
 -1.374940236802e-01  7.074747930610e-01  7.928533924477e-02  6.755050346350e-01  -1.330525377753e-01  6.949736186251e-01  8.593812215262e-02  6.741947752265e-01
 -1.330525377753e-01  6.949736186251e-01  8.593812215262e-02  6.741947752265e-01  -1.313409629007e-01  6.915774874430e-01  8.820380512735e-02  6.737726557957e-01
 -1.313409629007e-01  6.915774874430e-01  8.820380512735e-02  6.737726557957e-01  -1.241218953493e-01  6.801127482913e-01  9.716395652223e-02  6.721977601277e-01
 -1.241218953493e-01  6.801127482913e-01  9.716395652223e-02  6.721977601277e-01  -1.240571845011e-01  6.800232155631e-01  9.724152370743e-02  6.721847201615e-01
 -1.240571845011e-01  6.800232155631e-01  9.724152370743e-02  6.721847201615e-01  -1.237412776755e-01  6.795885315260e-01  9.761969333371e-02  6.721212812252e-01
 -1.237412776755e-01  6.795885315260e-01  9.761969333371e-02  6.721212812252e-01  -1.162778145835e-01  6.702633715245e-01  1.063584543446e-01  6.707148916122e-01
 -1.162778145835e-01  6.702633715245e-01  1.063584543446e-01  6.707148916122e-01  -1.149052423426e-01  6.687035123579e-01  1.079334482213e-01  6.704729084529e-01
 -1.149052423426e-01  6.687035123579e-01  1.079334482213e-01  6.704729084529e-01  -1.082366247667e-01  6.616117838958e-01  1.154846996320e-01  6.693578971450e-01
 -1.082366247667e-01  6.616117838958e-01  1.154846996320e-01  6.693578971450e-01  -1.055518228806e-01  6.589448020822e-01  1.184858274042e-01  6.689346563534e-01
 -1.055518228806e-01  6.589448020822e-01  1.184858274042e-01  6.689346563534e-01  -1.000253309789e-01  6.537240098571e-01  1.246074737655e-01  6.681047486590e-01
 -1.000253309789e-01  6.537240098571e-01  1.246074737655e-01  6.681047486590e-01  -9.611320651115e-02  6.502142655756e-01  1.289020439787e-01  6.675484278967e-01
 -9.611320651115e-02  6.502142655756e-01  1.289020439787e-01  6.675484278967e-01  -9.169413353342e-02  6.464064665518e-01  1.337201760176e-01  6.669488844221e-01
 -9.169413353342e-02  6.464064665518e-01  1.337201760176e-01  6.669488844221e-01  -8.661461526061e-02  6.422075182450e-01  1.392207294615e-01  6.662953936412e-01
 -8.661461526061e-02  6.422075182450e-01  1.392207294615e-01  6.662953936412e-01  -8.327454669994e-02  6.395379037696e-01  1.428181415648e-01  6.658854756576e-01
 -8.327454669994e-02  6.395379037696e-01  1.428181415648e-01  6.658854756576e-01  -7.707064597382e-02  6.347484023712e-01  1.494635666917e-01  6.651638165692e-01
 -7.707064597382e-02  6.347484023712e-01  1.494635666917e-01  6.651638165692e-01  -7.478801197757e-02  6.330363823421e-01  1.518977186246e-01  6.649108610860e-01
 -7.478801197757e-02  6.330363823421e-01  1.518977186246e-01  6.649108610860e-01  -6.749065745098e-02  6.277239740319e-01  1.596439208942e-01  6.641458176004e-01
 -6.749065745098e-02  6.277239740319e-01  1.596439208942e-01  6.641458176004e-01  -6.625002788912e-02  6.268433915854e-01  1.609558124617e-01  6.640222098091e-01
 -6.625002788912e-02  6.268433915854e-01  1.609558124617e-01  6.640222098091e-01  -5.788107884211e-02  6.210566449251e-01  1.697705170861e-01  6.632358783787e-01
 -5.788107884211e-02  6.210566449251e-01  1.697705170861e-01  6.632358783787e-01  -5.767230798216e-02  6.209155059766e-01  1.699896660192e-01  6.632173030486e-01
 -5.767230798216e-02  6.209155059766e-01  1.699896660192e-01  6.632173030486e-01  -5.592602896933e-02  6.197407058068e-01  1.718214054995e-01  6.630638806739e-01
 -5.592602896933e-02  6.197407058068e-01  1.718214054995e-01  6.630638806739e-01  -4.824655928516e-02  6.146903082996e-01  1.798492472982e-01  6.624300484998e-01
 -4.824655928516e-02  6.146903082996e-01  1.798492472982e-01  6.624300484998e-01  -4.721340196744e-02  6.140244804810e-01  1.809259973137e-01  6.623497913738e-01
 -4.721340196744e-02  6.140244804810e-01  1.809259973137e-01  6.623497913738e-01  -3.859058834656e-02  6.085828513514e-01  1.898841486987e-01  6.617254850566e-01
 -3.859058834656e-02  6.085828513514e-01  1.898841486987e-01  6.617254850566e-01  -3.627699797470e-02  6.071559300140e-01  1.922793772074e-01  6.615716577007e-01
 -3.627699797470e-02  6.071559300140e-01  1.922793772074e-01  6.615716577007e-01  -2.891586716088e-02  6.027016762340e-01  1.998779740224e-01  6.611201661616e-01
 -2.891586716088e-02  6.027016762340e-01  1.998779740224e-01  6.611201661616e-01  -2.533162849907e-02  6.005774807725e-01  2.035659573857e-01  6.609210415149e-01
 -2.533162849907e-02  6.005774807725e-01  2.035659573857e-01  6.609210415149e-01  -1.922453778789e-02  5.970209321304e-01  2.098325419118e-01  6.606127032607e-01
 -1.922453778789e-02  5.970209321304e-01  2.098325419118e-01  6.606127032607e-01  -1.437226046900e-02  5.942484974146e-01  2.147964335820e-01  6.603953349777e-01
 -1.437226046900e-02  5.942484974146e-01  2.147964335820e-01  6.603953349777e-01  -9.518333378320e-03  5.915197030218e-01  2.197489612689e-01  6.602022130025e-01
 -9.518333378320e-03  5.915197030218e-01  2.197489612689e-01  6.602022130025e-01  -3.394534005363e-03  5.881371858189e-01  2.259789197924e-01  6.599931095971e-01
 -3.394534005363e-03  5.881371858189e-01  2.259789197924e-01  6.599931095971e-01   2.013200247052e-04  5.861807791269e-01  2.296277792568e-01  6.598882268400e-01
  2.013200247052e-04  5.861807791269e-01  2.296277792568e-01  6.598882268400e-01   7.605487840628e-03  5.822180694845e-01  2.371196655472e-01  6.597138769559e-01
  7.605487840628e-03  5.822180694845e-01  2.371196655472e-01  6.597138769559e-01   9.933232125039e-03  5.809897957077e-01  2.394690807735e-01  6.596706255049e-01
  9.933232125039e-03  5.809897957077e-01  2.394690807735e-01  6.596706255049e-01   1.863148896415e-02  5.764703208073e-01  2.482235215809e-01  6.595579322949e-01
  1.863148896415e-02  5.764703208073e-01  2.482235215809e-01  6.595579322949e-01   1.967639708922e-02  5.759346141593e-01  2.492725558723e-01  6.595495904122e-01
  1.967639708922e-02  5.759346141593e-01  2.492725558723e-01  6.595495904122e-01   2.751622038095e-02  5.719622852852e-01  2.571254265518e-01  6.595226019334e-01
  2.751622038095e-02  5.719622852852e-01  2.571254265518e-01  6.595226019334e-01   2.942995583537e-02  5.710048669054e-01  2.590375451865e-01  6.595255668884e-01
  2.942995583537e-02  5.710048669054e-01  2.590375451865e-01  6.595255668884e-01   2.969949719009e-02  5.708703947768e-01  2.593067072424e-01  6.595262861293e-01
  2.969949719009e-02  5.708703947768e-01  2.593067072424e-01  6.595262861293e-01   3.919316781365e-02  5.661916168385e-01  2.687630697805e-01  6.595992358234e-01
  3.919316781365e-02  5.661916168385e-01  2.687630697805e-01  6.595992358234e-01   4.085401486722e-02  5.653842839593e-01  2.704125836912e-01  6.596215390708e-01
  4.085401486722e-02  5.653842839593e-01  2.704125836912e-01  6.596215390708e-01   4.896538942820e-02  5.614870969116e-01  2.784478494252e-01  6.597714914029e-01
  4.896538942820e-02  5.614870969116e-01  2.784478494252e-01  6.597714914029e-01   5.204940605780e-02  5.600246922836e-01  2.814938130439e-01  6.598464429596e-01
  5.204940605780e-02  5.600246922836e-01  2.814938130439e-01  6.598464429596e-01   5.874605712922e-02  5.568845060899e-01  2.880903117647e-01  6.600434232356e-01
  5.874605712922e-02  5.568845060899e-01  2.880903117647e-01  6.600434232356e-01   6.328987230066e-02  5.547804981112e-01  2.925523347264e-01  6.602039101532e-01
  6.328987230066e-02  5.547804981112e-01  2.925523347264e-01  6.602039101532e-01   6.853467298149e-02  5.523778351891e-01  2.976885925825e-01  6.604163015496e-01
  6.853467298149e-02  5.523778351891e-01  2.976885925825e-01  6.604163015496e-01   7.457982691317e-02  5.496419186900e-01  3.035895267599e-01  6.606974331990e-01
  7.457982691317e-02  5.496419186900e-01  3.035895267599e-01  6.606974331990e-01   7.833079812750e-02  5.479617879867e-01  3.072405378216e-01  6.608915648783e-01
  7.833079812750e-02  5.479617879867e-01  3.072405378216e-01  6.608915648783e-01   8.592395368474e-02  5.446002818647e-01  3.146062366185e-01  6.613310924943e-01
  8.592395368474e-02  5.446002818647e-01  3.146062366185e-01  6.613310924943e-01   8.813403800356e-02  5.436316028071e-01  3.167436850987e-01  6.614708085213e-01
  8.813403800356e-02  5.436316028071e-01  3.167436850987e-01  6.614708085213e-01   9.732728383123e-02  5.396477651589e-01  3.256028005555e-01  6.621095755950e-01
  9.732728383123e-02  5.396477651589e-01  3.256028005555e-01  6.621095755950e-01   9.794404385252e-02  5.393830707773e-01  3.261952639182e-01  6.621557749272e-01
  9.794404385252e-02  5.393830707773e-01  3.261952639182e-01  6.621557749272e-01   1.016518377777e-01  5.377984734787e-01  3.297519023307e-01  6.624424450812e-01
  1.016518377777e-01  5.377984734787e-01  3.297519023307e-01  6.624424450812e-01   1.078601643538e-01  5.351704130469e-01  3.356872461533e-01  6.629569452553e-01
  1.078601643538e-01  5.351704130469e-01  3.356872461533e-01  6.629569452553e-01   1.089316849569e-01  5.347199614348e-01  3.367090844263e-01  6.630501441237e-01
  1.089316849569e-01  5.347199614348e-01  3.367090844263e-01  6.630501441237e-01   1.177821746843e-01  5.310337854012e-01  3.451194825593e-01  6.638699402678e-01
  1.177821746843e-01  5.310337854012e-01  3.451194825593e-01  6.638699402678e-01   1.206068793166e-01  5.298699972620e-01  3.477923028602e-01  6.641505055931e-01
  1.206068793166e-01  5.298699972620e-01  3.477923028602e-01  6.641505055931e-01   1.276324338913e-01  5.270013459197e-01  3.544152668765e-01  6.648884827690e-01
  1.276324338913e-01  5.270013459197e-01  3.544152668765e-01  6.648884827690e-01   1.322531174305e-01  5.251343787181e-01  3.587513147890e-01  6.654053593917e-01
  1.322531174305e-01  5.251343787181e-01  3.587513147890e-01  6.654053593917e-01   1.374072235354e-01  5.230699406579e-01  3.635687106486e-01  6.660117200266e-01
  1.374072235354e-01  5.230699406579e-01  3.635687106486e-01  6.660117200266e-01   1.438719832764e-01  5.205068508158e-01  3.695815175093e-01  6.668171861498e-01
  1.438719832764e-01  5.205068508158e-01  3.695815175093e-01  6.668171861498e-01   1.471023873161e-01  5.192368686974e-01  3.725733460472e-01  6.672385784625e-01
  1.471023873161e-01  5.192368686974e-01  3.725733460472e-01  6.672385784625e-01   1.554648906927e-01  5.159818304339e-01  3.802772575281e-01  6.683886309542e-01
  1.554648906927e-01  5.159818304339e-01  3.802772575281e-01  6.683886309542e-01   1.567132864250e-01  5.154998709502e-01  3.814221180066e-01  6.685677037300e-01
  1.567132864250e-01  5.154998709502e-01  3.814221180066e-01  6.685677037300e-01   1.625694586375e-01  5.132525310229e-01  3.867738859983e-01  6.694335972345e-01
  1.625694586375e-01  5.132525310229e-01  3.867738859983e-01  6.694335972345e-01   1.662715503830e-01  5.118431741554e-01  3.901407874402e-01  6.700031426098e-01
  1.662715503830e-01  5.118431741554e-01  3.901407874402e-01  6.700031426098e-01   1.670331016054e-01  5.115543343396e-01  3.908317819399e-01  6.701224449602e-01
  1.670331016054e-01  5.115543343396e-01  3.908317819399e-01  6.701224449602e-01   1.757989477940e-01  5.082557047820e-01  3.987448096277e-01  6.715487404382e-01
  5.139986770784e-01  5.700770706466e-01  6.960519938075e-01  8.292609423640e-01   5.141919660272e-01  5.698106589060e-01  6.863974961679e-01  8.427969280763e-01
  5.141919660272e-01  5.698106589060e-01  6.863974961679e-01  8.427969280763e-01   5.146339567543e-01  5.693365035581e-01  6.661427619671e-01  8.648766017680e-01
  5.146339567543e-01  5.693365035581e-01  6.661427619671e-01  8.648766017680e-01   5.148857466968e-01  5.691253148593e-01  6.553589434290e-01  8.740251544201e-01
  5.148857466968e-01  5.691253148593e-01  6.553589434290e-01  8.740251544201e-01   5.151539593208e-01  5.689356410645e-01  6.442729120482e-01  8.819430968874e-01
  5.151539593208e-01  5.689356410645e-01  6.442729120482e-01  8.819430968874e-01   5.157240622879e-01  5.686292680494e-01  6.216011138862e-01  8.942346039505e-01
  5.157240622879e-01  5.686292680494e-01  6.216011138862e-01  8.942346039505e-01   5.160300226922e-01  5.685103364324e-01  6.097285843814e-01  8.988734376688e-01
  5.160300226922e-01  5.685103364324e-01  6.097285843814e-01  8.988734376688e-01   5.163446964631e-01  5.684169728223e-01  5.976113524930e-01  9.024780394511e-01
  5.163446964631e-01  5.684169728223e-01  5.976113524930e-01  9.024780394511e-01   5.169827660211e-01  5.683100143312e-01  5.729998212656e-01  9.065802339363e-01
  5.169827660211e-01  5.683100143312e-01  5.729998212656e-01  9.065802339363e-01   5.173107448019e-01  5.682956612760e-01  5.601610184024e-01  9.071120529848e-01
  5.173107448019e-01  5.682956612760e-01  5.601610184024e-01  9.071120529848e-01   5.176388638353e-01  5.683083333553e-01  5.470709790251e-01  9.065627594735e-01
  5.176388638353e-01  5.683083333553e-01  5.470709790251e-01  9.065627594735e-01   5.182780100750e-01  5.684121557426e-01  5.204728720971e-01  9.020931704461e-01
  5.182780100750e-01  5.684121557426e-01  5.204728720971e-01  9.020931704461e-01   5.185936049960e-01  5.685041084055e-01  5.065682229690e-01  8.979490806880e-01
  5.185936049960e-01  5.685041084055e-01  5.065682229690e-01  8.979490806880e-01   5.189007064131e-01  5.686218040078e-01  4.923552815190e-01  8.923876329237e-01
  5.189007064131e-01  5.686218040078e-01  4.923552815190e-01  8.923876329237e-01   5.194735672742e-01  5.689263892700e-01  4.633162950833e-01  8.765905094818e-01
  5.194735672742e-01  5.689263892700e-01  4.633162950833e-01  8.765905094818e-01   5.197433477497e-01  5.691155441573e-01  4.480260297942e-01  8.656592993094e-01
  5.197433477497e-01  5.691155441573e-01  4.480260297942e-01  8.656592993094e-01   5.199967485224e-01  5.693265040921e-01  4.323025944140e-01  8.523081219304e-01
  5.199967485224e-01  5.693265040921e-01  4.323025944140e-01  8.523081219304e-01   5.204417759673e-01  5.698011112886e-01  3.998559881202e-01  8.168096880612e-01
  5.204417759673e-01  5.698011112886e-01  3.998559881202e-01  8.168096880612e-01   5.206363556669e-01  5.700682224707e-01  3.826309072487e-01  7.926362790834e-01
  5.206363556669e-01  5.700682224707e-01  3.826309072487e-01  7.926362790834e-01   5.208080605253e-01  5.703508716080e-01  3.649394325615e-01  7.628392888724e-01
  5.208080605253e-01  5.703508716080e-01  3.649394325615e-01  7.628392888724e-01   5.210742136911e-01  5.709465579510e-01  3.301867489499e-01  6.826582859694e-01
  5.210742136911e-01  5.709465579510e-01  3.301867489499e-01  6.826582859694e-01   5.211696884580e-01  5.712637352372e-01  3.149115425733e-01  6.312972513633e-01
  5.211696884580e-01  5.712637352372e-01  3.149115425733e-01  6.312972513633e-01   5.212371850365e-01  5.715880414221e-01  3.036726080624e-01  5.776875808092e-01
  5.212371850365e-01  5.715880414221e-01  3.036726080624e-01  5.776875808092e-01   5.212872096564e-01  5.722386900901e-01  2.956397158892e-01  4.852663440388e-01
  5.212872096564e-01  5.722386900901e-01  2.956397158892e-01  4.852663440388e-01   5.212708274093e-01  5.725690942888e-01  2.971102638800e-01  4.482878258160e-01
  5.212708274093e-01  5.725690942888e-01  2.971102638800e-01  4.482878258160e-01   5.212268550499e-01  5.728967260289e-01  3.009790986453e-01  4.170020064054e-01
  5.212268550499e-01  5.728967260289e-01  3.009790986453e-01  4.170020064054e-01   5.210612677316e-01  5.735261237678e-01  3.132136020755e-01  3.679235671690e-01
  5.210612677316e-01  5.735261237678e-01  3.132136020755e-01  3.679235671690e-01   5.209387292917e-01  5.738323340322e-01  3.209999403456e-01  3.478923725169e-01
  5.209387292917e-01  5.738323340322e-01  3.209999403456e-01  3.478923725169e-01   5.207913902221e-01  5.741271446531e-01  3.295436326072e-01  3.303873619756e-01
  5.207913902221e-01  5.741271446531e-01  3.295436326072e-01  3.303873619756e-01   5.204323117978e-01  5.746677149567e-01  3.480889664753e-01  3.018585651878e-01
  5.204323117978e-01  5.746677149567e-01  3.480889664753e-01  3.018585651878e-01   5.202181204463e-01  5.749173803131e-01  3.581689007961e-01  2.899335108424e-01
  5.202181204463e-01  5.749173803131e-01  3.581689007961e-01  2.899335108424e-01   5.199842094621e-01  5.751484272781e-01  3.686239722131e-01  2.794715267108e-01
  5.199842094621e-01  5.751484272781e-01  3.686239722131e-01  2.794715267108e-01   5.194712993615e-01  5.755438219202e-01  3.901951090382e-01  2.626391165791e-01
  5.194712993615e-01  5.755438219202e-01  3.901951090382e-01  2.626391165791e-01   5.191886682390e-01  5.757110510621e-01  4.015566249213e-01  2.558592868675e-01
  5.191886682390e-01  5.757110510621e-01  4.015566249213e-01  2.558592868675e-01   5.188933129192e-01  5.758544317189e-01  4.131809928545e-01  2.501768271226e-01
  5.188933129192e-01  5.758544317189e-01  4.131809928545e-01  2.501768271226e-01   5.182811440051e-01  5.760638312318e-01  4.368428674114e-01  2.420462257683e-01
  5.182811440051e-01  5.760638312318e-01  4.368428674114e-01  2.420462257683e-01   5.179599402600e-01  5.761313675809e-01  4.491983320972e-01  2.394522587598e-01
  5.179599402600e-01  5.761313675809e-01  4.491983320972e-01  2.394522587598e-01   5.176342509911e-01  5.761722687371e-01  4.617955079584e-01  2.378872818437e-01
  5.176342509911e-01  5.761722687371e-01  4.617955079584e-01  2.378872818437e-01   5.169871021597e-01  5.761739269433e-01  4.873698425947e-01  2.379041425166e-01
  5.169871021597e-01  5.761739269433e-01  4.873698425947e-01  2.379041425166e-01   5.166609997487e-01  5.761346611242e-01  5.007168184417e-01  2.395695128557e-01
  5.166609997487e-01  5.761346611242e-01  5.007168184417e-01  2.395695128557e-01   5.163391176813e-01  5.760686686011e-01  5.143367031856e-01  2.424364138936e-01
  5.163391176813e-01  5.760686686011e-01  5.143367031856e-01  2.424364138936e-01   5.157249145245e-01  5.758618802122e-01  5.420697420619e-01  2.520080260609e-01
  5.157249145245e-01  5.758618802122e-01  5.420697420619e-01  2.520080260609e-01   5.154282343210e-01  5.757195271767e-01  5.566102529417e-01  2.591247110294e-01
  5.154282343210e-01  5.757195271767e-01  5.566102529417e-01  2.591247110294e-01   5.151441323670e-01  5.755530826774e-01  5.715114661107e-01  2.680262480556e-01
  5.151441323670e-01  5.755530826774e-01  5.715114661107e-01  2.680262480556e-01   5.146280864991e-01  5.751584256463e-01  6.021008542984e-01  2.919729498271e-01
  5.146280864991e-01  5.751584256463e-01  6.021008542984e-01  2.919729498271e-01   5.143925863118e-01  5.749273066218e-01  6.182927063049e-01  3.081898833212e-01
  5.143925863118e-01  5.749273066218e-01  6.182927063049e-01  3.081898833212e-01   5.141769061584e-01  5.746772551568e-01  6.349974224123e-01  3.279703285722e-01
  5.141769061584e-01  5.746772551568e-01  6.349974224123e-01  3.279703285722e-01   5.138156156046e-01  5.741349935385e-01  6.694378991808e-01  3.811912891605e-01
  5.138156156046e-01  5.741349935385e-01  6.694378991808e-01  3.811912891605e-01   5.136678677502e-01  5.738388665155e-01  6.873255716722e-01  4.178745473145e-01
  5.136678677502e-01  5.738388665155e-01  6.873255716722e-01  4.178745473145e-01   5.135457861905e-01  5.735310703642e-01  7.046620267529e-01  4.624858078607e-01
  5.135457861905e-01  5.735310703642e-01  7.046620267529e-01  4.624858078607e-01   5.133850360813e-01  5.728983333443e-01  7.308287114172e-01  5.660743583424e-01
  5.133850360813e-01  5.728983333443e-01  7.308287114172e-01  5.660743583424e-01   5.133455337289e-01  5.725695192456e-01  7.371379178826e-01  6.161954577864e-01
  5.133455337289e-01  5.725695192456e-01  7.371379178826e-01  6.161954577864e-01   5.133343160346e-01  5.722386901106e-01  7.389818469111e-01  6.597644203863e-01
  5.133343160346e-01  5.722386901106e-01  7.389818469111e-01  6.597644203863e-01   5.133938495522e-01  5.715896286171e-01  7.337081083949e-01  7.270855571672e-01
  5.133938495522e-01  5.715896286171e-01  7.337081083949e-01  7.270855571672e-01   5.134645489995e-01  5.712669634322e-01  7.281419959393e-01  7.538263012484e-01
  5.134645489995e-01  5.712669634322e-01  7.281419959393e-01  7.538263012484e-01   5.135617254669e-01  5.709515276810e-01  7.213074007411e-01  7.768513041732e-01
  5.135617254669e-01  5.709515276810e-01  7.213074007411e-01  7.768513041732e-01   5.138279227218e-01  5.703587045176e-01  7.051990435477e-01  8.138704497330e-01
  5.138279227218e-01  5.703587045176e-01  7.051990435477e-01  8.138704497330e-01   5.139986770784e-01  5.700770706466e-01  6.960519938075e-01  8.292609423640e-01
