LENS PARMS:
   alpha 3.906213e-01 7.278615e-01 1.300147e-01 3.490791e-01 -4.449906e+01 0.0 0.0 0.0 0.0 1.000000e+00
 expdisk 1.218717e+00 7.940000e-01 1.277269e-01 7.242722e-01 -5.800000e+01 0.0 0.0 3.106876e-01 0.0 0.0
SOURCE PARMS:
   ptsrc 2.000784e+00 6.726677e-01 -1.652584e-02 0.0 0.0 0.0 0.0 0.0
CHISQ: 5.829876e+00 1.550364e+00 4.279512e+00 0.000000e+00 4.250252e-10 0.000000e+00 0.000000e+00 0.000000e+00 0.000000e+00 # tot pos flux tdel gal plim crv ring weak

Source #1
  posn:  6.726677e-01 -1.652584e-02
  flux:  2.000784e+00
     h:  7.000000e-01
  zsrc:  1.340000e+00
tscale:  5.029346e+01
images:
   0.0000   0.0000 (3.0e-03)  15.6000 ( 1.50e+00)   0.00 (0.0e+00) ->  -0.0023  -0.0005  16.1714   4.9137
   0.0200  -0.1560 (3.0e-03)  13.1040 ( 1.30e+00)   0.00 (0.0e+00) ->   0.0225  -0.1556  12.5083   4.9486
   0.8120  -0.6630 (3.0e-03)   6.5208 ( 6.50e-01)   0.00 (0.0e+00) ->   0.8122  -0.6633   5.5072   0.0000
   1.1740   0.4590 (3.0e-03)   1.2792 ( 1.30e-01)   0.00 (0.0e+00) ->   1.1748   0.4579   1.4380  19.2496


