#
# Columns: x1 y1 u1 v1 x2 y2 u2 v2
#
# To plot the image plane curves, connect each (x1,y1)
# to the (x2,y2) on the same line -- do *not* connect
# consecutive lines!
#
# To plot the source plane curves, do the same for
# (u1,v1) and (u2,v2).
#
  5.092830368036e-01  4.393421916367e-01  7.903559296629e-01  8.525372087337e-01   5.035689471287e-01  4.423380950771e-01  7.896569311792e-01  8.516373969264e-01
  5.035689471287e-01  4.423380950771e-01  7.896569311792e-01  8.516373969264e-01   5.202200993150e-01  4.338833939748e-01  7.916699077680e-01  8.542904765844e-01
  5.202200993150e-01  4.338833939748e-01  7.916699077680e-01  8.542904765844e-01   5.092830368036e-01  4.393421916367e-01  7.903559296629e-01  8.525372087337e-01
  5.412834563791e-01  4.243314217289e-01  7.941021018588e-01  8.577686712447e-01   5.684269114575e-01  4.137368760306e-01  7.970205301306e-01  8.624097686532e-01
  5.684269114575e-01  4.137368760306e-01  7.970205301306e-01  8.624097686532e-01   5.736371933468e-01  4.119092458583e-01  7.975505100435e-01  8.633167634603e-01
  5.736371933468e-01  4.119092458583e-01  7.975505100435e-01  8.633167634603e-01   5.999646068284e-01  4.036229943403e-01  8.000693546256e-01  8.679562778905e-01
  5.999646068284e-01  4.036229943403e-01  8.000693546256e-01  8.679562778905e-01   6.063644415483e-01  4.018387894660e-01  8.006401578597e-01  8.690946411093e-01
  6.063644415483e-01  4.018387894660e-01  8.006401578597e-01  8.690946411093e-01   6.269107043127e-01  3.966888571122e-01  8.023590118394e-01  8.727636851852e-01
  6.269107043127e-01  3.966888571122e-01  8.023590118394e-01  8.727636851852e-01   6.395353389306e-01  3.939472547906e-01  8.033275299778e-01  8.750214869960e-01
  6.395353389306e-01  3.939472547906e-01  8.033275299778e-01  8.750214869960e-01   6.645881209839e-01  3.894178614078e-01  8.050483633661e-01  8.794847372772e-01
  6.645881209839e-01  3.894178614078e-01  8.050483633661e-01  8.794847372772e-01   6.726856154048e-01  3.882049380402e-01  8.055469759556e-01  8.809169349208e-01
  6.726856154048e-01  3.882049380402e-01  8.055469759556e-01  8.809169349208e-01   6.839271732104e-01  3.867188307679e-01  8.061925112811e-01  8.828924941414e-01
  6.839271732104e-01  3.867188307679e-01  8.061925112811e-01  8.828924941414e-01   7.053860777219e-01  3.845061628804e-01  8.072749283598e-01  8.866098443515e-01
  7.053860777219e-01  3.845061628804e-01  8.072749283598e-01  8.866098443515e-01   7.263105444384e-01  3.831170786376e-01  8.081438310676e-01  8.901457116537e-01
  7.263105444384e-01  3.831170786376e-01  8.081438310676e-01  8.901457116537e-01   7.378079799447e-01  3.826695360953e-01  8.085446889072e-01  8.920424337296e-01
  7.378079799447e-01  3.826695360953e-01  8.085446889072e-01  8.920424337296e-01   7.541498001744e-01  3.824121081647e-01  8.090237865966e-01  8.946724293522e-01
  7.541498001744e-01  3.824121081647e-01  8.090237865966e-01  8.946724293522e-01   7.701403978535e-01  3.825850060836e-01  8.093931640130e-01  8.971613417353e-01
  7.701403978535e-01  3.825850060836e-01  8.093931640130e-01  8.971613417353e-01   7.968895749168e-01  3.838006794762e-01  8.098044053098e-01  9.011095316117e-01
  7.968895749168e-01  3.838006794762e-01  8.098044053098e-01  9.011095316117e-01   8.020369939726e-01  3.841665358593e-01  8.098556621959e-01  9.018351483300e-01
  8.020369939726e-01  3.841665358593e-01  8.098556621959e-01  9.018351483300e-01   8.123926065276e-01  3.850308696910e-01  8.099332804175e-01  9.032588399667e-01
  8.123926065276e-01  3.850308696910e-01  8.099332804175e-01  9.032588399667e-01   8.331855000000e-01  3.872825461287e-01  8.099931437978e-01  9.059626056234e-01
  8.331855000000e-01  3.872825461287e-01  8.099931437978e-01  9.059626056234e-01   8.563636041459e-01  3.906037319502e-01  8.099268381912e-01  9.087120162198e-01
  8.563636041459e-01  3.906037319502e-01  8.099268381912e-01  9.087120162198e-01   8.638321639140e-01  3.918563432213e-01  8.098798184026e-01  9.095342861959e-01
  8.638321639140e-01  3.918563432213e-01  8.098798184026e-01  9.095342861959e-01   8.847048210115e-01  3.958307410288e-01  8.096942368439e-01  9.116574168759e-01
  8.847048210115e-01  3.958307410288e-01  8.096942368439e-01  9.116574168759e-01   8.942176645802e-01  3.978747848816e-01  8.095879041626e-01  9.125360826736e-01
  8.942176645802e-01  3.978747848816e-01  8.095879041626e-01  9.125360826736e-01   9.065743530251e-01  4.007491432614e-01  8.094347414353e-01  9.135907656394e-01
  9.065743530251e-01  4.007491432614e-01  8.094347414353e-01  9.135907656394e-01   9.240657797311e-01  4.052454662471e-01  8.091989564566e-01  9.149105924187e-01
  9.240657797311e-01  4.052454662471e-01  8.091989564566e-01  9.149105924187e-01   9.434181429415e-01  4.108124101700e-01  8.089304755802e-01  9.161255931253e-01
  9.434181429415e-01  4.108124101700e-01  8.089304755802e-01  9.161255931253e-01   9.531242660043e-01  4.138425314749e-01  8.088000633933e-01  9.166350415319e-01
  9.531242660043e-01  4.138425314749e-01  8.088000633933e-01  9.166350415319e-01   9.612414745710e-01  4.165005163580e-01  8.086962980549e-01  9.170087914515e-01
  9.612414745710e-01  4.165005163580e-01  8.086962980549e-01  9.170087914515e-01   9.816507093566e-01  4.236907715256e-01  8.084702828802e-01  9.177344440745e-01
  9.816507093566e-01  4.236907715256e-01  8.084702828802e-01  9.177344440745e-01   9.917914724210e-01  4.275385709617e-01  8.083841206634e-01  9.179795121710e-01
  9.917914724210e-01  4.275385709617e-01  8.083841206634e-01  9.179795121710e-01   1.009884855971e+00  4.348701183525e-01  8.082898717309e-01  9.182239556255e-01
  1.009884855971e+00  4.348701183525e-01  8.082898717309e-01  9.182239556255e-01   1.028123806138e+00  4.428834361824e-01  8.082932621329e-01  9.182187154150e-01
  1.028123806138e+00  4.428834361824e-01  8.082932621329e-01  9.182187154150e-01   1.037576390096e+00  4.472904042566e-01  8.083424443348e-01  9.181164818214e-01
  1.037576390096e+00  4.472904042566e-01  8.083424443348e-01  9.181164818214e-01   1.057967897274e+00  4.574102281485e-01  8.085805135323e-01  9.176657629773e-01
  1.057967897274e+00  4.574102281485e-01  8.085805135323e-01  9.176657629773e-01   1.064489836277e+00  4.608292375574e-01  8.086995996213e-01  9.174557571528e-01
  1.064489836277e+00  4.608292375574e-01  8.086995996213e-01  9.174557571528e-01   1.071855581008e+00  4.648002038810e-01  8.088618614811e-01  9.171806278026e-01
  1.071855581008e+00  4.648002038810e-01  8.088618614811e-01  9.171806278026e-01   1.090853915857e+00  4.755969088472e-01  8.094295786660e-01  9.162878990698e-01
  1.090853915857e+00  4.755969088472e-01  8.094295786660e-01  9.162878990698e-01   1.104148946280e+00  4.836481781203e-01  8.099687529229e-01  9.155097589117e-01
  1.104148946280e+00  4.836481781203e-01  8.099687529229e-01  9.155097589117e-01   1.116870523364e+00  4.917545796569e-01  8.106066274682e-01  9.146507223408e-01
  1.116870523364e+00  4.917545796569e-01  8.106066274682e-01  9.146507223408e-01   1.126850985102e+00  4.984024473241e-01  8.111976258875e-01  9.139009407447e-01
  1.126850985102e+00  4.984024473241e-01  8.111976258875e-01  9.139009407447e-01   1.142280526739e+00  5.092049031394e-01  8.122813663749e-01  9.126159175913e-01
  1.142280526739e+00  5.092049031394e-01  8.122813663749e-01  9.126159175913e-01   1.150717858441e+00  5.153952588170e-01  8.129676011747e-01  9.118513415259e-01
  1.150717858441e+00  5.153952588170e-01  8.129676011747e-01  9.118513415259e-01   1.166833670567e+00  5.278119294327e-01  8.144773297311e-01  9.102766112219e-01
  1.166833670567e+00  5.278119294327e-01  8.144773297311e-01  9.102766112219e-01   1.189987956537e+00  5.471324022711e-01  8.171470019774e-01  9.077743677187e-01
  1.189987956537e+00  5.471324022711e-01  8.171470019774e-01  9.077743677187e-01   1.190696459166e+00  5.477532747557e-01  8.172387041011e-01  9.076937419967e-01
  1.190696459166e+00  5.477532747557e-01  8.172387041011e-01  9.076937419967e-01   1.192494414579e+00  5.493371684605e-01  8.174742163881e-01  9.074881260810e-01
  1.192494414579e+00  5.493371684605e-01  8.174742163881e-01  9.074881260810e-01   1.213995236239e+00  5.692545120983e-01  8.206153252652e-01  9.049256430445e-01
  1.213995236239e+00  5.692545120983e-01  8.206153252652e-01  9.049256430445e-01   1.228153158203e+00  5.834453315232e-01  8.230343052270e-01  9.031482254981e-01
  1.228153158203e+00  5.834453315232e-01  8.230343052270e-01  9.031482254981e-01   1.236430556995e+00  5.921845706930e-01  8.245884647855e-01  9.020827375299e-01
  1.236430556995e+00  5.921845706930e-01  8.245884647855e-01  9.020827375299e-01   1.247266995835e+00  6.041685690862e-01  8.267895427576e-01  9.006649174672e-01
  1.247266995835e+00  6.041685690862e-01  8.267895427576e-01  9.006649174672e-01   1.257712231331e+00  6.163594773876e-01  8.291008937754e-01  8.992804279860e-01
  1.257712231331e+00  6.163594773876e-01  8.291008937754e-01  8.992804279860e-01   1.276626098023e+00  6.402765918468e-01  8.338043396319e-01  8.967545964895e-01
  1.276626098023e+00  6.402765918468e-01  8.338043396319e-01  8.967545964895e-01   1.277906525473e+00  6.419922654986e-01  8.341487061470e-01  8.965837431662e-01
  1.277906525473e+00  6.419922654986e-01  8.341487061470e-01  8.965837431662e-01   1.280043442054e+00  6.448854665730e-01  8.347311883219e-01  8.962988709693e-01
  1.280043442054e+00  6.448854665730e-01  8.347311883219e-01  8.962988709693e-01   1.297018762298e+00  6.693340720765e-01  8.397244001343e-01  8.940583569599e-01
  1.297018762298e+00  6.693340720765e-01  8.397244001343e-01  8.940583569599e-01   1.306664338977e+00  6.845741331422e-01  8.428796382515e-01  8.928161703608e-01
  1.306664338977e+00  6.845741331422e-01  8.428796382515e-01  8.928161703608e-01   1.314689025081e+00  6.981628632882e-01  8.457042554867e-01  8.918099573657e-01
  1.314689025081e+00  6.981628632882e-01  8.457042554867e-01  8.918099573657e-01   1.320634069760e+00  7.088545333565e-01  8.479266494442e-01  8.910853749622e-01
  1.320634069760e+00  7.088545333565e-01  8.479266494442e-01  8.910853749622e-01   1.330583981269e+00  7.281825786275e-01  8.519268345789e-01  8.899239678884e-01
  1.330583981269e+00  7.281825786275e-01  8.519268345789e-01  8.899239678884e-01   1.338793907119e+00  7.458153040904e-01  8.555368052113e-01  8.890278298230e-01
  1.338793907119e+00  7.458153040904e-01  8.555368052113e-01  8.890278298230e-01   1.344642767524e+00  7.595752061272e-01  8.583147184532e-01  8.884335616012e-01
  1.344642767524e+00  7.595752061272e-01  8.583147184532e-01  8.884335616012e-01   1.349024318806e+00  7.707069695919e-01  8.605303429271e-01  8.880180131513e-01
  1.349024318806e+00  7.707069695919e-01  8.605303429271e-01  8.880180131513e-01   1.356724733340e+00  7.925348523459e-01  8.647750065747e-01  8.873652740284e-01
  1.356724733340e+00  7.925348523459e-01  8.647750065747e-01  8.873652740284e-01   1.360203060925e+00  8.036621031687e-01  8.668799531632e-01  8.871112730628e-01
  1.360203060925e+00  8.036621031687e-01  8.668799531632e-01  8.871112730628e-01   1.366449755890e+00  8.266589081618e-01  8.710840292190e-01  8.867432335830e-01
  1.366449755890e+00  8.266589081618e-01  8.710840292190e-01  8.867432335830e-01   1.367697539563e+00  8.319013527819e-01  8.720122871780e-01  8.866872720739e-01
  1.367697539563e+00  8.319013527819e-01  8.720122871780e-01  8.866872720739e-01   1.373517817571e+00  8.614601000000e-01  8.770125006870e-01  8.865476662597e-01
  1.373517817571e+00  8.614601000000e-01  8.770125006870e-01  8.865476662597e-01   1.374242788054e+00  8.660887901008e-01  8.777571431348e-01  8.865508450425e-01
  1.374242788054e+00  8.660887901008e-01  8.777571431348e-01  8.865508450425e-01   1.377788973449e+00  8.970012969692e-01  8.824375575315e-01  8.867213489698e-01
  1.377788973449e+00  8.970012969692e-01  8.824375575315e-01  8.867213489698e-01   1.378877566892e+00  9.170640823238e-01  8.851831767001e-01  8.869500878586e-01
  1.378877566892e+00  9.170640823238e-01  8.851831767001e-01  8.869500878586e-01   1.379050608751e+00  9.333246049129e-01  8.872266402523e-01  8.871882765600e-01
  1.379050608751e+00  9.333246049129e-01  8.872266402523e-01  8.871882765600e-01   1.378827250084e+00  9.436326108525e-01  8.884337000660e-01  8.873585043354e-01
  1.378827250084e+00  9.436326108525e-01  8.884337000660e-01  8.873585043354e-01   1.377076835791e+00  9.698060255426e-01  8.911750881248e-01  8.878358609956e-01
  1.377076835791e+00  9.698060255426e-01  8.911750881248e-01  8.878358609956e-01   1.376307356988e+00  9.768752375446e-01  8.918328191567e-01  8.879712129878e-01
  1.376307356988e+00  9.768752375446e-01  8.918328191567e-01  8.879712129878e-01   1.371804549249e+00  1.005782639274e+00  8.941373686711e-01  8.885215536403e-01
  1.371804549249e+00  1.005782639274e+00  8.941373686711e-01  8.885215536403e-01   1.364951013610e+00  1.034972864828e+00  8.958043475204e-01  8.890131290722e-01
  1.364951013610e+00  1.034972864828e+00  8.958043475204e-01  8.890131290722e-01   1.363174105903e+00  1.041200580235e+00  8.960700009747e-01  8.891014786022e-01
  1.363174105903e+00  1.041200580235e+00  8.960700009747e-01  8.891014786022e-01   1.362693782793e+00  1.042818531281e+00  8.961337001381e-01  8.891231879941e-01
  1.362693782793e+00  1.042818531281e+00  8.961337001381e-01  8.891231879941e-01   1.351082418707e+00  1.075980027640e+00  8.969420618644e-01  8.894229215884e-01
  1.351082418707e+00  1.075980027640e+00  8.969420618644e-01  8.894229215884e-01   1.337128466625e+00  1.106630910918e+00  8.968067657197e-01  8.893567895730e-01
  1.337128466625e+00  1.106630910918e+00  8.968067657197e-01  8.893567895730e-01   1.335681720646e+00  1.109439734588e+00  8.967499775296e-01  8.893289592300e-01
  1.335681720646e+00  1.109439734588e+00  8.967499775296e-01  8.893289592300e-01   1.329062394410e+00  1.121615656035e+00  8.964148538833e-01  8.891580209377e-01
  1.329062394410e+00  1.121615656035e+00  8.964148538833e-01  8.891580209377e-01   1.317311282320e+00  1.140970250744e+00  8.955772474694e-01  8.886951344655e-01
  1.317311282320e+00  1.140970250744e+00  8.955772474694e-01  8.886951344655e-01   1.298443160083e+00  1.167552280736e+00  8.937902425745e-01  8.875879769077e-01
  1.298443160083e+00  1.167552280736e+00  8.937902425745e-01  8.875879769077e-01   1.296081998337e+00  1.170569157736e+00  8.935391217390e-01  8.874215205181e-01
  1.296081998337e+00  1.170569157736e+00  8.935391217390e-01  8.874215205181e-01   1.276585283471e+00  1.193391446855e+00  8.913067125101e-01  8.858387135618e-01
  1.276585283471e+00  1.193391446855e+00  8.913067125101e-01  8.858387135618e-01   1.272059865863e+00  1.198220245259e+00  8.907570547743e-01  8.854220779497e-01
  1.272059865863e+00  1.198220245259e+00  8.907570547743e-01  8.854220779497e-01   1.265253526711e+00  1.205193582479e+00  8.899141456266e-01  8.847633602982e-01
  1.265253526711e+00  1.205193582479e+00  8.899141456266e-01  8.847633602982e-01   1.245744480840e+00  1.223470172104e+00  8.874213152842e-01  8.826778453005e-01
  1.245744480840e+00  1.223470172104e+00  8.874213152842e-01  8.826778453005e-01   1.223607853694e+00  1.241601432180e+00  8.845237054820e-01  8.799966779586e-01
  1.223607853694e+00  1.241601432180e+00  8.845237054820e-01  8.799966779586e-01   1.217735097300e+00  1.246009697300e+00  8.837522183120e-01  8.792353751697e-01
  1.217735097300e+00  1.246009697300e+00  8.837522183120e-01  8.792353751697e-01   1.214763487009e+00  1.248181335895e+00  8.833622163475e-01  8.788427487205e-01
  1.214763487009e+00  1.248181335895e+00  8.833622163475e-01  8.788427487205e-01   1.188161157251e+00  1.266002422614e+00  8.799046722588e-01  8.751243877242e-01
  1.188161157251e+00  1.266002422614e+00  8.799046722588e-01  8.751243877242e-01   1.188150976301e+00  1.266008721619e+00  8.799033664807e-01  8.751228995822e-01
  1.188150976301e+00  1.266008721619e+00  8.799033664807e-01  8.751228995822e-01   1.188094564969e+00  1.266043615799e+00  8.798961311561e-01  8.751146525845e-01
  1.188094564969e+00  1.266043615799e+00  8.798961311561e-01  8.751146525845e-01   1.162802052871e+00  1.280582104923e+00  8.767140688208e-01  8.712828030736e-01
  1.162802052871e+00  1.280582104923e+00  8.767140688208e-01  8.712828030736e-01   1.157087963196e+00  1.283578008363e+00  8.760150703371e-01  8.703829912663e-01
  1.157087963196e+00  1.283578008363e+00  8.760150703371e-01  8.703829912663e-01   1.146150900685e+00  1.289036806025e+00  8.747010922320e-01  8.686297234156e-01
  1.146150900685e+00  1.289036806025e+00  8.747010922320e-01  8.686297234156e-01   1.125087543621e+00  1.298588778271e+00  8.722688981412e-01  8.651515287553e-01
  1.125087543621e+00  1.298588778271e+00  8.722688981412e-01  8.651515287553e-01   1.097944088542e+00  1.309183323969e+00  8.693504698694e-01  8.605104313468e-01
  1.097944088542e+00  1.309183323969e+00  8.693504698694e-01  8.605104313468e-01   1.092733806653e+00  1.311010954142e+00  8.688204899565e-01  8.596034365397e-01
  1.092733806653e+00  1.311010954142e+00  8.688204899565e-01  8.596034365397e-01   1.066406393172e+00  1.319297205660e+00  8.663016453744e-01  8.549639221095e-01
  1.066406393172e+00  1.319297205660e+00  8.663016453744e-01  8.549639221095e-01   1.060006558452e+00  1.321081410534e+00  8.657308421403e-01  8.538255588907e-01
  1.060006558452e+00  1.321081410534e+00  8.657308421403e-01  8.538255588907e-01   1.039460295687e+00  1.326231342888e+00  8.640119881606e-01  8.501565148148e-01
  1.039460295687e+00  1.326231342888e+00  8.640119881606e-01  8.501565148148e-01   1.026835661069e+00  1.328972945209e+00  8.630434700222e-01  8.478987130040e-01
  1.026835661069e+00  1.328972945209e+00  8.630434700222e-01  8.478987130040e-01   1.001782879016e+00  1.333502338592e+00  8.613226366339e-01  8.434354627228e-01
  1.001782879016e+00  1.333502338592e+00  8.613226366339e-01  8.434354627228e-01   9.936853845952e-01  1.334715261960e+00  8.608240240444e-01  8.420032650792e-01
  9.936853845952e-01  1.334715261960e+00  8.608240240444e-01  8.420032650792e-01   9.824438267896e-01  1.336201369232e+00  8.601784887189e-01  8.400277058586e-01
  9.824438267896e-01  1.336201369232e+00  8.601784887189e-01  8.400277058586e-01   9.609849222781e-01  1.338414037120e+00  8.590960716402e-01  8.363103556485e-01
  9.609849222781e-01  1.338414037120e+00  8.590960716402e-01  8.363103556485e-01   9.400604555616e-01  1.339803121362e+00  8.582271689324e-01  8.327744883463e-01
  9.400604555616e-01  1.339803121362e+00  8.582271689324e-01  8.327744883463e-01   9.285630200553e-01  1.340250663905e+00  8.578263110928e-01  8.308777662704e-01
  9.285630200553e-01  1.340250663905e+00  8.578263110928e-01  8.308777662704e-01   9.122211998256e-01  1.340508091835e+00  8.573472134034e-01  8.282477706478e-01
  9.122211998256e-01  1.340508091835e+00  8.573472134034e-01  8.282477706478e-01   8.962306021465e-01  1.340335193916e+00  8.569778359870e-01  8.257588582647e-01
  8.962306021465e-01  1.340335193916e+00  8.569778359870e-01  8.257588582647e-01   8.694814250832e-01  1.339119520524e+00  8.565665946902e-01  8.218106683883e-01
  8.694814250832e-01  1.339119520524e+00  8.565665946902e-01  8.218106683883e-01   8.643340060274e-01  1.338753664141e+00  8.565153378041e-01  8.210850516700e-01
  8.643340060274e-01  1.338753664141e+00  8.565153378041e-01  8.210850516700e-01   8.539783934724e-01  1.337889330309e+00  8.564377195825e-01  8.196613600333e-01
  8.539783934724e-01  1.337889330309e+00  8.564377195825e-01  8.196613600333e-01   8.331855000000e-01  1.335637653871e+00  8.563778562022e-01  8.169575943766e-01
  8.331855000000e-01  1.335637653871e+00  8.563778562022e-01  8.169575943766e-01   8.100073958541e-01  1.332316468050e+00  8.564441618088e-01  8.142081837802e-01
  8.100073958541e-01  1.332316468050e+00  8.564441618088e-01  8.142081837802e-01   8.025388360860e-01  1.331063856779e+00  8.564911815974e-01  8.133859138041e-01
  8.025388360860e-01  1.331063856779e+00  8.564911815974e-01  8.133859138041e-01   7.816661789885e-01  1.327089458971e+00  8.566767631561e-01  8.112627831241e-01
  7.816661789885e-01  1.327089458971e+00  8.566767631561e-01  8.112627831241e-01   7.721533354198e-01  1.325045415118e+00  8.567830958374e-01  8.103841173264e-01
  7.721533354198e-01  1.325045415118e+00  8.567830958374e-01  8.103841173264e-01   7.597966469749e-01  1.322171056739e+00  8.569362585647e-01  8.093294343606e-01
  7.597966469749e-01  1.322171056739e+00  8.569362585647e-01  8.093294343606e-01   7.423052202689e-01  1.317674733753e+00  8.571720435434e-01  8.080096075813e-01
  7.423052202689e-01  1.317674733753e+00  8.571720435434e-01  8.080096075813e-01   7.229528570585e-01  1.312107789830e+00  8.574405244198e-01  8.067946068747e-01
  7.229528570585e-01  1.312107789830e+00  8.574405244198e-01  8.067946068747e-01   7.132467339957e-01  1.309077668525e+00  8.575709366067e-01  8.062851584681e-01
  7.132467339957e-01  1.309077668525e+00  8.575709366067e-01  8.062851584681e-01   7.051295245036e-01  1.306419683862e+00  8.576747018158e-01  8.059114089976e-01
  7.051295245036e-01  1.306419683862e+00  8.576747018158e-01  8.059114089976e-01   6.847202906434e-01  1.299229428474e+00  8.579007171198e-01  8.051857559255e-01
  6.847202906434e-01  1.299229428474e+00  8.579007171198e-01  8.051857559255e-01   6.745795275790e-01  1.295381629038e+00  8.579868793366e-01  8.049406878290e-01
  6.745795275790e-01  1.295381629038e+00  8.579868793366e-01  8.049406878290e-01   6.564861440291e-01  1.288050081647e+00  8.580811282691e-01  8.046962443745e-01
  6.564861440291e-01  1.288050081647e+00  8.580811282691e-01  8.046962443745e-01   6.382471938624e-01  1.280036763818e+00  8.580777378671e-01  8.047014845850e-01
  6.382471938624e-01  1.280036763818e+00  8.580777378671e-01  8.047014845850e-01   6.287946099040e-01  1.275629795743e+00  8.580285556652e-01  8.048037181786e-01
  6.287946099040e-01  1.275629795743e+00  8.580285556652e-01  8.048037181786e-01   6.084031027262e-01  1.265509971852e+00  8.577904864677e-01  8.052544370227e-01
  6.084031027262e-01  1.265509971852e+00  8.577904864677e-01  8.052544370227e-01   6.018811637231e-01  1.262090962443e+00  8.576714003787e-01  8.054644428472e-01
  6.018811637231e-01  1.262090962443e+00  8.576714003787e-01  8.054644428472e-01   5.945154189920e-01  1.258119996119e+00  8.575091385189e-01  8.057395721974e-01
  5.945154189920e-01  1.258119996119e+00  8.575091385189e-01  8.057395721974e-01   5.755170841435e-01  1.247323291153e+00  8.569414213340e-01  8.066323009302e-01
  5.755170841435e-01  1.247323291153e+00  8.569414213340e-01  8.066323009302e-01   5.622220537205e-01  1.239272021880e+00  8.564022470771e-01  8.074104410883e-01
  5.622220537205e-01  1.239272021880e+00  8.564022470771e-01  8.074104410883e-01   5.495004766360e-01  1.231165620343e+00  8.557643725318e-01  8.082694776592e-01
  5.495004766360e-01  1.231165620343e+00  8.557643725318e-01  8.082694776592e-01   5.395200148981e-01  1.224517752676e+00  8.551733741125e-01  8.090192592553e-01
  5.395200148981e-01  1.224517752676e+00  8.551733741125e-01  8.090192592553e-01   5.240904732605e-01  1.213715296861e+00  8.540896336251e-01  8.103042824087e-01
  5.240904732605e-01  1.213715296861e+00  8.540896336251e-01  8.103042824087e-01   5.156531415587e-01  1.207524941183e+00  8.534033988253e-01  8.110688584741e-01
  5.156531415587e-01  1.207524941183e+00  8.534033988253e-01  8.110688584741e-01   4.995373294327e-01  1.195108270567e+00  8.518936702689e-01  8.126435887781e-01
  4.995373294327e-01  1.195108270567e+00  8.518936702689e-01  8.126435887781e-01   4.763830415640e-01  1.175787797162e+00  8.492239972346e-01  8.151458329756e-01
  4.763830415640e-01  1.175787797162e+00  8.492239972346e-01  8.151458329756e-01   4.756745408344e-01  1.175166925244e+00  8.491322958989e-01  8.152264580033e-01
  4.756745408344e-01  1.175166925244e+00  8.491322958989e-01  8.152264580033e-01   4.738765854207e-01  1.173583031539e+00  8.488967836119e-01  8.154320739190e-01
  4.738765854207e-01  1.173583031539e+00  8.488967836119e-01  8.154320739190e-01   4.523757637606e-01  1.153665687902e+00  8.457556747348e-01  8.179945569555e-01
  4.523757637606e-01  1.153665687902e+00  8.457556747348e-01  8.179945569555e-01   4.382178417970e-01  1.139474868477e+00  8.433366947730e-01  8.197719745019e-01
  4.382178417970e-01  1.139474868477e+00  8.433366947730e-01  8.197719745019e-01   4.299404430054e-01  1.130735629307e+00  8.417825352145e-01  8.208374624701e-01
  4.299404430054e-01  1.130735629307e+00  8.417825352145e-01  8.208374624701e-01   4.191040041645e-01  1.118751630914e+00  8.395814572424e-01  8.222552825328e-01
  4.191040041645e-01  1.118751630914e+00  8.395814572424e-01  8.222552825328e-01   4.086587686686e-01  1.106560722612e+00  8.372701062246e-01  8.236397720140e-01
  4.086587686686e-01  1.106560722612e+00  8.372701062246e-01  8.236397720140e-01   3.897449019770e-01  1.082643608153e+00  8.325666603681e-01  8.261656035105e-01
  3.897449019770e-01  1.082643608153e+00  8.325666603681e-01  8.261656035105e-01   3.884644745268e-01  1.080927934501e+00  8.322222938530e-01  8.263364568338e-01
  3.884644745268e-01  1.080927934501e+00  8.322222938530e-01  8.263364568338e-01   3.863275579460e-01  1.078034733427e+00  8.316398116781e-01  8.266213290307e-01
  3.863275579460e-01  1.078034733427e+00  8.316398116781e-01  8.266213290307e-01   3.693522377022e-01  1.053586127924e+00  8.266465998657e-01  8.288618430401e-01
  3.693522377022e-01  1.053586127924e+00  8.266465998657e-01  8.288618430401e-01   3.597066610229e-01  1.038346066858e+00  8.234913617485e-01  8.301040296392e-01
  3.597066610229e-01  1.038346066858e+00  8.234913617485e-01  8.301040296392e-01   3.516819749193e-01  1.024757336712e+00  8.206667445133e-01  8.311102426343e-01
  3.516819749193e-01  1.024757336712e+00  8.206667445133e-01  8.311102426343e-01   3.457369302399e-01  1.014065666643e+00  8.184443505558e-01  8.318348250378e-01
  3.457369302399e-01  1.014065666643e+00  8.184443505558e-01  8.318348250378e-01   3.357870187310e-01  9.947376213725e-01  8.144441654211e-01  8.329962321116e-01
  3.357870187310e-01  9.947376213725e-01  8.144441654211e-01  8.329962321116e-01   3.275770928812e-01  9.771048959096e-01  8.108341947887e-01  8.338923701770e-01
  3.275770928812e-01  9.771048959096e-01  8.108341947887e-01  8.338923701770e-01   3.217282324756e-01  9.633449938728e-01  8.080562815468e-01  8.344866383988e-01
  3.217282324756e-01  9.633449938728e-01  8.080562815468e-01  8.344866383988e-01   3.173466811941e-01  9.522132304081e-01  8.058406570729e-01  8.349021868487e-01
  3.173466811941e-01  9.522132304081e-01  8.058406570729e-01  8.349021868487e-01   3.096462666604e-01  9.303853476541e-01  8.015959934253e-01  8.355549259716e-01
  3.096462666604e-01  9.303853476541e-01  8.015959934253e-01  8.355549259716e-01   3.061679390746e-01  9.192580968313e-01  7.994910468368e-01  8.358089269372e-01
  3.061679390746e-01  9.192580968313e-01  7.994910468368e-01  8.358089269372e-01   2.999212441104e-01  8.962612918382e-01  7.952869707810e-01  8.361769664170e-01
  2.999212441104e-01  8.962612918382e-01  7.952869707810e-01  8.361769664170e-01   2.986734604369e-01  8.910188472181e-01  7.943587128220e-01  8.362329279261e-01
  2.986734604369e-01  8.910188472181e-01  7.943587128220e-01  8.362329279261e-01   2.928531824291e-01  8.614601000000e-01  7.893584993130e-01  8.363725337403e-01
  2.928531824291e-01  8.614601000000e-01  7.893584993130e-01  8.363725337403e-01   2.921282119457e-01  8.568314098992e-01  7.886138568652e-01  8.363693549575e-01
  2.921282119457e-01  8.568314098992e-01  7.886138568652e-01  8.363693549575e-01   2.885820265512e-01  8.259189030308e-01  7.839334424685e-01  8.361988510302e-01
  2.885820265512e-01  8.259189030308e-01  7.839334424685e-01  8.361988510302e-01   2.874934331081e-01  8.058561176762e-01  7.811878232999e-01  8.359701121414e-01
  2.874934331081e-01  8.058561176762e-01  7.811878232999e-01  8.359701121414e-01   2.873203912492e-01  7.895955950871e-01  7.791443597477e-01  8.357319234400e-01
  2.873203912492e-01  7.895955950871e-01  7.791443597477e-01  8.357319234400e-01   2.875437499157e-01  7.792875891475e-01  7.779372999340e-01  8.355616956646e-01
  2.875437499157e-01  7.792875891475e-01  7.779372999340e-01  8.355616956646e-01   2.892941642090e-01  7.531141744574e-01  7.751959118752e-01  8.350843390044e-01
  2.892941642090e-01  7.531141744574e-01  7.751959118752e-01  8.350843390044e-01   2.900636430121e-01  7.460449624554e-01  7.745381808433e-01  8.349489870122e-01
  2.900636430121e-01  7.460449624554e-01  7.745381808433e-01  8.349489870122e-01   2.945664507509e-01  7.171375607257e-01  7.722336313289e-01  8.343986463597e-01
  2.945664507509e-01  7.171375607257e-01  7.722336313289e-01  8.343986463597e-01   3.014199863903e-01  6.879473351724e-01  7.705666524796e-01  8.339070709278e-01
  3.014199863903e-01  6.879473351724e-01  7.705666524796e-01  8.339070709278e-01   3.031968940972e-01  6.817196197654e-01  7.703009990253e-01  8.338187213978e-01
  3.031968940972e-01  6.817196197654e-01  7.703009990253e-01  8.338187213978e-01   3.036772172069e-01  6.801016687190e-01  7.702372998619e-01  8.337970120059e-01
  3.036772172069e-01  6.801016687190e-01  7.702372998619e-01  8.337970120059e-01   3.152885812927e-01  6.469401723602e-01  7.694289381356e-01  8.334972784116e-01
  3.152885812927e-01  6.469401723602e-01  7.694289381356e-01  8.334972784116e-01   3.292425333747e-01  6.162892890822e-01  7.695642342803e-01  8.335634104270e-01
  3.292425333747e-01  6.162892890822e-01  7.695642342803e-01  8.335634104270e-01   3.306892793536e-01  6.134804654121e-01  7.696210224704e-01  8.335912407700e-01
  3.306892793536e-01  6.134804654121e-01  7.696210224704e-01  8.335912407700e-01   3.373086057957e-01  6.013045434689e-01  7.699561460738e-01  8.337621790398e-01
  3.373086057957e-01  6.013045434689e-01  7.699561460738e-01  8.337621790398e-01   3.490597176802e-01  5.819499492560e-01  7.707937525306e-01  8.342250655345e-01
  3.490597176802e-01  5.819499492560e-01  7.707937525306e-01  8.342250655345e-01   3.679278399166e-01  5.553679192636e-01  7.725807574255e-01  8.353322230923e-01
  3.679278399166e-01  5.553679192636e-01  7.725807574255e-01  8.353322230923e-01   3.702890008573e-01  5.523510417265e-01  7.728318774556e-01  8.354986789441e-01
  3.702890008573e-01  5.523510417265e-01  7.728318774556e-01  8.354986789441e-01   3.897857165289e-01  5.295287531452e-01  7.750642874899e-01  8.370814864382e-01
  3.897857165289e-01  5.295287531452e-01  7.750642874899e-01  8.370814864382e-01   3.943111341374e-01  5.246999547415e-01  7.756139452257e-01  8.374981220503e-01
  3.943111341374e-01  5.246999547415e-01  7.756139452257e-01  8.374981220503e-01   4.011174732885e-01  5.177266175206e-01  7.764568543734e-01  8.381568397018e-01
  4.011174732885e-01  5.177266175206e-01  7.764568543734e-01  8.381568397018e-01   4.206265191596e-01  4.994500278962e-01  7.789496847158e-01  8.402423546995e-01
  4.206265191596e-01  4.994500278962e-01  7.789496847158e-01  8.402423546995e-01   4.427631463059e-01  4.813187678200e-01  7.818472945180e-01  8.429235220414e-01
  4.427631463059e-01  4.813187678200e-01  7.818472945180e-01  8.429235220414e-01   4.486359026999e-01  4.769105026999e-01  7.826187816880e-01  8.436848248303e-01
  4.486359026999e-01  4.769105026999e-01  7.826187816880e-01  8.436848248303e-01   4.516075129907e-01  4.747388641046e-01  7.830087836525e-01  8.440774512795e-01
  4.516075129907e-01  4.747388641046e-01  7.830087836525e-01  8.440774512795e-01   4.782098427492e-01  4.569177773861e-01  7.864663277412e-01  8.477958122758e-01
  4.782098427492e-01  4.569177773861e-01  7.864663277412e-01  8.477958122758e-01   4.782200236993e-01  4.569114783813e-01  7.864676335193e-01  8.477973004178e-01
  4.782200236993e-01  4.569114783813e-01  7.864676335193e-01  8.477973004178e-01   4.782764490579e-01  4.568765734383e-01  7.864748696079e-01  8.478055482864e-01
  4.782764490579e-01  4.568765734383e-01  7.864748696079e-01  8.478055482864e-01   5.412834563791e-01  4.243314217289e-01  7.941021018588e-01  8.577686712447e-01
  8.290753286372e-01  8.561036203933e-01  1.106070206903e+00  1.263971263956e+00   8.294363256994e-01  8.558456425393e-01  1.078536677943e+00  1.283699785169e+00
  8.294363256994e-01  8.558456425393e-01  1.078536677943e+00  1.283699785169e+00   8.301983042775e-01  8.554069635666e-01  1.021514320176e+00  1.316645613513e+00
  8.301983042775e-01  8.554069635666e-01  1.021514320176e+00  1.316645613513e+00   8.306025642467e-01  8.552243414737e-01  9.918371373250e-01  1.330101033371e+00
  8.306025642467e-01  8.552243414737e-01  9.918371373250e-01  1.330101033371e+00   8.310179107990e-01  8.550686762244e-01  9.617344977875e-01  1.341429661577e+00
  8.310179107990e-01  8.550686762244e-01  9.617344977875e-01  1.341429661577e+00   8.318671812000e-01  8.548422030227e-01  9.013024960904e-01  1.357641491237e+00
  8.318671812000e-01  8.548422030227e-01  9.013024960904e-01  1.357641491237e+00   8.323047826979e-01  8.547703879306e-01  8.706903547864e-01  1.362702911901e+00
  8.323047826979e-01  8.547703879306e-01  8.706903547864e-01  1.362702911901e+00   8.327461218012e-01  8.547274372409e-01  8.401352843637e-01  1.365710608773e+00
  8.327461218012e-01  8.547274372409e-01  8.401352843637e-01  1.365710608773e+00   8.336248285970e-01  8.547281972978e-01  7.801138668416e-01  1.365723067911e+00
  8.336248285970e-01  8.547281972978e-01  7.801138668416e-01  1.365723067911e+00   8.340660189965e-01  8.547718942109e-01  7.503146917456e-01  1.362794058674e+00
  8.340660189965e-01  8.547718942109e-01  7.503146917456e-01  1.362794058674e+00   8.345033781507e-01  8.548444150611e-01  7.209481422092e-01  1.357942762440e+00
  8.345033781507e-01  8.548444150611e-01  7.209481422092e-01  1.357942762440e+00   8.353519296027e-01  8.550720954536e-01  6.643233312372e-01  1.342775103439e+00
  8.353519296027e-01  8.550720954536e-01  6.643233312372e-01  1.342775103439e+00   8.357668206512e-01  8.552282406750e-01  6.367344879292e-01  1.332396151585e+00
  8.357668206512e-01  8.552282406750e-01  6.367344879292e-01  1.332396151585e+00   8.361705857385e-01  8.554112391555e-01  6.098991434477e-01  1.320232585992e+00
  8.361705857385e-01  8.554112391555e-01  6.098991434477e-01  1.320232585992e+00   8.369315469243e-01  8.558503258428e-01  5.592235653512e-01  1.290971028240e+00
  8.369315469243e-01  8.558503258428e-01  5.592235653512e-01  1.290971028240e+00   8.372920564453e-01  8.561083314455e-01  5.351018544425e-01  1.273689379318e+00
  8.372920564453e-01  8.561083314455e-01  5.351018544425e-01  1.273689379318e+00   8.376348912833e-01  8.563894224839e-01  5.120494141309e-01  1.254763360983e+00
  8.376348912833e-01  8.563894224839e-01  5.120494141309e-01  1.254763360983e+00   8.382567020062e-01  8.570102484899e-01  4.698298613614e-01  1.212527801635e+00
  8.382567020062e-01  8.570102484899e-01  4.698298613614e-01  1.212527801635e+00   8.385383728797e-01  8.573526961762e-01  4.504693040967e-01  1.188939817143e+00
  8.385383728797e-01  8.573526961762e-01  4.504693040967e-01  1.188939817143e+00   8.387969929993e-01  8.577129052821e-01  4.325230061776e-01  1.163883678727e+00
  8.387969929993e-01  8.577129052821e-01  4.325230061776e-01  1.163883678727e+00   8.392373293131e-01  8.584735493355e-01  4.014863683964e-01  1.110091225495e+00
  8.392373293131e-01  8.584735493355e-01  4.014863683964e-01  1.110091225495e+00   8.394209355732e-01  8.588772980183e-01  3.883167592737e-01  1.081028111696e+00
  8.394209355732e-01  8.588772980183e-01  3.883167592737e-01  1.081028111696e+00   8.395776476416e-01  8.592922653069e-01  3.769398063912e-01  1.050777590638e+00
  8.395776476416e-01  8.592922653069e-01  3.769398063912e-01  1.050777590638e+00   8.398062580157e-01  8.601412112665e-01  3.600545641128e-01  9.876808654207e-01
  8.398062580157e-01  8.601412112665e-01  3.600545641128e-01  9.876808654207e-01   8.398791169286e-01  8.605788686135e-01  3.545793053471e-01  9.545256309853e-01
  8.398791169286e-01  8.605788686135e-01  3.545793053471e-01  9.545256309853e-01   8.399230456397e-01  8.610204031410e-01  3.512519916960e-01  9.206602386053e-01
  8.399230456397e-01  8.610204031410e-01  3.512519916960e-01  9.206602386053e-01   8.399239146270e-01  8.618998535697e-01  3.512698644762e-01  8.520508971009e-01
  8.399239146270e-01  8.618998535697e-01  3.512698644762e-01  8.520508971009e-01   8.398808331946e-01  8.623415573373e-01  3.547120697692e-01  8.170762483717e-01
  8.398808331946e-01  8.623415573373e-01  3.547120697692e-01  8.170762483717e-01   8.398087641895e-01  8.627794879761e-01  3.604910245544e-01  7.821167732042e-01
  8.398087641895e-01  8.627794879761e-01  3.604910245544e-01  7.821167732042e-01   8.395814544791e-01  8.636292257450e-01  3.788355419409e-01  7.136846821014e-01
  8.395814544791e-01  8.636292257450e-01  3.788355419409e-01  7.136846821014e-01   8.394252264681e-01  8.640446793286e-01  3.914874531978e-01  6.800563338127e-01
  8.394252264681e-01  8.640446793286e-01  3.914874531978e-01  6.800563338127e-01   8.392419721177e-01  8.644489418677e-01  4.063300980136e-01  6.473099215413e-01
  8.392419721177e-01  8.644489418677e-01  4.063300980136e-01  6.473099215413e-01   8.388019260588e-01  8.652105888741e-01  4.418398076802e-01  5.857936128426e-01
  8.388019260588e-01  8.652105888741e-01  4.418398076802e-01  5.857936128426e-01   8.385432522424e-01  8.655712478905e-01  4.625630035221e-01  5.568628359438e-01
  8.385432522424e-01  8.655712478905e-01  4.625630035221e-01  5.568628359438e-01   8.382614056934e-01  8.659140788767e-01  4.849794991190e-01  5.295526235975e-01
  8.382614056934e-01  8.659140788767e-01  4.849794991190e-01  5.295526235975e-01   8.376389465174e-01  8.665353989986e-01  5.338027245931e-01  4.807057025023e-01
  8.376389465174e-01  8.665353989986e-01  5.338027245931e-01  4.807057025023e-01   8.372956713628e-01  8.668165796067e-01  5.603007930972e-01  4.589489360439e-01
  8.372956713628e-01  8.668165796067e-01  5.603007930972e-01  4.589489360439e-01   8.369346743006e-01  8.670745574607e-01  5.878343220573e-01  4.392204148313e-01
  8.369346743006e-01  8.670745574607e-01  5.878343220573e-01  4.392204148313e-01   8.361726957225e-01  8.675132364334e-01  6.448566798241e-01  4.062745864866e-01
  8.361726957225e-01  8.675132364334e-01  6.448566798241e-01  4.062745864866e-01   8.357684357533e-01  8.676958585263e-01  6.745338626750e-01  3.928191666292e-01
  8.357684357533e-01  8.676958585263e-01  6.745338626750e-01  3.928191666292e-01   8.353530892010e-01  8.678515237756e-01  7.046365022125e-01  3.814905384233e-01
  8.353530892010e-01  8.678515237756e-01  7.046365022125e-01  3.814905384233e-01   8.345038188000e-01  8.680779969773e-01  7.650685039096e-01  3.652787087626e-01
  8.345038188000e-01  8.680779969773e-01  7.650685039096e-01  3.652787087626e-01   8.340662173021e-01  8.681498120694e-01  7.956806452136e-01  3.602172880989e-01
  8.340662173021e-01  8.681498120694e-01  7.956806452136e-01  3.602172880989e-01   8.336248781988e-01  8.681927627591e-01  8.262357156363e-01  3.572095912268e-01
  8.336248781988e-01  8.681927627591e-01  8.262357156363e-01  3.572095912268e-01   8.327461714030e-01  8.681920027022e-01  8.862571331584e-01  3.571971320892e-01
  8.327461714030e-01  8.681920027022e-01  8.862571331584e-01  3.571971320892e-01   8.323049810035e-01  8.681483057891e-01  9.160563082544e-01  3.601261413261e-01
  8.323049810035e-01  8.681483057891e-01  9.160563082544e-01  3.601261413261e-01   8.318676218493e-01  8.680757849389e-01  9.454228577908e-01  3.649774375601e-01
  8.318676218493e-01  8.680757849389e-01  9.454228577908e-01  3.649774375601e-01   8.310190703973e-01  8.678481045464e-01  1.002047668763e+00  3.801450965606e-01
  8.310190703973e-01  8.678481045464e-01  1.002047668763e+00  3.801450965606e-01   8.306041793488e-01  8.676919593250e-01  1.029636512071e+00  3.905240484155e-01
  8.306041793488e-01  8.676919593250e-01  1.029636512071e+00  3.905240484155e-01   8.302004142615e-01  8.675089608445e-01  1.056471856552e+00  4.026876140080e-01
  8.302004142615e-01  8.675089608445e-01  1.056471856552e+00  4.026876140080e-01   8.294394530757e-01  8.670698741572e-01  1.107147434649e+00  4.319491717603e-01
  8.294394530757e-01  8.670698741572e-01  1.107147434649e+00  4.319491717603e-01   8.290789435547e-01  8.668118685545e-01  1.131269145557e+00  4.492308206824e-01
  8.290789435547e-01  8.668118685545e-01  1.131269145557e+00  4.492308206824e-01   8.287361087167e-01  8.665307775161e-01  1.154321585869e+00  4.681568390171e-01
  8.287361087167e-01  8.665307775161e-01  1.154321585869e+00  4.681568390171e-01   8.281142979938e-01  8.659099515101e-01  1.196541138639e+00  5.103923983652e-01
  8.281142979938e-01  8.659099515101e-01  1.196541138639e+00  5.103923983652e-01   8.278326271203e-01  8.655675038238e-01  1.215901695903e+00  5.339803828573e-01
  8.278326271203e-01  8.655675038238e-01  1.215901695903e+00  5.339803828573e-01   8.275740070007e-01  8.652072947179e-01  1.233847993822e+00  5.590365212727e-01
  8.275740070007e-01  8.652072947179e-01  1.233847993822e+00  5.590365212727e-01   8.271336706869e-01  8.644466506645e-01  1.264884631604e+00  6.128289745053e-01
  8.271336706869e-01  8.644466506645e-01  1.264884631604e+00  6.128289745053e-01   8.269500644268e-01  8.640429019817e-01  1.278054240726e+00  6.418920883039e-01
  8.269500644268e-01  8.640429019817e-01  1.278054240726e+00  6.418920883039e-01   8.267933523584e-01  8.636279346931e-01  1.289431193609e+00  6.721426093619e-01
  8.267933523584e-01  8.636279346931e-01  1.289431193609e+00  6.721426093619e-01   8.265647419843e-01  8.627789887335e-01  1.306316435887e+00  7.352393345793e-01
  8.265647419843e-01  8.627789887335e-01  1.306316435887e+00  7.352393345793e-01   8.264918830714e-01  8.623413313865e-01  1.311791694653e+00  7.683945690147e-01
  8.264918830714e-01  8.623413313865e-01  1.311791694653e+00  7.683945690147e-01   8.264479543603e-01  8.618997968590e-01  1.315119008304e+00  8.022599613947e-01
  8.264479543603e-01  8.618997968590e-01  1.315119008304e+00  8.022599613947e-01   8.264470853730e-01  8.610203464303e-01  1.315101135524e+00  8.708693028991e-01
  8.264470853730e-01  8.610203464303e-01  1.315101135524e+00  8.708693028991e-01   8.264901668054e-01  8.605786426627e-01  1.311658930231e+00  9.058439516283e-01
  8.264901668054e-01  8.605786426627e-01  1.311658930231e+00  9.058439516283e-01   8.265622358105e-01  8.601407120239e-01  1.305879975446e+00  9.408034267958e-01
  8.265622358105e-01  8.601407120239e-01  1.305879975446e+00  9.408034267958e-01   8.267895455209e-01  8.592909742550e-01  1.287535458059e+00  1.009235517899e+00
  8.267895455209e-01  8.592909742550e-01  1.287535458059e+00  1.009235517899e+00   8.269457735319e-01  8.588755206714e-01  1.274883546802e+00  1.042863866187e+00
  8.269457735319e-01  8.588755206714e-01  1.274883546802e+00  1.042863866187e+00   8.271290278823e-01  8.584712581323e-01  1.260040901986e+00  1.075610278459e+00
  8.271290278823e-01  8.584712581323e-01  1.260040901986e+00  1.075610278459e+00   8.275690739412e-01  8.577096111259e-01  1.224531192320e+00  1.137126587157e+00
  8.275690739412e-01  8.577096111259e-01  1.224531192320e+00  1.137126587157e+00   8.278277477576e-01  8.573489521095e-01  1.203807996478e+00  1.166057364056e+00
  8.278277477576e-01  8.573489521095e-01  1.203807996478e+00  1.166057364056e+00   8.281095943066e-01  8.570061211233e-01  1.181391500881e+00  1.193367576402e+00
  8.281095943066e-01  8.570061211233e-01  1.181391500881e+00  1.193367576402e+00   8.287320534826e-01  8.563848010014e-01  1.132568275407e+00  1.242214497498e+00
  8.287320534826e-01  8.563848010014e-01  1.132568275407e+00  1.242214497498e+00   8.290753286372e-01  8.561036203933e-01  1.106070206903e+00  1.263971263956e+00
