#
# Columns: x1 y1 u1 v1 x2 y2 u2 v2
#
# To plot the image plane curves, connect each (x1,y1)
# to the (x2,y2) on the same line -- do *not* connect
# consecutive lines!
#
# To plot the source plane curves, do the same for
# (u1,v1) and (u2,v2).
#
  1.349993216407e-01  3.463060478350e-01  6.934286456303e-01  7.888384701388e-01   1.425381110169e-01  3.411255228460e-01  6.957439608545e-01  7.906177547692e-01
  1.425381110169e-01  3.411255228460e-01  6.957439608545e-01  7.906177547692e-01   1.493248448485e-01  3.367153632852e-01  6.978716709714e-01  7.922887670310e-01
  1.493248448485e-01  3.367153632852e-01  6.978716709714e-01  7.922887670310e-01   1.349993216407e-01  3.463060478350e-01  6.934286456303e-01  7.888384701388e-01
  1.157265637410e-01  3.611758485893e-01  6.878418083286e-01  7.847216211052e-01   1.022448995760e-01  3.733588482745e-01  6.843589508138e-01  7.822945263840e-01
  1.022448995760e-01  3.733588482745e-01  6.843589508138e-01  7.822945263840e-01   8.545840195976e-02  3.914474521583e-01  6.808205990690e-01  7.799634529014e-01
  8.545840195976e-02  3.914474521583e-01  6.808205990690e-01  7.799634529014e-01   6.615043460221e-02  4.186121985147e-01  6.786690705924e-01  7.786440845372e-01
  6.615043460221e-02  4.186121985147e-01  6.786690705924e-01  7.786440845372e-01   5.021081145905e-02  4.511468495218e-01  6.801538766838e-01  7.794361038494e-01
  5.021081145905e-02  4.511468495218e-01  6.801538766838e-01  7.794361038494e-01   4.328889485411e-02  4.716496627110e-01  6.829139200068e-01  7.808127709265e-01
  4.328889485411e-02  4.716496627110e-01  6.829139200068e-01  7.808127709265e-01   3.798812649861e-02  4.937807270615e-01  6.871736177758e-01  7.827929882695e-01
  3.798812649861e-02  4.937807270615e-01  6.871736177758e-01  7.827929882695e-01   3.365908228250e-02  5.247636303501e-01  6.949376595656e-01  7.860890552546e-01
  3.365908228250e-02  5.247636303501e-01  6.949376595656e-01  7.860890552546e-01   3.341467892405e-02  5.276344605301e-01  6.957460781617e-01  7.864130322139e-01
  3.341467892405e-02  5.276344605301e-01  6.957460781617e-01  7.864130322139e-01   3.322363717036e-02  5.301050470347e-01  6.964524687286e-01  7.866934283997e-01
  3.322363717036e-02  5.301050470347e-01  6.964524687286e-01  7.866934283997e-01   3.272625603782e-02  5.809900528542e-01  7.127949004897e-01  7.925554696103e-01
  3.272625603782e-02  5.809900528542e-01  7.127949004897e-01  7.925554696103e-01   3.322861399456e-02  5.901625036815e-01  7.160199747610e-01  7.935839079000e-01
  3.322861399456e-02  5.901625036815e-01  7.160199747610e-01  7.935839079000e-01   3.651080978488e-02  6.258277126034e-01  7.290315308501e-01  7.973434383845e-01
  3.651080978488e-02  6.258277126034e-01  7.290315308501e-01  7.973434383845e-01   3.955992565362e-02  6.488087682612e-01  7.376346853010e-01  7.994988023373e-01
  3.955992565362e-02  6.488087682612e-01  7.376346853010e-01  7.994988023373e-01   4.174026085261e-02  6.629897014849e-01  7.429609334677e-01  8.007040389204e-01
  4.174026085261e-02  6.629897014849e-01  7.429609334677e-01  8.007040389204e-01   4.459232396311e-02  6.798697435600e-01  7.492734851857e-01  8.020047377531e-01
  4.459232396311e-02  6.798697435600e-01  7.492734851857e-01  8.020047377531e-01   4.713654268936e-02  6.938209103876e-01  7.544404855266e-01  8.029656162920e-01
  4.713654268936e-02  6.938209103876e-01  7.544404855266e-01  8.029656162920e-01   4.934693298534e-02  7.053154633224e-01  7.586473544311e-01  8.036781494180e-01
  4.934693298534e-02  7.053154633224e-01  7.586473544311e-01  8.036781494180e-01   5.300725654019e-02  7.233724810822e-01  7.651373564787e-01  8.046523711932e-01
  5.300725654019e-02  7.233724810822e-01  7.651373564787e-01  8.046523711932e-01   5.715427560565e-02  7.426971250558e-01  7.718868223661e-01  8.055005063659e-01
  5.715427560565e-02  7.426971250558e-01  7.718868223661e-01  8.055005063659e-01   5.917117860395e-02  7.517455135418e-01  7.749671320338e-01  8.058300161750e-01
  5.917117860395e-02  7.517455135418e-01  7.749671320338e-01  8.058300161750e-01   6.100496283698e-02  7.598006036941e-01  7.776627118799e-01  8.060879928335e-01
  6.100496283698e-02  7.598006036941e-01  7.776627118799e-01  8.060879928335e-01   7.052187580783e-02  7.994049981912e-01  7.902195844385e-01  8.068983662600e-01
  7.052187580783e-02  7.994049981912e-01  7.902195844385e-01  8.068983662600e-01   7.369316600746e-02  8.118951083041e-01  7.939246114043e-01  8.070073833048e-01
  7.369316600746e-02  8.118951083041e-01  7.939246114043e-01  8.070073833048e-01   8.443757080998e-02  8.519496779956e-01  8.049485985777e-01  8.069461280519e-01
  8.443757080998e-02  8.519496779956e-01  8.049485985777e-01  8.069461280519e-01   8.712606522098e-02  8.614601000000e-01  8.073746664308e-01  8.068494663156e-01
  8.712606522098e-02  8.614601000000e-01  8.073746664308e-01  8.068494663156e-01   9.553491862703e-02  8.899632931061e-01  8.142192274006e-01  8.063988312674e-01
  9.553491862703e-02  8.899632931061e-01  8.142192274006e-01  8.063988312674e-01   1.015378350410e-01  9.092079294579e-01  8.184932629967e-01  8.059740865032e-01
  1.015378350410e-01  9.092079294579e-01  8.184932629967e-01  8.059740865032e-01   1.060740463740e-01  9.231706157457e-01  8.214286067709e-01  8.056130828273e-01
  1.060740463740e-01  9.231706157457e-01  8.214286067709e-01  8.056130828273e-01   1.159201352738e-01  9.518594631610e-01  8.270518863174e-01  8.047501363544e-01
  1.159201352738e-01  9.518594631610e-01  8.270518863174e-01  8.047501363544e-01   1.168483170228e-01  9.544551400860e-01  8.275350841552e-01  8.046647971339e-01
  1.168483170228e-01  9.544551400860e-01  8.275350841552e-01  8.046647971339e-01   1.172987844242e-01  9.557083740952e-01  8.277669261495e-01  8.046231925867e-01
  1.172987844242e-01  9.557083740952e-01  8.277669261495e-01  8.046231925867e-01   1.186249357817e-01  9.593733935234e-01  8.284395539873e-01  8.045000472007e-01
  1.186249357817e-01  9.593733935234e-01  8.284395539873e-01  8.045000472007e-01   1.345206991383e-01  1.000637688448e+00  8.354947341270e-01  8.029751412668e-01
  1.345206991383e-01  1.000637688448e+00  8.354947341270e-01  8.029751412668e-01   1.470481816524e-01  1.030055572114e+00  8.400051695056e-01  8.017523870811e-01
  1.470481816524e-01  1.030055572114e+00  8.400051695056e-01  8.017523870811e-01   1.532142399844e-01  1.043657849998e+00  8.419629461855e-01  8.011536023950e-01
  1.532142399844e-01  1.043657849998e+00  8.419629461855e-01  8.011536023950e-01   1.674101968474e-01  1.073036781476e+00  8.459457662624e-01  7.997941155522e-01
  1.674101968474e-01  1.073036781476e+00  8.459457662624e-01  7.997941155522e-01   1.736311230663e-01  1.085141551130e+00  8.474970806711e-01  7.992089351220e-01
  1.736311230663e-01  1.085141551130e+00  8.474970806711e-01  7.992089351220e-01   1.852807623143e-01  1.106688571634e+00  8.501404918371e-01  7.981327137701e-01
  1.852807623143e-01  1.106688571634e+00  8.501404918371e-01  7.981327137701e-01   1.960211025199e-01  1.125382234898e+00  8.523197624792e-01  7.971641860111e-01
  1.960211025199e-01  1.125382234898e+00  8.523197624792e-01  7.971641860111e-01   2.192238979333e-01  1.162462722637e+00  8.563556286162e-01  7.951510164195e-01
  2.192238979333e-01  1.162462722637e+00  8.563556286162e-01  7.951510164195e-01   2.202159176480e-01  1.163957843863e+00  8.565107868042e-01  7.950673563888e-01
  2.202159176480e-01  1.163957843863e+00  8.565107868042e-01  7.950673563888e-01   2.215084302826e-01  1.165895586679e+00  8.567110264477e-01  7.949586532234e-01
  2.215084302826e-01  1.165895586679e+00  8.567110264477e-01  7.949586532234e-01   2.459482254159e-01  1.200501698559e+00  8.601294779594e-01  7.929659127885e-01
  2.459482254159e-01  1.200501698559e+00  8.601294779594e-01  7.929659127885e-01   2.609087946500e-01  1.219971612649e+00  8.619239589219e-01  7.918046075266e-01
  2.609087946500e-01  1.219971612649e+00  8.619239589219e-01  7.918046075266e-01   2.733558007736e-01  1.235298380138e+00  8.632717752076e-01  7.908722600463e-01
  2.733558007736e-01  1.235298380138e+00  8.632717752076e-01  7.908722600463e-01   2.870412470829e-01  1.251317313907e+00  8.646188551011e-01  7.898827719659e-01
  2.870412470829e-01  1.251317313907e+00  8.646188551011e-01  7.898827719659e-01   3.026185329925e-01  1.268578452715e+00  8.659985206989e-01  7.888022584247e-01
  3.026185329925e-01  1.268578452715e+00  8.659985206989e-01  7.888022584247e-01   3.277982890812e-01  1.294510023344e+00  8.679258419302e-01  7.871601515496e-01
  3.277982890812e-01  1.294510023344e+00  8.679258419302e-01  7.871601515496e-01   3.334187170577e-01  1.299992812970e+00  8.683101202521e-01  7.868114859908e-01
  3.334187170577e-01  1.299992812970e+00  8.683101202521e-01  7.868114859908e-01   3.449149316666e-01  1.310884359694e+00  8.690484920211e-01  7.861189128870e-01
  3.449149316666e-01  1.310884359694e+00  8.690484920211e-01  7.861189128870e-01   3.653829143817e-01  1.329262685618e+00  8.702162183640e-01  7.849552169178e-01
  3.653829143817e-01  1.329262685618e+00  8.702162183640e-01  7.849552169178e-01   3.927637791295e-01  1.351987168746e+00  8.715159078157e-01  7.835402123076e-01
  3.927637791295e-01  1.351987168746e+00  8.715159078157e-01  7.835402123076e-01   3.986800103097e-01  1.356637322430e+00  8.717610681218e-01  7.832561555587e-01
  3.986800103097e-01  1.356637322430e+00  8.717610681218e-01  7.832561555587e-01   4.266665619732e-01  1.377474749571e+00  8.727670442699e-01  7.820188553992e-01
  4.266665619732e-01  1.377474749571e+00  8.727670442699e-01  7.820188553992e-01   4.335276352827e-01  1.382304369755e+00  8.729776397883e-01  7.817426524656e-01
  4.335276352827e-01  1.382304369755e+00  8.729776397883e-01  7.817426524656e-01   4.419311321282e-01  1.388077149609e+00  8.732176934027e-01  7.814190803608e-01
  4.419311321282e-01  1.388077149609e+00  8.732176934027e-01  7.814190803608e-01   4.695592092477e-01  1.405997157328e+00  8.738782525826e-01  7.804707293752e-01
  4.695592092477e-01  1.405997157328e+00  8.738782525826e-01  7.804707293752e-01   4.866992523683e-01  1.416338895375e+00  8.741979202002e-01  7.799724317187e-01
  4.866992523683e-01  1.416338895375e+00  8.741979202002e-01  7.799724317187e-01   5.063718340892e-01  1.427517973965e+00  8.744893295423e-01  7.794865776532e-01
  5.063718340892e-01  1.427517973965e+00  8.744893295423e-01  7.794865776532e-01   5.242653988366e-01  1.437073411127e+00  8.746912875012e-01  7.791253076812e-01
  5.242653988366e-01  1.437073411127e+00  8.746912875012e-01  7.791253076812e-01   5.441951301037e-01  1.447058868695e+00  8.748531704220e-01  7.788141691296e-01
  5.441951301037e-01  1.447058868695e+00  8.748531704220e-01  7.788141691296e-01   5.678550972934e-01  1.458052483537e+00  8.749696576576e-01  7.785706790582e-01
  5.678550972934e-01  1.458052483537e+00  8.749696576576e-01  7.785706790582e-01   5.832974880364e-01  1.464743127557e+00  8.750069940127e-01  7.784860041112e-01
  5.832974880364e-01  1.464743127557e+00  8.750069940127e-01  7.784860041112e-01   5.984816681809e-01  1.470960938292e+00  8.750177019070e-01  7.784602878075e-01
  5.984816681809e-01  1.470960938292e+00  8.750177019070e-01  7.784602878075e-01   6.232873037048e-01  1.480372724974e+00  8.749876093011e-01  7.785417934989e-01
  6.232873037048e-01  1.480372724974e+00  8.749876093011e-01  7.785417934989e-01   6.425824285254e-01  1.487073766379e+00  8.749303294012e-01  7.787118747392e-01
  6.425824285254e-01  1.487073766379e+00  8.749303294012e-01  7.787118747392e-01   6.637452915042e-01  1.493819566951e+00  8.748408256433e-01  7.790066304711e-01
  6.637452915042e-01  1.493819566951e+00  8.748408256433e-01  7.790066304711e-01   6.891901891802e-01  1.501118687450e+00  8.747062315657e-01  7.795123010014e-01
  6.891901891802e-01  1.501118687450e+00  8.747062315657e-01  7.795123010014e-01   7.049479755236e-01  1.505206305838e+00  8.746131340354e-01  7.799091214554e-01
  7.049479755236e-01  1.505206305838e+00  8.746131340354e-01  7.799091214554e-01   7.421065858577e-01  1.513574818312e+00  8.743827611052e-01  7.811022722258e-01
  7.421065858577e-01  1.513574818312e+00  8.743827611052e-01  7.811022722258e-01   7.471998724935e-01  1.514585783768e+00  8.743514922330e-01  7.812943885297e-01
  7.471998724935e-01  1.514585783768e+00  8.743514922330e-01  7.812943885297e-01   7.511394329101e-01  1.515345600321e+00  8.743275548058e-01  7.814477639415e-01
  7.511394329101e-01  1.515345600321e+00  8.743275548058e-01  7.814477639415e-01   7.900889717266e-01  1.521835129338e+00  8.741121158182e-01  7.831924131911e-01
  7.900889717266e-01  1.521835129338e+00  8.741121158182e-01  7.831924131911e-01   7.913013794739e-01  1.522007761121e+00  8.741062880749e-01  7.832534875508e-01
  7.913013794739e-01  1.522007761121e+00  8.741062880749e-01  7.832534875508e-01   8.331855000000e-01  1.526910515683e+00  8.739559899442e-01  7.856229313933e-01
  8.331855000000e-01  1.526910515683e+00  8.739559899442e-01  7.856229313933e-01   8.386817540533e-01  1.527403171093e+00  8.739452617803e-01  7.859722893519e-01
  8.386817540533e-01  1.527403171093e+00  8.739452617803e-01  7.859722893519e-01   8.768072935000e-01  1.529883852828e+00  8.739477199214e-01  7.886537577250e-01
  8.768072935000e-01  1.529883852828e+00  8.739477199214e-01  7.886537577250e-01   9.016916474185e-01  1.530639615557e+00  8.740378291523e-01  7.906591842067e-01
  9.016916474185e-01  1.530639615557e+00  8.740378291523e-01  7.906591842067e-01   9.213016151030e-01  1.530768443691e+00  8.741698151540e-01  7.923909392328e-01
  9.213016151030e-01  1.530768443691e+00  8.741698151540e-01  7.923909392328e-01   9.323324943858e-01  1.530663874574e+00  8.742710577160e-01  7.934265593984e-01
  9.323324943858e-01  1.530663874574e+00  8.742710577160e-01  7.934265593984e-01   9.662751704598e-01  1.529563845331e+00  8.747243074665e-01  7.969079648358e-01
  9.662751704598e-01  1.529563845331e+00  8.747243074665e-01  7.969079648358e-01   9.696466304415e-01  1.529391848497e+00  8.747823382209e-01  7.972792127356e-01
  9.696466304415e-01  1.529391848497e+00  8.747823382209e-01  7.972792127356e-01   9.933814779476e-01  1.527869899400e+00  8.752668432708e-01  8.000309923227e-01
  9.933814779476e-01  1.527869899400e+00  8.752668432708e-01  8.000309923227e-01   1.009591748627e+00  1.526524922662e+00  8.756816771739e-01  8.020557965307e-01
  1.009591748627e+00  1.526524922662e+00  8.756816771739e-01  8.020557965307e-01   1.011346192517e+00  1.526364856386e+00  8.757310310473e-01  8.022823257437e-01
  1.011346192517e+00  1.526364856386e+00  8.757310310473e-01  8.022823257437e-01   1.016991546471e+00  1.525830881829e+00  8.758960416045e-01  8.030212644574e-01
  1.016991546471e+00  1.525830881829e+00  8.758960416045e-01  8.030212644574e-01   1.056948092479e+00  1.521253732945e+00  8.773625151158e-01  8.087101046936e-01
  1.056948092479e+00  1.521253732945e+00  8.773625151158e-01  8.087101046936e-01   1.085142660145e+00  1.517231324819e+00  8.787625227272e-01  8.132441281857e-01
  1.085142660145e+00  1.517231324819e+00  8.787625227272e-01  8.132441281857e-01   1.103589176315e+00  1.514272322675e+00  8.798711815009e-01  8.164619303311e-01
  1.103589176315e+00  1.514272322675e+00  8.798711815009e-01  8.164619303311e-01   1.128208471829e+00  1.509949664359e+00  8.816208473981e-01  8.210836143795e-01
  1.128208471829e+00  1.509949664359e+00  8.816208473981e-01  8.210836143795e-01   1.151058024043e+00  1.505584534834e+00  8.835535636853e-01  8.257214382830e-01
  1.151058024043e+00  1.505584534834e+00  8.835535636853e-01  8.257214382830e-01   1.160754603597e+00  1.503636548105e+00  8.844720349957e-01  8.277936091387e-01
  1.160754603597e+00  1.503636548105e+00  8.844720349957e-01  8.277936091387e-01   1.183440256982e+00  1.498872047580e+00  8.868686793343e-01  8.328872974950e-01
  1.183440256982e+00  1.498872047580e+00  8.868686793343e-01  8.328872974950e-01   1.194429333945e+00  1.496465358108e+00  8.881618426679e-01  8.354789081874e-01
  1.194429333945e+00  1.496465358108e+00  8.881618426679e-01  8.354789081874e-01   1.199192635812e+00  1.495403055159e+00  8.887504679304e-01  8.366273722144e-01
  1.199192635812e+00  1.495403055159e+00  8.887504679304e-01  8.366273722144e-01   1.241360635076e+00  1.485522976365e+00  8.947489645578e-01  8.474426918213e-01
  1.241360635076e+00  1.485522976365e+00  8.947489645578e-01  8.474426918213e-01   1.248710653369e+00  1.483716658493e+00  8.959465188904e-01  8.494429830167e-01
  1.248710653369e+00  1.483716658493e+00  8.959465188904e-01  8.494429830167e-01   1.292252250422e+00  1.472507651818e+00  9.040220346237e-01  8.619230372411e-01
  1.292252250422e+00  1.472507651818e+00  9.040220346237e-01  8.619230372411e-01   1.300376828140e+00  1.470315692803e+00  9.057185190420e-01  8.643590728123e-01
  1.300376828140e+00  1.470315692803e+00  9.057185190420e-01  8.643590728123e-01   1.322646077770e+00  1.464128090998e+00  9.106761903443e-01  8.711791693265e-01
  1.322646077770e+00  1.464128090998e+00  9.106761903443e-01  8.711791693265e-01   1.345954842192e+00  1.457335389199e+00  9.163414647869e-01  8.785003483023e-01
  1.345954842192e+00  1.457335389199e+00  9.163414647869e-01  8.785003483023e-01   1.349952226230e+00  1.456133750026e+00  9.173607841762e-01  8.797703312703e-01
  1.349952226230e+00  1.456133750026e+00  9.173607841762e-01  8.797703312703e-01   1.353935647940e+00  1.454924665939e+00  9.183901320420e-01  8.810392140819e-01
  1.353935647940e+00  1.454924665939e+00  9.183901320420e-01  8.810392140819e-01   1.377758378584e+00  1.447426784413e+00  9.248202841200e-01  8.886775568290e-01
  1.377758378584e+00  1.447426784413e+00  9.248202841200e-01  8.886775568290e-01   1.404708004625e+00  1.438287687405e+00  9.326194595219e-01  8.973463356242e-01
  1.404708004625e+00  1.438287687405e+00  9.326194595219e-01  8.973463356242e-01   1.406779123088e+00  1.437551130559e+00  9.332397382714e-01  8.980103732384e-01
  1.406779123088e+00  1.437551130559e+00  9.332397382714e-01  8.980103732384e-01   1.408618024514e+00  1.436892624514e+00  9.337927884625e-01  8.985994449228e-01
  1.408618024514e+00  1.436892624514e+00  9.337927884625e-01  8.985994449228e-01   1.443272378892e+00  1.423567966238e+00  9.445741168016e-01  9.095507710716e-01
  1.443272378892e+00  1.423567966238e+00  9.445741168016e-01  9.095507710716e-01   1.463693163121e+00  1.414714628900e+00  9.511692754103e-01  9.157859921052e-01
  1.463693163121e+00  1.414714628900e+00  9.511692754103e-01  9.157859921052e-01   1.483350316306e+00  1.405267095470e+00  9.575968538561e-01  9.215476461394e-01
  1.483350316306e+00  1.405267095470e+00  9.575968538561e-01  9.215476461394e-01   1.517046154694e+00  1.386204836364e+00  9.684993285615e-01  9.306314325984e-01
  1.517046154694e+00  1.386204836364e+00  9.684993285615e-01  9.306314325984e-01   1.523832888983e+00  1.381794677154e+00  9.706270391455e-01  9.323024452308e-01
  1.523832888983e+00  1.381794677154e+00  9.706270391455e-01  9.323024452308e-01   1.531371678359e+00  1.376614152165e+00  9.729423543697e-01  9.340817298612e-01
  1.531371678359e+00  1.376614152165e+00  9.729423543697e-01  9.340817298612e-01   1.550644436259e+00  1.361744351411e+00  9.785291916714e-01  9.381985788948e-01
  1.550644436259e+00  1.361744351411e+00  9.785291916714e-01  9.381985788948e-01   1.564126100424e+00  1.349561351725e+00  9.820120491862e-01  9.406256736160e-01
  1.564126100424e+00  1.349561351725e+00  9.820120491862e-01  9.406256736160e-01   1.580912598040e+00  1.331472747842e+00  9.855504009310e-01  9.429567470986e-01
  1.580912598040e+00  1.331472747842e+00  9.855504009310e-01  9.429567470986e-01   1.600220565398e+00  1.304308001485e+00  9.877019294076e-01  9.442761154628e-01
  1.600220565398e+00  1.304308001485e+00  9.877019294076e-01  9.442761154628e-01   1.616160188541e+00  1.271773350478e+00  9.862171233162e-01  9.434840961506e-01
  1.616160188541e+00  1.271773350478e+00  9.862171233162e-01  9.434840961506e-01   1.623082105146e+00  1.251270537289e+00  9.834570799932e-01  9.421074290735e-01
  1.623082105146e+00  1.251270537289e+00  9.834570799932e-01  9.421074290735e-01   1.628382873501e+00  1.229139472938e+00  9.791973822242e-01  9.401272117305e-01
  1.628382873501e+00  1.229139472938e+00  9.791973822242e-01  9.401272117305e-01   1.632711917718e+00  1.198156569650e+00  9.714333404344e-01  9.368311447454e-01
  1.632711917718e+00  1.198156569650e+00  9.714333404344e-01  9.368311447454e-01   1.632956321076e+00  1.195285739470e+00  9.706249218383e-01  9.365071677861e-01
  1.632956321076e+00  1.195285739470e+00  9.706249218383e-01  9.365071677861e-01   1.633147362830e+00  1.192815152965e+00  9.699185312714e-01  9.362267716003e-01
  1.633147362830e+00  1.192815152965e+00  9.699185312714e-01  9.362267716003e-01   1.633644743962e+00  1.141930147146e+00  9.535760995103e-01  9.303647303897e-01
  1.633644743962e+00  1.141930147146e+00  9.535760995103e-01  9.303647303897e-01   1.633142386005e+00  1.132757696319e+00  9.503510252390e-01  9.293362921000e-01
  1.633142386005e+00  1.132757696319e+00  9.503510252390e-01  9.293362921000e-01   1.629860190215e+00  1.097092487397e+00  9.373394691499e-01  9.255767616155e-01
  1.629860190215e+00  1.097092487397e+00  9.373394691499e-01  9.255767616155e-01   1.626811074346e+00  1.074111431739e+00  9.287363146990e-01  9.234213976627e-01
  1.626811074346e+00  1.074111431739e+00  9.287363146990e-01  9.234213976627e-01   1.624630739147e+00  1.059930498515e+00  9.234100665323e-01  9.222161610796e-01
  1.624630739147e+00  1.059930498515e+00  9.234100665323e-01  9.222161610796e-01   1.621778676037e+00  1.043050456440e+00  9.170975148143e-01  9.209154622469e-01
  1.621778676037e+00  1.043050456440e+00  9.170975148143e-01  9.209154622469e-01   1.619234457311e+00  1.029099289612e+00  9.119305144734e-01  9.199545837080e-01
  1.619234457311e+00  1.029099289612e+00  9.119305144734e-01  9.199545837080e-01   1.617024067015e+00  1.017604736678e+00  9.077236455689e-01  9.192420505820e-01
  1.617024067015e+00  1.017604736678e+00  9.077236455689e-01  9.192420505820e-01   1.613363743460e+00  9.995477189178e-01  9.012336435213e-01  9.182678288068e-01
  1.613363743460e+00  9.995477189178e-01  9.012336435213e-01  9.182678288068e-01   1.609216724394e+00  9.802230749442e-01  8.944841776339e-01  9.174196936341e-01
  1.609216724394e+00  9.802230749442e-01  8.944841776339e-01  9.174196936341e-01   1.607199821396e+00  9.711746864582e-01  8.914038679662e-01  9.170901838250e-01
  1.607199821396e+00  9.711746864582e-01  8.914038679662e-01  9.170901838250e-01   1.605366037163e+00  9.631195963059e-01  8.887082881201e-01  9.168322071665e-01
  1.605366037163e+00  9.631195963059e-01  8.887082881201e-01  9.168322071665e-01   1.595849124192e+00  9.235152018088e-01  8.761514155615e-01  9.160218337400e-01
  1.595849124192e+00  9.235152018088e-01  8.761514155615e-01  9.160218337400e-01   1.592677833993e+00  9.110250916959e-01  8.724463885957e-01  9.159128166952e-01
  1.592677833993e+00  9.110250916959e-01  8.724463885957e-01  9.159128166952e-01   1.581933429190e+00  8.709705220044e-01  8.614224014223e-01  9.159740719481e-01
  1.581933429190e+00  8.709705220044e-01  8.614224014223e-01  9.159740719481e-01   1.579244934779e+00  8.614601000000e-01  8.589963335692e-01  9.160707336844e-01
  1.579244934779e+00  8.614601000000e-01  8.589963335692e-01  9.160707336844e-01   1.570836081524e+00  8.329569063853e-01  8.521517728038e-01  9.165213687150e-01
  1.570836081524e+00  8.329569063853e-01  8.521517728038e-01  9.165213687150e-01   1.564833164959e+00  8.137122705421e-01  8.478777370033e-01  9.169461134968e-01
  1.564833164959e+00  8.137122705421e-01  8.478777370033e-01  9.169461134968e-01   1.560296953626e+00  7.997495842543e-01  8.449423932291e-01  9.173071171727e-01
  1.560296953626e+00  7.997495842543e-01  8.449423932291e-01  9.173071171727e-01   1.550450864726e+00  7.710607368390e-01  8.393191136826e-01  9.181700636456e-01
  1.550450864726e+00  7.710607368390e-01  8.393191136826e-01  9.181700636456e-01   1.549522682977e+00  7.684650599140e-01  8.388359158448e-01  9.182554028661e-01
  1.549522682977e+00  7.684650599140e-01  8.388359158448e-01  9.182554028661e-01   1.549072215576e+00  7.672118259048e-01  8.386040738505e-01  9.182970074133e-01
  1.549072215576e+00  7.672118259048e-01  8.386040738505e-01  9.182970074133e-01   1.547746064218e+00  7.635468064766e-01  8.379314460127e-01  9.184201527993e-01
  1.547746064218e+00  7.635468064766e-01  8.379314460127e-01  9.184201527993e-01   1.531850300862e+00  7.222825115516e-01  8.308762658730e-01  9.199450587332e-01
  1.531850300862e+00  7.222825115516e-01  8.308762658730e-01  9.199450587332e-01   1.519322818348e+00  6.928646278863e-01  8.263658304944e-01  9.211678129189e-01
  1.519322818348e+00  6.928646278863e-01  8.263658304944e-01  9.211678129189e-01   1.513156760016e+00  6.792623500024e-01  8.244080538145e-01  9.217665976050e-01
  1.513156760016e+00  6.792623500024e-01  8.244080538145e-01  9.217665976050e-01   1.498960803153e+00  6.498834185237e-01  8.204252337376e-01  9.231260844478e-01
  1.498960803153e+00  6.498834185237e-01  8.204252337376e-01  9.231260844478e-01   1.492739876934e+00  6.377786488696e-01  8.188739193289e-01  9.237112648780e-01
  1.492739876934e+00  6.377786488696e-01  8.188739193289e-01  9.237112648780e-01   1.481090237686e+00  6.162316283658e-01  8.162305081629e-01  9.247874862299e-01
  1.481090237686e+00  6.162316283658e-01  8.162305081629e-01  9.247874862299e-01   1.470349897480e+00  5.975379651025e-01  8.140512375208e-01  9.257560139889e-01
  1.470349897480e+00  5.975379651025e-01  8.140512375208e-01  9.257560139889e-01   1.447147102067e+00  5.604574773626e-01  8.100153713838e-01  9.277691835805e-01
  1.447147102067e+00  5.604574773626e-01  8.100153713838e-01  9.277691835805e-01   1.446155082352e+00  5.589623561372e-01  8.098602131958e-01  9.278528436112e-01
  1.446155082352e+00  5.589623561372e-01  8.098602131958e-01  9.278528436112e-01   1.444862569717e+00  5.570246133209e-01  8.096599735523e-01  9.279615467766e-01
  1.444862569717e+00  5.570246133209e-01  8.096599735523e-01  9.279615467766e-01   1.420422774584e+00  5.224185014407e-01  8.062415220406e-01  9.299542872115e-01
  1.420422774584e+00  5.224185014407e-01  8.062415220406e-01  9.299542872115e-01   1.405462205350e+00  5.029485873512e-01  8.044470410781e-01  9.311155924734e-01
  1.405462205350e+00  5.029485873512e-01  8.044470410781e-01  9.311155924734e-01   1.393015199226e+00  4.876218198621e-01  8.030992247924e-01  9.320479399537e-01
  1.393015199226e+00  4.876218198621e-01  8.030992247924e-01  9.320479399537e-01   1.379329752917e+00  4.716028860935e-01  8.017521448989e-01  9.330374280341e-01
  1.379329752917e+00  4.716028860935e-01  8.017521448989e-01  9.330374280341e-01   1.363752467007e+00  4.543417472850e-01  8.003724793011e-01  9.341179415753e-01
  1.363752467007e+00  4.543417472850e-01  8.003724793011e-01  9.341179415753e-01   1.338572710919e+00  4.284101766565e-01  7.984451580698e-01  9.357600484504e-01
  1.338572710919e+00  4.284101766565e-01  7.984451580698e-01  9.357600484504e-01   1.332952282942e+00  4.229273870301e-01  7.980608797479e-01  9.361087140092e-01
  1.332952282942e+00  4.229273870301e-01  7.980608797479e-01  9.361087140092e-01   1.321456068333e+00  4.120358403058e-01  7.973225079789e-01  9.368012871130e-01
  1.321456068333e+00  4.120358403058e-01  7.973225079789e-01  9.368012871130e-01   1.300988085618e+00  3.936575143817e-01  7.961547816360e-01  9.379649830822e-01
  1.300988085618e+00  3.936575143817e-01  7.961547816360e-01  9.379649830822e-01   1.273607220871e+00  3.709330312542e-01  7.948550921843e-01  9.393799876924e-01
  1.273607220871e+00  3.709330312542e-01  7.948550921843e-01  9.393799876924e-01   1.267690989690e+00  3.662828775696e-01  7.946099318782e-01  9.396640444413e-01
  1.267690989690e+00  3.662828775696e-01  7.946099318782e-01  9.396640444413e-01   1.239704438027e+00  3.454454504293e-01  7.936039557301e-01  9.409013446008e-01
  1.239704438027e+00  3.454454504293e-01  7.936039557301e-01  9.409013446008e-01   1.232843364717e+00  3.406158302448e-01  7.933933602117e-01  9.411775475344e-01
  1.232843364717e+00  3.406158302448e-01  7.933933602117e-01  9.411775475344e-01   1.224439867872e+00  3.348430503907e-01  7.931533065973e-01  9.415011196392e-01
  1.224439867872e+00  3.348430503907e-01  7.931533065973e-01  9.415011196392e-01   1.196811790752e+00  3.169230426724e-01  7.924927474174e-01  9.424494706248e-01
  1.196811790752e+00  3.169230426724e-01  7.924927474174e-01  9.424494706248e-01   1.179671747632e+00  3.065813046246e-01  7.921730797998e-01  9.429477682813e-01
  1.179671747632e+00  3.065813046246e-01  7.921730797998e-01  9.429477682813e-01   1.159999165911e+00  2.954022260347e-01  7.918816704577e-01  9.434336223468e-01
  1.159999165911e+00  2.954022260347e-01  7.918816704577e-01  9.434336223468e-01   1.142105601163e+00  2.858467888728e-01  7.916797124988e-01  9.437948923188e-01
  1.142105601163e+00  2.858467888728e-01  7.916797124988e-01  9.437948923188e-01   1.122175869896e+00  2.758613313050e-01  7.915178295780e-01  9.441060308704e-01
  1.122175869896e+00  2.758613313050e-01  7.915178295780e-01  9.441060308704e-01   1.098515902707e+00  2.648677164629e-01  7.914013423424e-01  9.443495209418e-01
  1.098515902707e+00  2.648677164629e-01  7.914013423424e-01  9.443495209418e-01   1.083073511964e+00  2.581770724430e-01  7.913640059873e-01  9.444341958888e-01
  1.083073511964e+00  2.581770724430e-01  7.913640059873e-01  9.444341958888e-01   1.067889331819e+00  2.519592617077e-01  7.913532980930e-01  9.444599121925e-01
  1.067889331819e+00  2.519592617077e-01  7.913532980930e-01  9.444599121925e-01   1.043083696295e+00  2.425474750265e-01  7.913833906989e-01  9.443784065011e-01
  1.043083696295e+00  2.425474750265e-01  7.913833906989e-01  9.443784065011e-01   1.023788571475e+00  2.358464336209e-01  7.914406705988e-01  9.442083252608e-01
  1.023788571475e+00  2.358464336209e-01  7.914406705988e-01  9.442083252608e-01   1.002625708496e+00  2.291006330486e-01  7.915301743567e-01  9.439135695289e-01
  1.002625708496e+00  2.291006330486e-01  7.915301743567e-01  9.439135695289e-01   9.771808108198e-01  2.218015125495e-01  7.916647684343e-01  9.434078989986e-01
  9.771808108198e-01  2.218015125495e-01  7.916647684343e-01  9.434078989986e-01   9.614230244764e-01  2.177138941624e-01  7.917578659646e-01  9.430110785446e-01
  9.614230244764e-01  2.177138941624e-01  7.917578659646e-01  9.430110785446e-01   9.242644141423e-01  2.093453816878e-01  7.919882388948e-01  9.418179277742e-01
  9.242644141423e-01  2.093453816878e-01  7.919882388948e-01  9.418179277742e-01   9.191711275065e-01  2.083344162322e-01  7.920195077670e-01  9.416258114703e-01
  9.191711275065e-01  2.083344162322e-01  7.920195077670e-01  9.416258114703e-01   9.152315670899e-01  2.075745996791e-01  7.920434451942e-01  9.414724360585e-01
  9.152315670899e-01  2.075745996791e-01  7.920434451942e-01  9.414724360585e-01   8.762820282734e-01  2.010850706621e-01  7.922588841818e-01  9.397277868089e-01
  8.762820282734e-01  2.010850706621e-01  7.922588841818e-01  9.397277868089e-01   8.750696180882e-01  2.009124397359e-01  7.922647118149e-01  9.396667136152e-01
  8.750696180882e-01  2.009124397359e-01  7.922647118149e-01  9.396667136152e-01   8.331855000000e-01  1.960096843172e-01  7.924150100558e-01  9.372972686067e-01
  8.331855000000e-01  1.960096843172e-01  7.924150100558e-01  9.372972686067e-01   8.276892459467e-01  1.955170289068e-01  7.924257382197e-01  9.369479106481e-01
  8.276892459467e-01  1.955170289068e-01  7.924257382197e-01  9.369479106481e-01   7.895637065000e-01  1.930363471720e-01  7.924232800786e-01  9.342664422750e-01
  7.895637065000e-01  1.930363471720e-01  7.924232800786e-01  9.342664422750e-01   7.646793525815e-01  1.922805844425e-01  7.923331708477e-01  9.322610157933e-01
  7.646793525815e-01  1.922805844425e-01  7.923331708477e-01  9.322610157933e-01   7.450693848970e-01  1.921517563088e-01  7.922011848460e-01  9.305292607672e-01
  7.450693848970e-01  1.921517563088e-01  7.922011848460e-01  9.305292607672e-01   7.340385056142e-01  1.922563254265e-01  7.920999422840e-01  9.294936406016e-01
  7.340385056142e-01  1.922563254265e-01  7.920999422840e-01  9.294936406016e-01   7.000958295402e-01  1.933563546688e-01  7.916466925335e-01  9.260122351642e-01
  7.000958295402e-01  1.933563546688e-01  7.916466925335e-01  9.260122351642e-01   6.967243695585e-01  1.935283515031e-01  7.915886617791e-01  9.256409872644e-01
  6.967243695585e-01  1.935283515031e-01  7.915886617791e-01  9.256409872644e-01   6.729895215124e-01  1.950503006714e-01  7.911041567226e-01  9.228892076431e-01
  6.729895215124e-01  1.950503006714e-01  7.911041567226e-01  9.228892076431e-01   6.567792513730e-01  1.963952773378e-01  7.906893228261e-01  9.208644034693e-01
  6.567792513730e-01  1.963952773378e-01  7.906893228261e-01  9.208644034693e-01   6.550248074827e-01  1.965553436138e-01  7.906399689527e-01  9.206378742563e-01
  6.550248074827e-01  1.965553436138e-01  7.906399689527e-01  9.206378742563e-01   6.493794535293e-01  1.970893181710e-01  7.904749583955e-01  9.198989355426e-01
  6.493794535293e-01  1.970893181710e-01  7.904749583955e-01  9.198989355426e-01   6.094229075208e-01  2.016664670552e-01  7.890084848842e-01  9.142100953064e-01
  6.094229075208e-01  2.016664670552e-01  7.890084848842e-01  9.142100953064e-01   5.812283398547e-01  2.056888751814e-01  7.876084772728e-01  9.096760718143e-01
  5.812283398547e-01  2.056888751814e-01  7.876084772728e-01  9.096760718143e-01   5.627818236851e-01  2.086478773250e-01  7.864998184991e-01  9.064582696689e-01
  5.627818236851e-01  2.086478773250e-01  7.864998184991e-01  9.064582696689e-01   5.381625281711e-01  2.129705356407e-01  7.847501526019e-01  9.018365856205e-01
  5.381625281711e-01  2.129705356407e-01  7.847501526019e-01  9.018365856205e-01   5.153129759565e-01  2.173356651662e-01  7.828174363147e-01  8.971987617170e-01
  5.153129759565e-01  2.173356651662e-01  7.828174363147e-01  8.971987617170e-01   5.056163964031e-01  2.192836518954e-01  7.818989650043e-01  8.951265908613e-01
  5.056163964031e-01  2.192836518954e-01  7.818989650043e-01  8.951265908613e-01   4.829307430176e-01  2.240481524198e-01  7.795023206657e-01  8.900329025050e-01
  4.829307430176e-01  2.240481524198e-01  7.795023206657e-01  8.900329025050e-01   4.719416660554e-01  2.264548418922e-01  7.782091573321e-01  8.874412918126e-01
  4.719416660554e-01  2.264548418922e-01  7.782091573321e-01  8.874412918126e-01   4.671783641879e-01  2.275171448406e-01  7.776205320696e-01  8.862928277856e-01
  4.671783641879e-01  2.275171448406e-01  7.776205320696e-01  8.862928277856e-01   4.250103649244e-01  2.373972236350e-01  7.716220354422e-01  8.754775081787e-01
  4.250103649244e-01  2.373972236350e-01  7.716220354422e-01  8.754775081787e-01   4.176603466310e-01  2.392035415071e-01  7.704244811096e-01  8.734772169833e-01
  4.176603466310e-01  2.392035415071e-01  7.704244811096e-01  8.734772169833e-01   3.741187479239e-01  2.504125494511e-01  7.623489654399e-01  8.609971628514e-01
  3.741187479239e-01  2.504125494511e-01  7.623489654399e-01  8.609971628514e-01   3.659941718602e-01  2.526045071969e-01  7.606524809580e-01  8.585611271877e-01
  3.659941718602e-01  2.526045071969e-01  7.606524809580e-01  8.585611271877e-01   3.437249222297e-01  2.587921090022e-01  7.556948096557e-01  8.517410306735e-01
  3.437249222297e-01  2.587921090022e-01  7.556948096557e-01  8.517410306735e-01   3.204161578082e-01  2.655848108010e-01  7.500295352131e-01  8.444198516977e-01
  3.204161578082e-01  2.655848108010e-01  7.500295352131e-01  8.444198516977e-01   3.164187737700e-01  2.667864499737e-01  7.490102158238e-01  8.431498687297e-01
  3.164187737700e-01  2.667864499737e-01  7.490102158238e-01  8.431498687297e-01   3.124353520603e-01  2.679955340614e-01  7.479808679580e-01  8.418809859181e-01
  3.124353520603e-01  2.679955340614e-01  7.479808679580e-01  8.418809859181e-01   2.886126214158e-01  2.754934155871e-01  7.415507158800e-01  8.342426431710e-01
  2.886126214158e-01  2.754934155871e-01  7.415507158800e-01  8.342426431710e-01   2.616629953746e-01  2.846325125951e-01  7.337515404781e-01  8.255738643758e-01
  2.616629953746e-01  2.846325125951e-01  7.337515404781e-01  8.255738643758e-01   2.595918769117e-01  2.853690694415e-01  7.331312617286e-01  8.249098267616e-01
  2.595918769117e-01  2.853690694415e-01  7.331312617286e-01  8.249098267616e-01   2.577529754859e-01  2.860275754859e-01  7.325782115375e-01  8.243207550772e-01
  2.577529754859e-01  2.860275754859e-01  7.325782115375e-01  8.243207550772e-01   2.230986211081e-01  2.993522337619e-01  7.217968831984e-01  8.133694289284e-01
  2.230986211081e-01  2.993522337619e-01  7.217968831984e-01  8.133694289284e-01   2.026778368792e-01  3.082055710998e-01  7.152017245897e-01  8.071342078948e-01
  2.026778368792e-01  3.082055710998e-01  7.152017245897e-01  8.071342078948e-01   1.830206836944e-01  3.176531045295e-01  7.087741461439e-01  8.013725538606e-01
  1.830206836944e-01  3.176531045295e-01  7.087741461439e-01  8.013725538606e-01   1.157265637410e-01  3.611758485893e-01  6.878418083286e-01  7.847216211052e-01
  8.300436973858e-01  8.317995130794e-01  8.658828794967e-01  1.484384734888e+00   8.295377059408e-01  8.337523532727e-01  8.814191906193e-01  1.482245103188e+00
  8.295377059408e-01  8.337523532727e-01  8.814191906193e-01  1.482245103188e+00   8.288893589521e-01  8.372963069013e-01  9.090894887210e-01  1.477471682304e+00
  8.288893589521e-01  8.372963069013e-01  9.090894887210e-01  1.477471682304e+00   8.286730164363e-01  8.388076495186e-01  9.217451822659e-01  1.474875546154e+00
  8.286730164363e-01  8.388076495186e-01  9.217451822659e-01  1.474875546154e+00   8.283356571637e-01  8.412652605890e-01  9.454566575112e-01  1.469298840660e+00
  8.283356571637e-01  8.412652605890e-01  9.454566575112e-01  1.469298840660e+00   8.283194147940e-01  8.413794399490e-01  9.466959441590e-01  1.468981348259e+00
  8.283194147940e-01  8.413794399490e-01  9.466959441590e-01  1.468981348259e+00   8.276747880499e-01  8.452110361266e-01  9.997203058799e-01  1.452866537400e+00
  8.276747880499e-01  8.452110361266e-01  9.997203058799e-01  1.452866537400e+00   8.272500902900e-01  8.471307533799e-01  1.037822512846e+00  1.438057826476e+00
  8.272500902900e-01  8.471307533799e-01  1.037822512846e+00  1.438057826476e+00   8.268627958695e-01  8.486480199470e-01  1.075053620337e+00  1.420748967106e+00
  8.268627958695e-01  8.486480199470e-01  1.075053620337e+00  1.420748967106e+00   8.261871335903e-01  8.509799176046e-01  1.145807372951e+00  1.379133997640e+00
  8.261871335903e-01  8.509799176046e-01  1.145807372951e+00  1.379133997640e+00   8.258787362761e-01  8.519377401217e-01  1.179636113495e+00  1.354569276888e+00
  8.258787362761e-01  8.519377401217e-01  1.179636113495e+00  1.354569276888e+00   8.255817256080e-01  8.527945802936e-01  1.212002883747e+00  1.327704176443e+00
  8.255817256080e-01  8.527945802936e-01  1.212002883747e+00  1.327704176443e+00   8.249987232416e-01  8.542764104374e-01  1.271203950652e+00  1.268026817944e+00
  8.249987232416e-01  8.542764104374e-01  1.271203950652e+00  1.268026817944e+00   8.246953394506e-01  8.549453706781e-01  1.298228332276e+00  1.234942380795e+00
  8.246953394506e-01  8.549453706781e-01  1.298228332276e+00  1.234942380795e+00   8.243781602496e-01  8.555788101194e-01  1.323149605356e+00  1.200046914687e+00
  8.243781602496e-01  8.555788101194e-01  1.323149605356e+00  1.200046914687e+00   8.236867309738e-01  8.567725000234e-01  1.365803366143e+00  1.126162886633e+00
  8.236867309738e-01  8.567725000234e-01  1.365803366143e+00  1.126162886633e+00   8.232948122052e-01  8.573632429742e-01  1.383665804835e+00  1.086905933652e+00
  8.232948122052e-01  8.573632429742e-01  1.383665804835e+00  1.086905933652e+00   8.228650217916e-01  8.579600102079e-01  1.398949367344e+00  1.046577698453e+00
  8.228650217916e-01  8.579600102079e-01  1.398949367344e+00  1.046577698453e+00   8.218680974439e-01  8.592056157419e-01  1.421346549988e+00  9.642760185912e-01
  8.218680974439e-01  8.592056157419e-01  1.421346549988e+00  9.642760185912e-01   8.212713574557e-01  8.598915733774e-01  1.428560706704e+00  9.220179715276e-01
  8.212713574557e-01  8.598915733774e-01  1.428560706704e+00  9.220179715276e-01   8.205922422106e-01  8.606382553416e-01  1.433008864589e+00  8.795399698615e-01
  8.205922422106e-01  8.606382553416e-01  1.433008864589e+00  8.795399698615e-01   8.188997601412e-01  8.623923972014e-01  1.433671113294e+00  7.954608997424e-01
  8.188997601412e-01  8.623923972014e-01  1.433671113294e+00  7.954608997424e-01   8.177705555613e-01  8.634895159355e-01  1.429941643039e+00  7.534983001685e-01
  8.177705555613e-01  8.634895159355e-01  1.429941643039e+00  7.534983001685e-01   8.163062170721e-01  8.648225391693e-01  1.423539470291e+00  7.120253169389e-01
  8.163062170721e-01  8.648225391693e-01  1.423539470291e+00  7.120253169389e-01   8.133524257991e-01  8.672501881778e-01  1.410944523512e+00  6.577351021585e-01
  8.133524257991e-01  8.672501881778e-01  1.410944523512e+00  6.577351021585e-01   8.132575899977e-01  8.673242501356e-01  1.410577527392e+00  6.564162694525e-01
  8.132575899977e-01  8.673242501356e-01  1.410577527392e+00  6.564162694525e-01   8.111971893260e-01  8.689172216741e-01  1.403065986287e+00  6.314357368480e-01
  8.111971893260e-01  8.689172216741e-01  1.403065986287e+00  6.314357368480e-01   8.099328228684e-01  8.699093444705e-01  1.398694109210e+00  6.183323855010e-01
  8.099328228684e-01  8.699093444705e-01  1.398694109210e+00  6.183323855010e-01   8.072375791037e-01  8.722080807506e-01  1.388931863384e+00  5.918812762177e-01
  8.072375791037e-01  8.722080807506e-01  1.388931863384e+00  5.918812762177e-01   8.058243622289e-01  8.736045846721e-01  1.382952624009e+00  5.772094251970e-01
  8.058243622289e-01  8.736045846721e-01  1.382952624009e+00  5.772094251970e-01   8.038864701374e-01  8.759190400290e-01  1.372596502620e+00  5.539601654437e-01
  8.038864701374e-01  8.759190400290e-01  1.372596502620e+00  5.539601654437e-01   8.032819743366e-01  8.767898903174e-01  1.368511130354e+00  5.454308545048e-01
  8.032819743366e-01  8.767898903174e-01  1.368511130354e+00  5.454308545048e-01   8.017436435362e-01  8.796130642932e-01  1.354441756875e+00  5.183464723867e-01
  8.017436435362e-01  8.796130642932e-01  1.354441756875e+00  5.183464723867e-01   8.006467103594e-01  8.830003942683e-01  1.335708712001e+00  4.867361729992e-01
  8.006467103594e-01  8.830003942683e-01  1.335708712001e+00  4.867361729992e-01   8.006013284729e-01  8.832188788934e-01  1.334424511476e+00  4.847244252920e-01
  8.006013284729e-01  8.832188788934e-01  1.334424511476e+00  4.847244252920e-01   8.002654710005e-01  8.864173112555e-01  1.314447003356e+00  4.555684699626e-01
  8.002654710005e-01  8.864173112555e-01  1.314447003356e+00  4.555684699626e-01   8.002648814413e-01  8.867209790811e-01  1.312427208691e+00  4.528242603364e-01
  8.002648814413e-01  8.867209790811e-01  1.312427208691e+00  4.528242603364e-01   8.005357247199e-01  8.896497843820e-01  1.291682850770e+00  4.264875421800e-01
  8.005357247199e-01  8.896497843820e-01  1.291682850770e+00  4.264875421800e-01   8.006108639416e-01  8.900435193313e-01  1.288702359717e+00  4.229574913075e-01
  8.006108639416e-01  8.900435193313e-01  1.288702359717e+00  4.229574913075e-01   8.013096695222e-01  8.925342470209e-01  1.268599336794e+00  4.006058635163e-01
  8.013096695222e-01  8.925342470209e-01  1.268599336794e+00  4.006058635163e-01   8.015307944900e-01  8.931148055100e-01  1.263564997020e+00  3.953763267378e-01
  8.015307944900e-01  8.931148055100e-01  1.263564997020e+00  3.953763267378e-01   8.018137714959e-01  8.937815642211e-01  1.257596942096e+00  3.893528118338e-01
  8.018137714959e-01  8.937815642211e-01  1.257596942096e+00  3.893528118338e-01   8.029486701599e-01  8.959190188642e-01  1.236907782241e+00  3.698430198642e-01
  8.029486701599e-01  8.959190188642e-01  1.236907782241e+00  3.698430198642e-01   8.034819978732e-01  8.967318845275e-01  1.228298199366e+00  3.623044028104e-01
  8.034819978732e-01  8.967318845275e-01  1.228298199366e+00  3.623044028104e-01   8.048155469107e-01  8.984325426923e-01  1.208568767021e+00  3.461930845376e-01
  8.048155469107e-01  8.984325426923e-01  1.208568767021e+00  3.461930845376e-01   8.062200914957e-01  8.998638023726e-01  1.189588970195e+00  3.320970899722e-01
  8.062200914957e-01  8.998638023726e-01  1.189588970195e+00  3.320970899722e-01   8.070574190927e-01  9.005873816425e-01  1.178857971312e+00  3.246875928850e-01
  8.070574190927e-01  9.005873816425e-01  1.178857971312e+00  3.246875928850e-01   8.086559462041e-01  9.017568302771e-01  1.159213761193e+00  3.120965441639e-01
  8.086559462041e-01  9.017568302771e-01  1.159213761193e+00  3.120965441639e-01   8.095890696973e-01  9.023303161615e-01  1.148129184082e+00  3.055159405785e-01
  8.095890696973e-01  9.023303161615e-01  1.148129184082e+00  3.055159405785e-01   8.105531125771e-01  9.028492410252e-01  1.136898398745e+00  2.992136777491e-01
  8.105531125771e-01  9.028492410252e-01  1.136898398745e+00  2.992136777491e-01   8.123675169771e-01  9.036448455654e-01  1.116211348643e+00  2.885190000346e-01
  8.123675169771e-01  9.036448455654e-01  1.116211348643e+00  2.885190000346e-01   8.134121604003e-01  9.040052080213e-01  1.104490711872e+00  2.829607270983e-01
  8.134121604003e-01  9.040052080213e-01  1.104490711872e+00  2.829607270983e-01   8.153570894222e-01  9.045016906125e-01  1.082889326186e+00  2.736153708813e-01
  8.153570894222e-01  9.045016906125e-01  1.082889326186e+00  2.736153708813e-01   8.175019525217e-01  9.048009913942e-01  1.059202142803e+00  2.646388269739e-01
  8.175019525217e-01  9.048009913942e-01  1.059202142803e+00  2.646388269739e-01   8.184690720299e-01  9.048534365125e-01  1.048508102427e+00  2.610018214611e-01
  8.184690720299e-01  9.048534365125e-01  1.048508102427e+00  2.610018214611e-01   8.208948829549e-01  9.047597021066e-01  1.021477917524e+00  2.529096585301e-01
  8.208948829549e-01  9.047597021066e-01  1.021477917524e+00  2.529096585301e-01   8.216075004816e-01  9.046697824528e-01  1.013446403675e+00  2.507998206237e-01
  8.216075004816e-01  9.046697824528e-01  1.013446403675e+00  2.507998206237e-01   8.222145245512e-01  9.045701200905e-01  1.006560371782e+00  2.490955184258e-01
  8.222145245512e-01  9.045701200905e-01  1.006560371782e+00  2.490955184258e-01   8.247273289701e-01  9.039197118105e-01  9.774812463252e-01  2.429369636511e-01
  8.247273289701e-01  9.039197118105e-01  9.774812463252e-01  2.429369636511e-01   8.250974048405e-01  9.037894886396e-01  9.731013550682e-01  2.421517605240e-01
  8.250974048405e-01  9.037894886396e-01  9.731013550682e-01  2.421517605240e-01   8.277766001101e-01  9.025447735844e-01  9.403544320855e-01  2.374250489609e-01
  8.277766001101e-01  9.025447735844e-01  9.403544320855e-01  2.374250489609e-01   8.279589995580e-01  9.024386848298e-01  9.380446565184e-01  2.371665358663e-01
  8.279589995580e-01  9.024386848298e-01  9.380446565184e-01  2.371665358663e-01   8.306386270828e-01  9.004862430517e-01  9.024307688257e-01  2.343952851367e-01
  8.306386270828e-01  9.004862430517e-01  9.024307688257e-01  2.343952851367e-01   8.308107738278e-01  9.003312694225e-01  9.000097087920e-01  2.342885376279e-01
  8.308107738278e-01  9.003312694225e-01  9.000097087920e-01  2.342885376279e-01   8.331855000000e-01  8.976741972985e-01  8.640886753227e-01  2.338973818106e-01
  8.331855000000e-01  8.976741972985e-01  8.640886753227e-01  2.338973818106e-01   8.348486343901e-01  8.949261932173e-01  8.343910265991e-01  2.352294537270e-01
  8.348486343901e-01  8.949261932173e-01  8.343910265991e-01  2.352294537270e-01   8.353056051729e-01  8.939468123136e-01  8.250284448908e-01  2.359540030964e-01
  8.353056051729e-01  8.939468123136e-01  8.250284448908e-01  2.359540030964e-01   8.363273026142e-01  8.911206869206e-01  8.004881205034e-01  2.385354651116e-01
  8.363273026142e-01  8.911206869206e-01  8.004881205034e-01  2.385354651116e-01   8.368332940592e-01  8.891678467273e-01  7.849518093807e-01  2.406750968119e-01
  8.368332940592e-01  8.891678467273e-01  7.849518093807e-01  2.406750968119e-01   8.374816410479e-01  8.856238930987e-01  7.572815112790e-01  2.454485176955e-01
  8.374816410479e-01  8.856238930987e-01  7.572815112790e-01  2.454485176955e-01   8.376979835637e-01  8.841125504814e-01  7.446258177341e-01  2.480446538457e-01
  8.376979835637e-01  8.841125504814e-01  7.446258177341e-01  2.480446538457e-01   8.380353428363e-01  8.816549394110e-01  7.209143424888e-01  2.536213593405e-01
  8.380353428363e-01  8.816549394110e-01  7.209143424888e-01  2.536213593405e-01   8.380515852060e-01  8.815407600510e-01  7.196750558410e-01  2.539388517407e-01
  8.380515852060e-01  8.815407600510e-01  7.196750558410e-01  2.539388517407e-01   8.386962119501e-01  8.777091638734e-01  6.666506941201e-01  2.700536626001e-01
  8.386962119501e-01  8.777091638734e-01  6.666506941201e-01  2.700536626001e-01   8.391209099480e-01  8.757894471946e-01  6.285484873843e-01  2.848623734251e-01
  8.391209099480e-01  8.757894471946e-01  6.285484873843e-01  2.848623734251e-01   8.395082039210e-01  8.742721796284e-01  5.913173794974e-01  3.021712329771e-01
  8.395082039210e-01  8.742721796284e-01  5.913173794974e-01  3.021712329771e-01   8.401838664097e-01  8.719402823954e-01  5.205636270488e-01  3.437862023603e-01
  8.401838664097e-01  8.719402823954e-01  5.205636270488e-01  3.437862023603e-01   8.404922637239e-01  8.709824598783e-01  4.867348865049e-01  3.683509231117e-01
  8.404922637239e-01  8.709824598783e-01  4.867348865049e-01  3.683509231117e-01   8.407892743920e-01  8.701256197064e-01  4.543681162531e-01  3.952160235570e-01
  8.407892743920e-01  8.701256197064e-01  4.543681162531e-01  3.952160235570e-01   8.413722767584e-01  8.686437895626e-01  3.951670493482e-01  4.548933820555e-01
  8.413722767584e-01  8.686437895626e-01  3.951670493482e-01  4.548933820555e-01   8.416756605494e-01  8.679748293218e-01  3.681426677236e-01  4.879778192051e-01
  8.416756605494e-01  8.679748293218e-01  3.681426677236e-01  4.879778192051e-01   8.419928397504e-01  8.673413898806e-01  3.432213946440e-01  5.228732853134e-01
  8.419928397504e-01  8.673413898806e-01  3.432213946440e-01  5.228732853134e-01   8.426842690262e-01  8.661476999766e-01  3.005676338566e-01  5.967573133675e-01
  8.426842690262e-01  8.661476999766e-01  3.005676338566e-01  5.967573133675e-01   8.430761877948e-01  8.655569570258e-01  2.827051951647e-01  6.360142663479e-01
  8.430761877948e-01  8.655569570258e-01  2.827051951647e-01  6.360142663479e-01   8.435059782084e-01  8.649601897921e-01  2.674216326557e-01  6.763425015474e-01
  8.435059782084e-01  8.649601897921e-01  2.674216326557e-01  6.763425015474e-01   8.445029025561e-01  8.637145842581e-01  2.450244500117e-01  7.586441814088e-01
  8.445029025561e-01  8.637145842581e-01  2.450244500117e-01  7.586441814088e-01   8.450996425443e-01  8.630286266226e-01  2.378102932956e-01  8.009022284724e-01
  8.450996425443e-01  8.630286266226e-01  2.378102932956e-01  8.009022284724e-01   8.457787577894e-01  8.622819446584e-01  2.333621354111e-01  8.433802301385e-01
  8.457787577894e-01  8.622819446584e-01  2.333621354111e-01  8.433802301385e-01   8.474712398580e-01  8.605278027986e-01  2.326998867062e-01  9.274593002572e-01
  8.474712398580e-01  8.605278027986e-01  2.326998867062e-01  9.274593002572e-01   8.486004450597e-01  8.594306839827e-01  2.364293569911e-01  9.694219000825e-01
  8.486004450597e-01  8.594306839827e-01  2.364293569911e-01  9.694219000825e-01   8.500647829279e-01  8.580976608307e-01  2.428315297092e-01  1.010894883061e+00
  8.500647829279e-01  8.580976608307e-01  2.428315297092e-01  1.010894883061e+00   8.530185742009e-01  8.556700118222e-01  2.554264764876e-01  1.065185097842e+00
  8.530185742009e-01  8.556700118222e-01  2.554264764876e-01  1.065185097842e+00   8.531134100023e-01  8.555959498644e-01  2.557934726075e-01  1.066503930547e+00
  8.531134100023e-01  8.555959498644e-01  2.557934726075e-01  1.066503930547e+00   8.551738106740e-01  8.540029783259e-01  2.633050137128e-01  1.091484463152e+00
  8.551738106740e-01  8.540029783259e-01  2.633050137128e-01  1.091484463152e+00   8.564381771316e-01  8.530108555295e-01  2.676768907904e-01  1.104587814499e+00
  8.564381771316e-01  8.530108555295e-01  2.676768907904e-01  1.104587814499e+00   8.591334208963e-01  8.507121192494e-01  2.774391366159e-01  1.131038923782e+00
  8.591334208963e-01  8.507121192494e-01  2.774391366159e-01  1.131038923782e+00   8.605466377711e-01  8.493156153279e-01  2.834183759915e-01  1.145710774803e+00
  8.605466377711e-01  8.493156153279e-01  2.834183759915e-01  1.145710774803e+00   8.624845298626e-01  8.470011599710e-01  2.937744973803e-01  1.168960034556e+00
  8.624845298626e-01  8.470011599710e-01  2.937744973803e-01  1.168960034556e+00   8.630890256634e-01  8.461303096826e-01  2.978598696464e-01  1.177489345495e+00
  8.630890256634e-01  8.461303096826e-01  2.978598696464e-01  1.177489345495e+00   8.657242896406e-01  8.399198057317e-01  3.306622879988e-01  1.236184027001e+00
  8.657242896406e-01  8.399198057317e-01  3.306622879988e-01  1.236184027001e+00   8.657696715271e-01  8.397013211066e-01  3.319464885237e-01  1.238195774708e+00
  8.657696715271e-01  8.397013211066e-01  3.319464885237e-01  1.238195774708e+00   8.661055289995e-01  8.365028887445e-01  3.519239966436e-01  1.267351730037e+00
  8.661055289995e-01  8.365028887445e-01  3.519239966436e-01  1.267351730037e+00   8.661061185587e-01  8.361992209189e-01  3.539437913087e-01  1.270095939664e+00
  8.661061185587e-01  8.361992209189e-01  3.539437913087e-01  1.270095939664e+00   8.658352752801e-01  8.332704156180e-01  3.746881492297e-01  1.296432657820e+00
  8.658352752801e-01  8.332704156180e-01  3.746881492297e-01  1.296432657820e+00   8.657601360584e-01  8.328766806687e-01  3.776686402832e-01  1.299962708693e+00
  8.657601360584e-01  8.328766806687e-01  3.776686402832e-01  1.299962708693e+00   8.650613217258e-01  8.303859588234e-01  3.977716789256e-01  1.322314353031e+00
  8.650613217258e-01  8.303859588234e-01  3.977716789256e-01  1.322314353031e+00   8.648402048892e-01  8.298053951108e-01  4.028060028843e-01  1.327543873164e+00
  8.648402048892e-01  8.298053951108e-01  4.028060028843e-01  1.327543873164e+00   8.645572285041e-01  8.291386357789e-01  4.087740579038e-01  1.333567388166e+00
  8.645572285041e-01  8.291386357789e-01  4.087740579038e-01  1.333567388166e+00   8.634223298401e-01  8.270011811358e-01  4.294632177588e-01  1.353077180136e+00
  8.634223298401e-01  8.270011811358e-01  4.294632177588e-01  1.353077180136e+00   8.628890021268e-01  8.261883154725e-01  4.380728006337e-01  1.360615797190e+00
  8.628890021268e-01  8.261883154725e-01  4.380728006337e-01  1.360615797190e+00   8.615554530893e-01  8.244876573077e-01  4.578022329795e-01  1.376727115462e+00
  8.615554530893e-01  8.244876573077e-01  4.578022329795e-01  1.376727115462e+00   8.601509085043e-01  8.230563976274e-01  4.767820298046e-01  1.390823110028e+00
  8.601509085043e-01  8.230563976274e-01  4.767820298046e-01  1.390823110028e+00   8.593135809073e-01  8.223328183575e-01  4.875130286879e-01  1.398232607115e+00
  8.593135809073e-01  8.223328183575e-01  4.875130286879e-01  1.398232607115e+00   8.577150537959e-01  8.211633697229e-01  5.071572388075e-01  1.410823655836e+00
  8.577150537959e-01  8.211633697229e-01  5.071572388075e-01  1.410823655836e+00   8.567819303027e-01  8.205898838385e-01  5.182418159185e-01  1.417404259421e+00
  8.567819303027e-01  8.205898838385e-01  5.182418159185e-01  1.417404259421e+00   8.558178874229e-01  8.200709589748e-01  5.294726012552e-01  1.423706522251e+00
  8.558178874229e-01  8.200709589748e-01  5.294726012552e-01  1.423706522251e+00   8.540034830229e-01  8.192753544346e-01  5.501596513571e-01  1.434401199965e+00
  8.540034830229e-01  8.192753544346e-01  5.501596513571e-01  1.434401199965e+00   8.529588395997e-01  8.189149919787e-01  5.618802881282e-01  1.439959472902e+00
  8.529588395997e-01  8.189149919787e-01  5.618802881282e-01  1.439959472902e+00   8.510139105778e-01  8.184185093875e-01  5.834816738144e-01  1.449304829119e+00
  8.510139105778e-01  8.184185093875e-01  5.834816738144e-01  1.449304829119e+00   8.488690474783e-01  8.181192086058e-01  6.071688571969e-01  1.458281373026e+00
  8.488690474783e-01  8.181192086058e-01  6.071688571969e-01  1.458281373026e+00   8.479019279701e-01  8.180667634875e-01  6.178628975734e-01  1.461918378539e+00
  8.479019279701e-01  8.180667634875e-01  6.178628975734e-01  1.461918378539e+00   8.454761170451e-01  8.181604978934e-01  6.448930824755e-01  1.470010541470e+00
  8.454761170451e-01  8.181604978934e-01  6.448930824755e-01  1.470010541470e+00   8.447634995184e-01  8.182504175472e-01  6.529245963246e-01  1.472120379376e+00
  8.447634995184e-01  8.182504175472e-01  6.529245963246e-01  1.472120379376e+00   8.441564761340e-01  8.183500694098e-01  6.598106501237e-01  1.473824686844e+00
  8.441564761340e-01  8.183500694098e-01  6.598106501237e-01  1.473824686844e+00   8.416436710299e-01  8.190004881895e-01  6.888897536748e-01  1.479983236349e+00
  8.416436710299e-01  8.190004881895e-01  6.888897536748e-01  1.479983236349e+00   8.412735951595e-01  8.191307113604e-01  6.932696449318e-01  1.480768439476e+00
  8.412735951595e-01  8.191307113604e-01  6.932696449318e-01  1.480768439476e+00   8.385943998899e-01  8.203754264156e-01  7.260165679145e-01  1.485495151039e+00
  8.385943998899e-01  8.203754264156e-01  7.260165679145e-01  1.485495151039e+00   8.384120004420e-01  8.204815151702e-01  7.283263434816e-01  1.485753664134e+00
  8.384120004420e-01  8.204815151702e-01  7.283263434816e-01  1.485753664134e+00   8.357323729172e-01  8.224339569483e-01  7.639402311743e-01  1.488524914863e+00
  8.357323729172e-01  8.224339569483e-01  7.639402311743e-01  1.488524914863e+00   8.355602261722e-01  8.225889305775e-01  7.663612912080e-01  1.488631662372e+00
  8.355602261722e-01  8.225889305775e-01  7.663612912080e-01  1.488631662372e+00   8.331855000000e-01  8.252460027015e-01  8.022823246773e-01  1.489022818189e+00
  8.331855000000e-01  8.252460027015e-01  8.022823246773e-01  1.489022818189e+00   8.315223656099e-01  8.279940067827e-01  8.319799734009e-01  1.487690746273e+00
  8.315223656099e-01  8.279940067827e-01  8.319799734009e-01  1.487690746273e+00   8.310653948271e-01  8.289733876864e-01  8.413425551092e-01  1.486966196904e+00
  8.310653948271e-01  8.289733876864e-01  8.413425551092e-01  1.486966196904e+00   8.300436973858e-01  8.317995130794e-01  8.658828794967e-01  1.484384734888e+00
