#
# Columns: x1 y1 u1 v1 x2 y2 u2 v2
#
# To plot the image plane curves, connect each (x1,y1)
# to the (x2,y2) on the same line -- do *not* connect
# consecutive lines!
#
# To plot the source plane curves, do the same for
# (u1,v1) and (u2,v2).
#
  1.964319124473e-01  4.358941075824e-01  6.652457940226e-01  7.703908413140e-01   1.962905903374e-01  4.359796344236e-01  6.651881599807e-01  7.703515040222e-01
  1.962905903374e-01  4.359796344236e-01  6.651881599807e-01  7.703515040222e-01   1.961491817147e-01  4.360654452643e-01  6.651305630841e-01  7.703122110659e-01
  1.961491817147e-01  4.360654452643e-01  6.651305630841e-01  7.703122110659e-01   1.964319124473e-01  4.358941075824e-01  6.652457940226e-01  7.703908413140e-01
  2.413838801792e-01  4.163027936529e-01  6.855592827536e-01  7.852939481698e-01   2.361934338720e-01  4.180055981602e-01  6.830985351163e-01  7.833860467998e-01
  2.361934338720e-01  4.180055981602e-01  6.830985351163e-01  7.833860467998e-01   2.497390084695e-01  4.137658610070e-01  6.895415761474e-01  7.884388946661e-01
  2.497390084695e-01  4.137658610070e-01  6.895415761474e-01  7.884388946661e-01   2.413838801792e-01  4.163027936529e-01  6.855592827536e-01  7.852939481698e-01
  2.694546711725e-01  4.085884239392e-01  6.989616253182e-01  7.961609364441e-01   2.925029697197e-01  4.035861788111e-01  7.098420915458e-01  8.055884499793e-01
  2.925029697197e-01  4.035861788111e-01  7.098420915458e-01  8.055884499793e-01   3.005168694670e-01  4.020370931469e-01  7.135571024205e-01  8.089382787417e-01
  3.005168694670e-01  4.020370931469e-01  7.135571024205e-01  8.089382787417e-01   3.080331414716e-01  4.006521864524e-01  7.169991383631e-01  8.121044871030e-01
  3.080331414716e-01  4.006521864524e-01  7.169991383631e-01  8.121044871030e-01   3.305748546448e-01  3.967944783679e-01  7.270257092060e-01  8.216919943646e-01
  3.305748546448e-01  3.967944783679e-01  7.270257092060e-01  8.216919943646e-01   3.564836891039e-01  3.926843585052e-01  7.378803136234e-01  8.327519303064e-01
  3.564836891039e-01  3.926843585052e-01  7.378803136234e-01  8.327519303064e-01   3.602072045970e-01  3.921065622144e-01  7.393726873495e-01  8.343345553055e-01
  3.602072045970e-01  3.921065622144e-01  7.393726873495e-01  8.343345553055e-01   3.633458133092e-01  3.916204133092e-01  7.406164867938e-01  8.356659779009e-01
  3.633458133092e-01  3.916204133092e-01  7.406164867938e-01  8.356659779009e-01   3.844022768040e-01  3.883512008272e-01  7.486093620011e-01  8.445115986899e-01
  3.844022768040e-01  3.883512008272e-01  7.486093620011e-01  8.445115986899e-01   4.014563266881e-01  3.856467997010e-01  7.546063955330e-01  8.515183054032e-01
  4.014563266881e-01  3.856467997010e-01  7.546063955330e-01  8.515183054032e-01   4.073766907639e-01  3.846872385475e-01  7.565832328831e-01  8.539074236004e-01
  4.073766907639e-01  3.846872385475e-01  7.565832328831e-01  8.539074236004e-01   4.138897513322e-01  3.836164153318e-01  7.586937407360e-01  8.565059521246e-01
  4.138897513322e-01  3.836164153318e-01  7.586937407360e-01  8.565059521246e-01   4.302483818799e-01  3.808465665169e-01  7.636921495954e-01  8.628777136881e-01
  4.302483818799e-01  3.808465665169e-01  7.636921495954e-01  8.628777136881e-01   4.450530414556e-01  3.782290492431e-01  7.678367050113e-01  8.684267558850e-01
  4.450530414556e-01  3.782290492431e-01  7.678367050113e-01  8.684267558850e-01   4.527362227664e-01  3.768264512242e-01  7.698446544821e-01  8.712156635992e-01
  4.527362227664e-01  3.768264512242e-01  7.698446544821e-01  8.712156635992e-01   4.602393293571e-01  3.754271877142e-01  7.717114657822e-01  8.738749429370e-01
  4.602393293571e-01  3.754271877142e-01  7.717114657822e-01  8.738749429370e-01   4.903068608419e-01  3.695397576891e-01  7.782765227052e-01  8.838414140959e-01
  4.903068608419e-01  3.695397576891e-01  7.782765227052e-01  8.838414140959e-01   5.029616330371e-01  3.669437865528e-01  7.806169695285e-01  8.876845126821e-01
  5.029616330371e-01  3.669437865528e-01  7.806169695285e-01  8.876845126821e-01   5.370136476518e-01  3.597355650184e-01  7.857802777272e-01  8.969453327123e-01
  5.370136476518e-01  3.597355650184e-01  7.857802777272e-01  8.969453327123e-01   5.427985383710e-01  3.584951286031e-01  7.865067298567e-01  8.983623322849e-01
  5.427985383710e-01  3.584951286031e-01  7.865067298567e-01  8.983623322849e-01   5.680382025283e-01  3.531083861782e-01  7.892283523048e-01  9.040322100969e-01
  5.680382025283e-01  3.531083861782e-01  7.892283523048e-01  9.040322100969e-01   5.809787971445e-01  3.503983137481e-01  7.903695209272e-01  9.066297179589e-01
  5.809787971445e-01  3.503983137481e-01  7.903695209272e-01  9.066297179589e-01   5.960121353579e-01  3.473307210674e-01  7.915075959194e-01  9.094015617187e-01
  5.960121353579e-01  3.473307210674e-01  7.915075959194e-01  9.094015617187e-01   6.184258184592e-01  3.429843641733e-01  7.928809373166e-01  9.130823893898e-01
  6.184258184592e-01  3.429843641733e-01  7.928809373166e-01  9.130823893898e-01   6.346617517657e-01  3.400544749256e-01  7.936711424315e-01  9.154431594432e-01
  6.346617517657e-01  3.400544749256e-01  7.936711424315e-01  9.154431594432e-01   6.552071687937e-01  3.366674238381e-01  7.944681836129e-01  9.181051462616e-01
  6.552071687937e-01  3.366674238381e-01  7.944681836129e-01  9.181051462616e-01   6.692661963269e-01  3.345835466730e-01  7.949036552822e-01  9.197395653759e-01
  6.692661963269e-01  3.345835466730e-01  7.949036552822e-01  9.197395653759e-01   6.912496610403e-01  3.317483375873e-01  7.954372572672e-01  9.220274839435e-01
  6.912496610403e-01  3.317483375873e-01  7.954372572672e-01  9.220274839435e-01   7.026402437991e-01  3.304968199585e-01  7.956538251923e-01  9.230978669159e-01
  7.026402437991e-01  3.304968199585e-01  7.956538251923e-01  9.230978669159e-01   7.269878799445e-01  3.283531544405e-01  7.960045310225e-01  9.251548981937e-01
  7.269878799445e-01  3.283531544405e-01  7.960045310225e-01  9.251548981937e-01   7.355962827240e-01  3.277755944148e-01  7.960971774971e-01  9.258139390900e-01
  7.355962827240e-01  3.277755944148e-01  7.960971774971e-01  9.258139390900e-01   7.627695758316e-01  3.265980543962e-01  7.963023959108e-01  9.276879773594e-01
  7.627695758316e-01  3.265980543962e-01  7.963023959108e-01  9.276879773594e-01   7.831593206272e-01  3.263795047925e-01  7.963847672554e-01  9.289092662228e-01
  7.831593206272e-01  3.263795047925e-01  7.963847672554e-01  9.289092662228e-01   7.982799574625e-01  3.265968615728e-01  7.964142569527e-01  9.297231051644e-01
  7.982799574625e-01  3.265968615728e-01  7.964142569527e-01  9.297231051644e-01   8.031718076539e-01  3.267375284847e-01  7.964188548643e-01  9.299706603244e-01
  8.031718076539e-01  3.267375284847e-01  7.964188548643e-01  9.299706603244e-01   8.331855000000e-01  3.283675410801e-01  7.964037209261e-01  9.313317379720e-01
  8.331855000000e-01  3.283675410801e-01  7.964037209261e-01  9.313317379720e-01   8.552365459172e-01  3.304223497834e-01  7.963558396241e-01  9.321692186263e-01
  8.552365459172e-01  3.304223497834e-01  7.963558396241e-01  9.321692186263e-01   8.677438071294e-01  3.319176055401e-01  7.963190839104e-01  9.325865049767e-01
  8.677438071294e-01  3.319176055401e-01  7.963190839104e-01  9.325865049767e-01   8.894970287418e-01  3.350976969004e-01  7.962445858869e-01  9.332163951787e-01
  8.894970287418e-01  3.350976969004e-01  7.962445858869e-01  9.332163951787e-01   9.021925776298e-01  3.372993062867e-01  7.961977497050e-01  9.335290918404e-01
  9.021925776298e-01  3.372993062867e-01  7.961977497050e-01  9.335290918404e-01   9.172508160664e-01  3.402469475803e-01  7.961418363996e-01  9.338484895198e-01
  9.172508160664e-01  3.402469475803e-01  7.961418363996e-01  9.338484895198e-01   9.361710813474e-01  3.444774342858e-01  7.960751765366e-01  9.341716271333e-01
  9.361710813474e-01  3.444774342858e-01  7.960751765366e-01  9.341716271333e-01   9.581104435054e-01  3.501351899964e-01  7.960099515676e-01  9.344384882604e-01
  9.581104435054e-01  3.501351899964e-01  7.960099515676e-01  9.344384882604e-01   9.693333986970e-01  3.533492247192e-01  7.959844012035e-01  9.345305285521e-01
  9.693333986970e-01  3.533492247192e-01  7.959844012035e-01  9.345305285521e-01   9.793494123506e-01  3.564043831116e-01  7.959674344975e-01  9.345873483400e-01
  9.793494123506e-01  3.564043831116e-01  7.959674344975e-01  9.345873483400e-01   1.001912071425e+00  3.639474626056e-01  7.959543596125e-01  9.346280817216e-01
  1.001912071425e+00  3.639474626056e-01  7.959543596125e-01  9.346280817216e-01   1.015403082955e+00  3.689069566448e-01  7.959667720776e-01  9.345948324936e-01
  1.015403082955e+00  3.689069566448e-01  7.959667720776e-01  9.345948324936e-01   1.034119026436e+00  3.763636553423e-01  7.960145857569e-01  9.344775257157e-01
  1.034119026436e+00  3.763636553423e-01  7.960145857569e-01  9.344775257157e-01   1.052729636340e+00  3.844668340091e-01  7.961036045748e-01  9.342791364039e-01
  1.052729636340e+00  3.844668340091e-01  7.961036045748e-01  9.342791364039e-01   1.065606611040e+00  3.904910621987e-01  7.961931624220e-01  9.340943829154e-01
  1.065606611040e+00  3.904910621987e-01  7.961931624220e-01  9.340943829154e-01   1.087285380192e+00  4.014396374103e-01  7.964033729745e-01  9.336962436787e-01
  1.087285380192e+00  4.014396374103e-01  7.964033729745e-01  9.336962436787e-01   1.096050215959e+00  4.061650564423e-01  7.965119052793e-01  9.335044902053e-01
  1.096050215959e+00  4.061650564423e-01  7.965119052793e-01  9.335044902053e-01   1.105543484137e+00  4.114850187483e-01  7.966462369284e-01  9.332769825244e-01
  1.105543484137e+00  4.114850187483e-01  7.966462369284e-01  9.332769825244e-01   1.125657000130e+00  4.234786501339e-01  7.969936790385e-01  9.327276054916e-01
  1.125657000130e+00  4.234786501339e-01  7.969936790385e-01  9.327276054916e-01   1.141000993895e+00  4.333226063486e-01  7.973219896246e-01  9.322479030875e-01
  1.141000993895e+00  4.333226063486e-01  7.973219896246e-01  9.322479030875e-01   1.154602013811e+00  4.425819439512e-01  7.976637033465e-01  9.317797197746e-01
  1.154602013811e+00  4.425819439512e-01  7.976637033465e-01  9.317797197746e-01   1.166093519293e+00  4.508175883481e-01  7.979927445390e-01  9.313532969132e-01
  1.166093519293e+00  4.508175883481e-01  7.979927445390e-01  9.313532969132e-01   1.182551298447e+00  4.633109631259e-01  7.985339719579e-01  9.306945243153e-01
  1.182551298447e+00  4.633109631259e-01  7.985339719579e-01  9.306945243153e-01   1.193832618913e+00  4.723798367648e-01  7.989565156480e-01  9.302110831732e-01
  1.193832618913e+00  4.723798367648e-01  7.989565156480e-01  9.302110831732e-01   1.209200931295e+00  4.854446687050e-01  7.996058325061e-01  9.295120900688e-01
  1.209200931295e+00  4.854446687050e-01  7.996058325061e-01  9.295120900688e-01   1.228480094430e+00  5.030953503349e-01  8.005528810248e-01  9.285717661551e-01
  1.228480094430e+00  5.030953503349e-01  8.005528810248e-01  9.285717661551e-01   1.234714404515e+00  5.091286409216e-01  8.008936313214e-01  9.282531271704e-01
  1.234714404515e+00  5.091286409216e-01  8.008936313214e-01  9.282531271704e-01   1.259165077593e+00  5.345054361659e-01  8.024133100068e-01  9.269378968878e-01
  1.259165077593e+00  5.345054361659e-01  8.024133100068e-01  9.269378968878e-01   1.259212808424e+00  5.345578486301e-01  8.024165854333e-01  9.269352301436e-01
  1.259212808424e+00  5.345578486301e-01  8.024165854333e-01  9.269352301436e-01   1.259248900200e+00  5.345974883525e-01  8.024190629953e-01  9.269332134374e-01
  1.259248900200e+00  5.345974883525e-01  8.024190629953e-01  9.269332134374e-01   1.259510101633e+00  5.348845697235e-01  8.024370153501e-01  9.269186118183e-01
  1.259510101633e+00  5.348845697235e-01  8.024370153501e-01  9.269186118183e-01   1.280303449769e+00  5.589497740996e-01  8.039976623240e-01  9.257205109366e-01
  1.280303449769e+00  5.589497740996e-01  8.039976623240e-01  9.257205109366e-01   1.282383958645e+00  5.614982018503e-01  8.041691762023e-01  9.255968149780e-01
  1.282383958645e+00  5.614982018503e-01  8.041691762023e-01  9.255968149780e-01   1.301862243280e+00  5.867665431793e-01  8.059320303657e-01  9.244055591608e-01
  1.301862243280e+00  5.867665431793e-01  8.059320303657e-01  9.244055591608e-01   1.303963236585e+00  5.896564470544e-01  8.061407856947e-01  9.242734803828e-01
  1.303963236585e+00  5.896564470544e-01  8.061407856947e-01  9.242734803828e-01   1.307275226019e+00  5.942827765165e-01  8.064780284882e-01  9.240638402440e-01
  1.307275226019e+00  5.942827765165e-01  8.064780284882e-01  9.240638402440e-01   1.324080211823e+00  6.192057580619e-01  8.083610026398e-01  9.229723718609e-01
  1.324080211823e+00  6.192057580619e-01  8.083610026398e-01  9.229723718609e-01   1.336066820493e+00  6.386633865530e-01  8.099135138442e-01  9.221636529194e-01
  1.336066820493e+00  6.386633865530e-01  8.099135138442e-01  9.221636529194e-01   1.342829945570e+00  6.503584586567e-01  8.108852145716e-01  9.216950449962e-01
  1.342829945570e+00  6.503584586567e-01  8.108852145716e-01  9.216950449962e-01   1.347062458312e+00  6.579690836948e-01  8.115346080799e-01  9.213968422835e-01
  1.347062458312e+00  6.579690836948e-01  8.115346080799e-01  9.213968422835e-01   1.360000637611e+00  6.827958706666e-01  8.137592137194e-01  9.204589037937e-01
  1.360000637611e+00  6.827958706666e-01  8.137592137194e-01  9.204589037937e-01   1.361781445125e+00  6.864154375112e-01  8.140987213770e-01  9.203263922309e-01
  1.361781445125e+00  6.864154375112e-01  8.140987213770e-01  9.203263922309e-01   1.375480584198e+00  7.161525701297e-01  8.170657157925e-01  9.192754233756e-01
  1.375480584198e+00  7.161525701297e-01  8.170657157925e-01  9.192754233756e-01   1.377027818349e+00  7.197409378621e-01  8.174480965540e-01  9.191529712462e-01
  1.377027818349e+00  7.197409378621e-01  8.174480965540e-01  9.191529712462e-01   1.389507999017e+00  7.506378233985e-01  8.210124244374e-01  9.181366805158e-01
  1.389507999017e+00  7.506378233985e-01  8.210124244374e-01  9.181366805158e-01   1.398452872679e+00  7.751320921567e-01  8.242645032649e-01  9.173827948559e-01
  1.398452872679e+00  7.751320921567e-01  8.242645032649e-01  9.173827948559e-01   1.402371414634e+00  7.865253527469e-01  8.259374359170e-01  9.170505937956e-01
  1.402371414634e+00  7.865253527469e-01  8.259374359170e-01  9.170505937956e-01   1.404185848682e+00  7.919389429898e-01  8.267729974440e-01  9.168975490509e-01
  1.404185848682e+00  7.919389429898e-01  8.267729974440e-01  9.168975490509e-01   1.409531249401e+00  8.083841306106e-01  8.294892122062e-01  9.164547867104e-01
  1.409531249401e+00  8.083841306106e-01  8.294892122062e-01  9.164547867104e-01   1.413086041630e+00  8.197095886245e-01  8.315315551508e-01  9.161727698555e-01
  1.413086041630e+00  8.197095886245e-01  8.315315551508e-01  9.161727698555e-01   1.414267883059e+00  8.235382643186e-01  8.322565924379e-01  9.160823950713e-01
  1.414267883059e+00  8.235382643186e-01  8.322565924379e-01  9.160823950713e-01   1.421755689253e+00  8.484094643622e-01  8.374394886279e-01  9.155709755262e-01
  1.421755689253e+00  8.484094643622e-01  8.374394886279e-01  9.155709755262e-01   1.425593925250e+00  8.614601000000e-01  8.405217005457e-01  9.153678608296e-01
  1.425593925250e+00  8.614601000000e-01  8.405217005457e-01  9.153678608296e-01   1.433696834836e+00  8.892251017895e-01  8.480303944055e-01  9.151418467008e-01
  1.433696834836e+00  8.892251017895e-01  8.480303944055e-01  9.151418467008e-01   1.437115492819e+00  9.008729863969e-01  8.516011972056e-01  9.151524736737e-01
  1.437115492819e+00  9.008729863969e-01  8.516011972056e-01  9.151524736737e-01   1.448169171891e+00  9.375416654297e-01  8.646150168740e-01  9.157328116165e-01
  1.448169171891e+00  9.375416654297e-01  8.646150168740e-01  9.157328116165e-01   1.449753034169e+00  9.426327558047e-01  8.666416940711e-01  9.158914566096e-01
  1.449753034169e+00  9.426327558047e-01  8.666416940711e-01  9.158914566096e-01   1.456074675855e+00  9.625046992319e-01  8.750677257361e-01  9.167256677940e-01
  1.456074675855e+00  9.625046992319e-01  8.750677257361e-01  9.167256677940e-01   1.462966225020e+00  9.833917656184e-01  8.847841477885e-01  9.180087365642e-01
  1.462966225020e+00  9.833917656184e-01  8.847841477885e-01  9.180087365642e-01   1.463581158186e+00  9.852200385221e-01  8.856747212167e-01  9.181423473366e-01
  1.463581158186e+00  9.852200385221e-01  8.856747212167e-01  9.181423473366e-01   1.464238692699e+00  9.871691115807e-01  8.866309780716e-01  9.182886906729e-01
  1.464238692699e+00  9.871691115807e-01  8.866309780716e-01  9.182886906729e-01   1.471288362712e+00  1.007731159393e+00  8.971282368883e-01  9.200841097125e-01
  1.471288362712e+00  1.007731159393e+00  8.971282368883e-01  9.200841097125e-01   1.478052906217e+00  1.027041922214e+00  9.075953740916e-01  9.222001104719e-01
  1.478052906217e+00  1.027041922214e+00  9.075953740916e-01  9.222001104719e-01   1.479339984403e+00  1.030689835282e+00  9.096294389862e-01  9.226471259357e-01
  1.479339984403e+00  1.030689835282e+00  9.096294389862e-01  9.226471259357e-01   1.480864257077e+00  1.035005099914e+00  9.120561427069e-01  9.231952429858e-01
  1.480864257077e+00  1.035005099914e+00  9.120561427069e-01  9.231952429858e-01   1.489236253433e+00  1.058768037642e+00  9.257481756231e-01  9.265814432068e-01
  1.489236253433e+00  1.058768037642e+00  9.257481756231e-01  9.265814432068e-01   1.498959280472e+00  1.087250801341e+00  9.425856770802e-01  9.314042760000e-01
  1.498959280472e+00  1.087250801341e+00  9.425856770802e-01  9.314042760000e-01   1.499329606421e+00  1.088374908699e+00  9.432526519099e-01  9.316099464192e-01
  1.499329606421e+00  1.088374908699e+00  9.432526519099e-01  9.316099464192e-01   1.499751722164e+00  1.089661232582e+00  9.440156875957e-01  9.318465976266e-01
  1.499751722164e+00  1.089661232582e+00  9.440156875957e-01  9.318465976266e-01   1.508863375779e+00  1.119332734148e+00  9.614268425944e-01  9.376422197691e-01
  1.508863375779e+00  1.119332734148e+00  9.614268425944e-01  9.376422197691e-01   1.515107367550e+00  1.143921386018e+00  9.752089421961e-01  9.427809006150e-01
  1.515107367550e+00  1.143921386018e+00  9.752089421961e-01  9.427809006150e-01   1.516340572498e+00  1.149717372805e+00  9.783141224466e-01  9.440094935337e-01
  1.516340572498e+00  1.149717372805e+00  9.783141224466e-01  9.440094935337e-01   1.517081040398e+00  1.153467917506e+00  9.802867707325e-01  9.448041746339e-01
  1.517081040398e+00  1.153467917506e+00  9.802867707325e-01  9.448041746339e-01   1.520074230789e+00  1.172845334894e+00  9.899297333535e-01  9.488564261236e-01
  1.520074230789e+00  1.172845334894e+00  9.899297333535e-01  9.488564261236e-01   1.521327391133e+00  1.197190700705e+00  1.000337302397e+00  9.535827876276e-01
  1.521327391133e+00  1.197190700705e+00  1.000337302397e+00  9.535827876276e-01   1.521278170415e+00  1.199111438667e+00  1.001056014032e+00  9.539250767200e-01
  1.521278170415e+00  1.199111438667e+00  1.001056014032e+00  9.539250767200e-01   1.521205752668e+00  1.200995013569e+00  1.001744064070e+00  9.542549628942e-01
  1.521205752668e+00  1.200995013569e+00  1.001744064070e+00  9.542549628942e-01   1.515846055602e+00  1.231975949580e+00  1.010178552959e+00  9.585157917343e-01
  1.515846055602e+00  1.231975949580e+00  1.010178552959e+00  9.585157917343e-01   1.507399585810e+00  1.250717783934e+00  1.011734714634e+00  9.593711299975e-01
  1.507399585810e+00  1.250717783934e+00  1.011734714634e+00  9.593711299975e-01   1.495640900787e+00  1.266449120109e+00  1.009956663492e+00  9.582999274855e-01
  1.495640900787e+00  1.266449120109e+00  1.009956663492e+00  9.582999274855e-01   1.470221818285e+00  1.286854754736e+00  1.001240436916e+00  9.526079889341e-01
  1.470221818285e+00  1.286854754736e+00  1.001240436916e+00  9.526079889341e-01   1.470080409663e+00  1.286940565576e+00  1.001182840019e+00  9.525686959778e-01
  1.470080409663e+00  1.286940565576e+00  1.001182840019e+00  9.525686959778e-01   1.469939087553e+00  1.287026092418e+00  1.001125205977e+00  9.525293586860e-01
  1.469939087553e+00  1.287026092418e+00  1.001125205977e+00  9.525293586860e-01   1.446814208339e+00  1.298649439317e+00  9.910285594736e-01  9.453680598639e-01
  1.446814208339e+00  1.298649439317e+00  9.910285594736e-01  9.453680598639e-01   1.430177566128e+00  1.304914601840e+00  9.832724648837e-01  9.395341532002e-01
  1.430177566128e+00  1.304914601840e+00  9.832724648837e-01  9.395341532002e-01   1.424987119821e+00  1.306617406347e+00  9.808117172464e-01  9.376262518302e-01
  1.424987119821e+00  1.306617406347e+00  9.808117172464e-01  9.376262518302e-01   1.416631991530e+00  1.309154338993e+00  9.768294238526e-01  9.344813053339e-01
  1.416631991530e+00  1.309154338993e+00  9.768294238526e-01  9.344813053339e-01   1.396916328827e+00  1.314331776061e+00  9.674093746818e-01  9.267592635559e-01
  1.396916328827e+00  1.314331776061e+00  9.674093746818e-01  9.267592635559e-01   1.373868030280e+00  1.319334021189e+00  9.565289084542e-01  9.173317500207e-01
  1.373868030280e+00  1.319334021189e+00  9.565289084542e-01  9.173317500207e-01   1.365854130533e+00  1.320883106853e+00  9.528138975795e-01  9.139819212583e-01
  1.365854130533e+00  1.320883106853e+00  9.528138975795e-01  9.139819212583e-01   1.358337858528e+00  1.322268013548e+00  9.493718616369e-01  9.108157128970e-01
  1.358337858528e+00  1.322268013548e+00  9.493718616369e-01  9.108157128970e-01   1.335796145355e+00  1.326125721632e+00  9.393452907940e-01  9.012282056354e-01
  1.335796145355e+00  1.326125721632e+00  9.393452907940e-01  9.012282056354e-01   1.309887312783e+00  1.330235840558e+00  9.284906868101e-01  8.901682701511e-01
  1.309887312783e+00  1.330235840558e+00  9.284906868101e-01  8.901682701511e-01   1.306163795403e+00  1.330813637786e+00  9.269983126505e-01  8.885856446945e-01
  1.306163795403e+00  1.330813637786e+00  9.269983126505e-01  8.885856446945e-01   1.303025186691e+00  1.331299786691e+00  9.257545132062e-01  8.872542220991e-01
  1.303025186691e+00  1.331299786691e+00  9.257545132062e-01  8.872542220991e-01   1.281968723196e+00  1.334568999173e+00  9.177616379989e-01  8.784086013101e-01
  1.281968723196e+00  1.334568999173e+00  9.177616379989e-01  8.784086013101e-01   1.264914673312e+00  1.337273400299e+00  9.117646044670e-01  8.714018945968e-01
  1.264914673312e+00  1.337273400299e+00  9.117646044670e-01  8.714018945968e-01   1.258994309236e+00  1.338232961452e+00  9.097877671169e-01  8.690127763996e-01
  1.258994309236e+00  1.338232961452e+00  9.097877671169e-01  8.690127763996e-01   1.252481248668e+00  1.339303784668e+00  9.076772592640e-01  8.664142478754e-01
  1.252481248668e+00  1.339303784668e+00  9.076772592640e-01  8.664142478754e-01   1.236122618120e+00  1.342073633483e+00  9.026788504046e-01  8.600424863119e-01
  1.236122618120e+00  1.342073633483e+00  9.026788504046e-01  8.600424863119e-01   1.221317958544e+00  1.344691150757e+00  8.985342949887e-01  8.544934441150e-01
  1.221317958544e+00  1.344691150757e+00  8.985342949887e-01  8.544934441150e-01   1.213634777234e+00  1.346093748776e+00  8.965263455179e-01  8.517045364008e-01
  1.213634777234e+00  1.346093748776e+00  8.965263455179e-01  8.517045364008e-01   1.206131670643e+00  1.347493012286e+00  8.946595342178e-01  8.490452570630e-01
  1.206131670643e+00  1.347493012286e+00  8.946595342178e-01  8.490452570630e-01   1.176064139158e+00  1.353380442311e+00  8.880944772948e-01  8.390787859041e-01
  1.176064139158e+00  1.353380442311e+00  8.880944772948e-01  8.390787859041e-01   1.163409366963e+00  1.355976413447e+00  8.857540304715e-01  8.352356873179e-01
  1.163409366963e+00  1.355976413447e+00  8.857540304715e-01  8.352356873179e-01   1.129357352348e+00  1.363184634982e+00  8.805907222728e-01  8.259748672877e-01
  1.129357352348e+00  1.363184634982e+00  8.805907222728e-01  8.259748672877e-01   1.123572461629e+00  1.364425071397e+00  8.798642701433e-01  8.245578677151e-01
  1.123572461629e+00  1.364425071397e+00  8.798642701433e-01  8.245578677151e-01   1.098332797472e+00  1.369811813822e+00  8.771426476952e-01  8.188879899031e-01
  1.098332797472e+00  1.369811813822e+00  8.771426476952e-01  8.188879899031e-01   1.085392202855e+00  1.372521886252e+00  8.760014790728e-01  8.162904820411e-01
  1.085392202855e+00  1.372521886252e+00  8.760014790728e-01  8.162904820411e-01   1.070358864642e+00  1.375589478933e+00  8.748634040806e-01  8.135186382813e-01
  1.070358864642e+00  1.375589478933e+00  8.748634040806e-01  8.135186382813e-01   1.047945181541e+00  1.379935835827e+00  8.734900626834e-01  8.098378106102e-01
  1.047945181541e+00  1.379935835827e+00  8.734900626834e-01  8.098378106102e-01   1.031709248234e+00  1.382865725074e+00  8.726998575685e-01  8.074770405568e-01
  1.031709248234e+00  1.382865725074e+00  8.726998575685e-01  8.074770405568e-01   1.011163831206e+00  1.386252776162e+00  8.719028163871e-01  8.048150537384e-01
  1.011163831206e+00  1.386252776162e+00  8.719028163871e-01  8.048150537384e-01   9.971048036731e-01  1.388336653327e+00  8.714673447178e-01  8.031806346241e-01
  9.971048036731e-01  1.388336653327e+00  8.714673447178e-01  8.031806346241e-01   9.751213389597e-01  1.391171862413e+00  8.709337427328e-01  8.008927160565e-01
  9.751213389597e-01  1.391171862413e+00  8.709337427328e-01  8.008927160565e-01   9.637307562009e-01  1.392423380042e+00  8.707171748077e-01  7.998223330841e-01
  9.637307562009e-01  1.392423380042e+00  8.707171748077e-01  7.998223330841e-01   9.393831200555e-01  1.394567045559e+00  8.703664689775e-01  7.977653018063e-01
  9.393831200555e-01  1.394567045559e+00  8.703664689775e-01  7.977653018063e-01   9.307747172760e-01  1.395144605585e+00  8.702738225029e-01  7.971062609100e-01
  9.307747172760e-01  1.395144605585e+00  8.702738225029e-01  7.971062609100e-01   9.036014241684e-01  1.396322145604e+00  8.700686040892e-01  7.952322226406e-01
  9.036014241684e-01  1.396322145604e+00  8.700686040892e-01  7.952322226406e-01   8.832116793728e-01  1.396540695207e+00  8.699862327446e-01  7.940109337772e-01
  8.832116793728e-01  1.396540695207e+00  8.699862327446e-01  7.940109337772e-01   8.680910425375e-01  1.396323338427e+00  8.699567430473e-01  7.931970948356e-01
  8.680910425375e-01  1.396323338427e+00  8.699567430473e-01  7.931970948356e-01   8.631991923461e-01  1.396182671515e+00  8.699521451357e-01  7.929495396756e-01
  8.631991923461e-01  1.396182671515e+00  8.699521451357e-01  7.929495396756e-01   8.331855000000e-01  1.394552658920e+00  8.699672790739e-01  7.915884620280e-01
  8.331855000000e-01  1.394552658920e+00  8.699672790739e-01  7.915884620280e-01   8.111344540828e-01  1.392497850217e+00  8.700151603759e-01  7.907509813737e-01
  8.111344540828e-01  1.392497850217e+00  8.700151603759e-01  7.907509813737e-01   7.986271928706e-01  1.391002594460e+00  8.700519160896e-01  7.903336950233e-01
  7.986271928706e-01  1.391002594460e+00  8.700519160896e-01  7.903336950233e-01   7.768739712582e-01  1.387822503100e+00  8.701264141131e-01  7.897038048213e-01
  7.768739712582e-01  1.387822503100e+00  8.701264141131e-01  7.897038048213e-01   7.641784223702e-01  1.385620893713e+00  8.701732502950e-01  7.893911081596e-01
  7.641784223702e-01  1.385620893713e+00  8.701732502950e-01  7.893911081596e-01   7.491201839336e-01  1.382673252420e+00  8.702291636004e-01  7.890717104802e-01
  7.491201839336e-01  1.382673252420e+00  8.702291636004e-01  7.890717104802e-01   7.301999186526e-01  1.378442765714e+00  8.702958234634e-01  7.887485728667e-01
  7.301999186526e-01  1.378442765714e+00  8.702958234634e-01  7.887485728667e-01   7.082605564946e-01  1.372785010004e+00  8.703610484324e-01  7.884817117396e-01
  7.082605564946e-01  1.372785010004e+00  8.703610484324e-01  7.884817117396e-01   6.970376013030e-01  1.369570975281e+00  8.703865987965e-01  7.883896714479e-01
  6.970376013030e-01  1.369570975281e+00  8.703865987965e-01  7.883896714479e-01   6.870215876494e-01  1.366515816888e+00  8.704035655025e-01  7.883328516600e-01
  6.870215876494e-01  1.366515816888e+00  8.704035655025e-01  7.883328516600e-01   6.644589285754e-01  1.358972737394e+00  8.704166403875e-01  7.882921182784e-01
  6.644589285754e-01  1.358972737394e+00  8.704166403875e-01  7.882921182784e-01   6.509679170447e-01  1.354013243355e+00  8.704042279224e-01  7.883253675064e-01
  6.509679170447e-01  1.354013243355e+00  8.704042279224e-01  7.883253675064e-01   6.322519735638e-01  1.346556544658e+00  8.703564142431e-01  7.884426742843e-01
  6.322519735638e-01  1.346556544658e+00  8.703564142431e-01  7.884426742843e-01   6.136413636596e-01  1.338453365991e+00  8.702673954252e-01  7.886410635961e-01
  6.136413636596e-01  1.338453365991e+00  8.702673954252e-01  7.886410635961e-01   6.007643889598e-01  1.332429137801e+00  8.701778375780e-01  7.888258170846e-01
  6.007643889598e-01  1.332429137801e+00  8.701778375780e-01  7.888258170846e-01   5.790856198079e-01  1.321480562590e+00  8.699676270255e-01  7.892239563213e-01
  5.790856198079e-01  1.321480562590e+00  8.699676270255e-01  7.892239563213e-01   5.703207840413e-01  1.316755143558e+00  8.698590947207e-01  7.894157097947e-01
  5.703207840413e-01  1.316755143558e+00  8.698590947207e-01  7.894157097947e-01   5.608275158629e-01  1.311435181252e+00  8.697247630716e-01  7.896432174756e-01
  5.608275158629e-01  1.311435181252e+00  8.697247630716e-01  7.896432174756e-01   5.407139998697e-01  1.299441549866e+00  8.693773209615e-01  7.901925945084e-01
  5.407139998697e-01  1.299441549866e+00  8.693773209615e-01  7.901925945084e-01   5.253700061052e-01  1.289597593651e+00  8.690490103754e-01  7.906722969125e-01
  5.253700061052e-01  1.289597593651e+00  8.690490103754e-01  7.906722969125e-01   5.117689861889e-01  1.280338256049e+00  8.687072966535e-01  7.911404802254e-01
  5.117689861889e-01  1.280338256049e+00  8.687072966535e-01  7.911404802254e-01   5.002774807070e-01  1.272102611652e+00  8.683782554610e-01  7.915669030868e-01
  5.002774807070e-01  1.272102611652e+00  8.683782554610e-01  7.915669030868e-01   4.838197015527e-01  1.259609236874e+00  8.678370280421e-01  7.922256756847e-01
  4.838197015527e-01  1.259609236874e+00  8.678370280421e-01  7.922256756847e-01   4.725383810874e-01  1.250540363235e+00  8.674144843520e-01  7.927091168268e-01
  4.725383810874e-01  1.250540363235e+00  8.674144843520e-01  7.927091168268e-01   4.571700687050e-01  1.237475531295e+00  8.667651674939e-01  7.934081099312e-01
  4.571700687050e-01  1.237475531295e+00  8.667651674939e-01  7.934081099312e-01   4.378909055699e-01  1.219824849665e+00  8.658181189752e-01  7.943484338449e-01
  4.378909055699e-01  1.219824849665e+00  8.658181189752e-01  7.943484338449e-01   4.316565954847e-01  1.213791559078e+00  8.654773686786e-01  7.946670728296e-01
  4.316565954847e-01  1.213791559078e+00  8.654773686786e-01  7.946670728296e-01   4.072059224067e-01  1.188414763834e+00  8.639576899932e-01  7.959823031122e-01
  4.072059224067e-01  1.188414763834e+00  8.639576899932e-01  7.959823031122e-01   4.071581915759e-01  1.188362351370e+00  8.639544145667e-01  7.959849698564e-01
  4.071581915759e-01  1.188362351370e+00  8.639544145667e-01  7.959849698564e-01   4.071220998003e-01  1.188322711648e+00  8.639519370047e-01  7.959869865626e-01
  4.071220998003e-01  1.188322711648e+00  8.639519370047e-01  7.959869865626e-01   4.068608983672e-01  1.188035630277e+00  8.639339846499e-01  7.960015881817e-01
  4.068608983672e-01  1.188035630277e+00  8.639339846499e-01  7.960015881817e-01   3.860675502307e-01  1.163970425900e+00  8.623733376760e-01  7.971996890634e-01
  3.860675502307e-01  1.163970425900e+00  8.623733376760e-01  7.971996890634e-01   3.839870413548e-01  1.161421998150e+00  8.622018237977e-01  7.973233850220e-01
  3.839870413548e-01  1.161421998150e+00  8.622018237977e-01  7.973233850220e-01   3.645087567197e-01  1.136153656821e+00  8.604389696343e-01  7.985146408392e-01
  3.645087567197e-01  1.136153656821e+00  8.604389696343e-01  7.985146408392e-01   3.624077634154e-01  1.133263752946e+00  8.602302143053e-01  7.986467196172e-01
  3.624077634154e-01  1.133263752946e+00  8.602302143053e-01  7.986467196172e-01   3.590957739812e-01  1.128637423483e+00  8.598929715118e-01  7.988563597560e-01
  3.590957739812e-01  1.128637423483e+00  8.598929715118e-01  7.988563597560e-01   3.422907881767e-01  1.103714441938e+00  8.580099973602e-01  7.999478281391e-01
  3.422907881767e-01  1.103714441938e+00  8.580099973602e-01  7.999478281391e-01   3.303041795074e-01  1.084256813447e+00  8.564574861558e-01  8.007565470806e-01
  3.303041795074e-01  1.084256813447e+00  8.564574861558e-01  8.007565470806e-01   3.235410544299e-01  1.072561741343e+00  8.554857854284e-01  8.012251550038e-01
  3.235410544299e-01  1.072561741343e+00  8.554857854284e-01  8.012251550038e-01   3.193085416877e-01  1.064951116305e+00  8.548363919201e-01  8.015233577165e-01
  3.193085416877e-01  1.064951116305e+00  8.548363919201e-01  8.015233577165e-01   3.063703623890e-01  1.040124329333e+00  8.526117862806e-01  8.024612962063e-01
  3.063703623890e-01  1.040124329333e+00  8.526117862806e-01  8.024612962063e-01   3.045895548746e-01  1.036504762489e+00  8.522722786230e-01  8.025938077691e-01
  3.045895548746e-01  1.036504762489e+00  8.522722786230e-01  8.025938077691e-01   2.908904158016e-01  1.006767629870e+00  8.493052842075e-01  8.036447766244e-01
  2.908904158016e-01  1.006767629870e+00  8.493052842075e-01  8.036447766244e-01   2.893431816514e-01  1.003179262138e+00  8.489229034460e-01  8.037672287538e-01
  2.893431816514e-01  1.003179262138e+00  8.489229034460e-01  8.037672287538e-01   2.768630009829e-01  9.722823766015e-01  8.453585755626e-01  8.047835194842e-01
  2.768630009829e-01  9.722823766015e-01  8.453585755626e-01  8.047835194842e-01   2.679181273214e-01  9.477881078433e-01  8.421064967351e-01  8.055374051441e-01
  2.679181273214e-01  9.477881078433e-01  8.421064967351e-01  8.055374051441e-01   2.639995853664e-01  9.363948472531e-01  8.404335640830e-01  8.058696062044e-01
  2.639995853664e-01  9.363948472531e-01  8.404335640830e-01  8.058696062044e-01   2.621851513185e-01  9.309812570102e-01  8.395980025560e-01  8.060226509491e-01
  2.621851513185e-01  9.309812570102e-01  8.395980025560e-01  8.060226509491e-01   2.568397505987e-01  9.145360693894e-01  8.368817877938e-01  8.064654132896e-01
  2.568397505987e-01  9.145360693894e-01  8.368817877938e-01  8.064654132896e-01   2.532849583701e-01  9.032106113755e-01  8.348394448492e-01  8.067474301445e-01
  2.532849583701e-01  9.032106113755e-01  8.348394448492e-01  8.067474301445e-01   2.521031169408e-01  8.993819356814e-01  8.341144075621e-01  8.068378049287e-01
  2.521031169408e-01  8.993819356814e-01  8.341144075621e-01  8.068378049287e-01   2.446153107472e-01  8.745107356378e-01  8.289315113721e-01  8.073492244738e-01
  2.446153107472e-01  8.745107356378e-01  8.289315113721e-01  8.073492244738e-01   2.407770747497e-01  8.614601000000e-01  8.258492994543e-01  8.075523391704e-01
  2.407770747497e-01  8.614601000000e-01  8.258492994543e-01  8.075523391704e-01   2.326741651644e-01  8.336950982105e-01  8.183406055945e-01  8.077783532992e-01
  2.326741651644e-01  8.336950982105e-01  8.183406055945e-01  8.077783532992e-01   2.292555071809e-01  8.220472136031e-01  8.147698027944e-01  8.077677263263e-01
  2.292555071809e-01  8.220472136031e-01  8.147698027944e-01  8.077677263263e-01   2.182018281092e-01  7.853785345703e-01  8.017559831260e-01  8.071873883835e-01
  2.182018281092e-01  7.853785345703e-01  8.017559831260e-01  8.071873883835e-01   2.166179658305e-01  7.802874441953e-01  7.997293059289e-01  8.070287433904e-01
  2.166179658305e-01  7.802874441953e-01  7.997293059289e-01  8.070287433904e-01   2.102963241452e-01  7.604155007681e-01  7.913032742639e-01  8.061945322060e-01
  2.102963241452e-01  7.604155007681e-01  7.913032742639e-01  8.061945322060e-01   2.034047749803e-01  7.395284343816e-01  7.815868522115e-01  8.049114634358e-01
  2.034047749803e-01  7.395284343816e-01  7.815868522115e-01  8.049114634358e-01   2.027898418142e-01  7.377001614779e-01  7.806962787833e-01  8.047778526634e-01
  2.027898418142e-01  7.377001614779e-01  7.806962787833e-01  8.047778526634e-01   2.021323073009e-01  7.357510884193e-01  7.797400219284e-01  8.046315093271e-01
  2.021323073009e-01  7.357510884193e-01  7.797400219284e-01  8.046315093271e-01   1.950826372881e-01  7.151890406068e-01  7.692427631117e-01  8.028360902875e-01
  1.950826372881e-01  7.151890406068e-01  7.692427631117e-01  8.028360902875e-01   1.883180937829e-01  6.958782777857e-01  7.587756259084e-01  8.007200895281e-01
  1.883180937829e-01  6.958782777857e-01  7.587756259084e-01  8.007200895281e-01   1.870310155970e-01  6.922303647184e-01  7.567415610138e-01  8.002730740643e-01
  1.870310155970e-01  6.922303647184e-01  7.567415610138e-01  8.002730740643e-01   1.855067429232e-01  6.879151000865e-01  7.543148572931e-01  7.997249570142e-01
  1.855067429232e-01  6.879151000865e-01  7.543148572931e-01  7.997249570142e-01   1.771347465674e-01  6.641521623585e-01  7.406228243769e-01  7.963387567932e-01
  1.771347465674e-01  6.641521623585e-01  7.406228243769e-01  7.963387567932e-01   1.674117195280e-01  6.356693986587e-01  7.237853229198e-01  7.915159240000e-01
  1.674117195280e-01  6.356693986587e-01  7.237853229198e-01  7.915159240000e-01   1.670413935788e-01  6.345452913006e-01  7.231183480901e-01  7.913102535808e-01
  1.670413935788e-01  6.345452913006e-01  7.231183480901e-01  7.913102535808e-01   1.666192778365e-01  6.332589674181e-01  7.223553124043e-01  7.910736023734e-01
  1.666192778365e-01  6.332589674181e-01  7.223553124043e-01  7.910736023734e-01   1.575076242208e-01  6.035874658525e-01  7.049441574056e-01  7.852779802309e-01
  1.575076242208e-01  6.035874658525e-01  7.049441574056e-01  7.852779802309e-01   1.512636324501e-01  5.789988139820e-01  6.911620578039e-01  7.801392993850e-01
  1.512636324501e-01  5.789988139820e-01  6.911620578039e-01  7.801392993850e-01   1.500304275020e-01  5.732028271954e-01  6.880568775534e-01  7.789107064663e-01
  1.500304275020e-01  5.732028271954e-01  6.880568775534e-01  7.789107064663e-01   1.492899596017e-01  5.694522824941e-01  6.860842292675e-01  7.781160253661e-01
  1.492899596017e-01  5.694522824941e-01  6.860842292675e-01  7.781160253661e-01   1.462967692113e-01  5.500748651061e-01  6.764412666465e-01  7.740637738764e-01
  1.462967692113e-01  5.500748651061e-01  6.764412666465e-01  7.740637738764e-01   1.450436088670e-01  5.257294992954e-01  6.660336976033e-01  7.693374123724e-01
  1.450436088670e-01  5.257294992954e-01  6.660336976033e-01  7.693374123724e-01   1.450928295853e-01  5.238087613328e-01  6.653149859678e-01  7.689951232800e-01
  1.450928295853e-01  5.238087613328e-01  6.653149859678e-01  7.689951232800e-01   1.451652473316e-01  5.219251864313e-01  6.646269359303e-01  7.686652371058e-01
  1.451652473316e-01  5.219251864313e-01  6.646269359303e-01  7.686652371058e-01   1.505249443984e-01  4.909442504197e-01  6.561924470410e-01  7.644044082657e-01
  1.505249443984e-01  4.909442504197e-01  6.561924470410e-01  7.644044082657e-01   1.589714141896e-01  4.722024160660e-01  6.546362853656e-01  7.635490700025e-01
  1.589714141896e-01  4.722024160660e-01  6.546362853656e-01  7.635490700025e-01   1.707300992130e-01  4.564710798907e-01  6.564143365082e-01  7.646202725145e-01
  1.707300992130e-01  4.564710798907e-01  6.564143365082e-01  7.646202725145e-01   2.195567916610e-01  4.242707606831e-01  6.753424405264e-01  7.775521401361e-01
  2.195567916610e-01  4.242707606831e-01  6.753424405264e-01  7.775521401361e-01   2.694546711725e-01  4.085884239392e-01  6.989616253182e-01  7.961609364441e-01
  8.307874023460e-01  8.355328762145e-01  8.506579338608e-01  1.372088008294e+00   8.314031976242e-01  8.341495942392e-01  8.372457537179e-01  1.373470997832e+00
  8.314031976242e-01  8.341495942392e-01  8.372457537179e-01  1.373470997832e+00   8.321534797171e-01  8.327877943585e-01  8.228914640369e-01  1.374546582207e+00
  8.321534797171e-01  8.327877943585e-01  8.228914640369e-01  1.374546582207e+00   8.331855000000e-01  8.312901386789e-01  8.053650660288e-01  1.375285042067e+00
  8.331855000000e-01  8.312901386789e-01  8.053650660288e-01  1.375285042067e+00   8.346276951929e-01  8.296722065986e-01  7.835465863849e-01  1.375305734756e+00
  8.346276951929e-01  8.296722065986e-01  7.835465863849e-01  1.375305734756e+00   8.353003236655e-01  8.290543170725e-01  7.740995474217e-01  1.375000120808e+00
  8.353003236655e-01  8.290543170725e-01  7.740995474217e-01  1.375000120808e+00   8.371459053957e-01  8.276901664835e-01  7.498107580751e-01  1.373322134897e+00
  8.371459053957e-01  8.276901664835e-01  7.498107580751e-01  1.373322134897e+00   8.376728789417e-01  8.273750729485e-01  7.432163829512e-01  1.372640807986e+00
  8.376728789417e-01  8.273750729485e-01  7.432163829512e-01  1.372640807986e+00   8.381459741741e-01  8.271166236338e-01  7.373993999019e-01  1.371958349414e+00
  8.381459741741e-01  8.271166236338e-01  7.373993999019e-01  1.371958349414e+00   8.402030623518e-01  8.262322744734e-01  7.130244904581e-01  1.368251852353e+00
  8.402030623518e-01  8.262322744734e-01  7.130244904581e-01  1.368251852353e+00   8.405824669340e-01  8.261078913230e-01  7.086619150350e-01  1.367441322703e+00
  8.405824669340e-01  8.261078913230e-01  7.086619150350e-01  1.367441322703e+00   8.427949700966e-01  8.255970693655e-01  6.838146372610e-01  1.361943464368e+00
  8.427949700966e-01  8.255970693655e-01  6.838146372610e-01  1.361943464368e+00   8.451676114886e-01  8.254268619091e-01  6.579296728584e-01  1.354555516496e+00
  8.451676114886e-01  8.254268619091e-01  6.579296728584e-01  1.354555516496e+00   8.454046224312e-01  8.254303995440e-01  6.553694848120e-01  1.353728712673e+00
  8.454046224312e-01  8.254303995440e-01  6.553694848120e-01  1.353728712673e+00   8.478180940437e-01  8.256777254333e-01  6.293882021541e-01  1.344309863303e+00
  8.478180940437e-01  8.256777254333e-01  6.293882021541e-01  1.344309863303e+00   8.479933180842e-01  8.257108647521e-01  6.275011597908e-01  1.343550589978e+00
  8.479933180842e-01  8.257108647521e-01  6.275011597908e-01  1.343550589978e+00   8.481631529557e-01  8.257449903973e-01  6.256711401228e-01  1.342804230041e+00
  8.481631529557e-01  8.257449903973e-01  6.256711401228e-01  1.342804230041e+00   8.504799287861e-01  8.264153467577e-01  6.005100631814e-01  1.331507049117e+00
  8.504799287861e-01  8.264153467577e-01  6.005100631814e-01  1.331507049117e+00   8.506223750205e-01  8.264696218693e-01  5.989446587678e-01  1.330738167169e+00
  8.506223750205e-01  8.264696218693e-01  5.989446587678e-01  1.330738167169e+00   8.547732026776e-01  8.288595265174e-01  5.512485576761e-01  1.303201492918e+00
  8.547732026776e-01  8.288595265174e-01  5.512485576761e-01  1.303201492918e+00   8.548913412702e-01  8.289552035372e-01  5.497992038290e-01  1.302229940185e+00
  8.548913412702e-01  8.289552035372e-01  5.497992038290e-01  1.302229940185e+00   8.566348241238e-01  8.306224476019e-01  5.273203389906e-01  1.286008789045e+00
  8.566348241238e-01  8.306224476019e-01  5.273203389906e-01  1.286008789045e+00   8.567490382173e-01  8.307514991212e-01  5.257567971607e-01  1.284795764132e+00
  8.567490382173e-01  8.307514991212e-01  5.257567971607e-01  1.284795764132e+00   8.568650593789e-01  8.308856164154e-01  5.241537652351e-01  1.283540038037e+00
  8.568650593789e-01  8.308856164154e-01  5.241537652351e-01  1.283540038037e+00   8.582916320184e-01  8.328482987367e-01  5.028244349168e-01  1.265602157564e+00
  8.582916320184e-01  8.328482987367e-01  5.028244349168e-01  1.265602157564e+00   8.584129413775e-01  8.330499899167e-01  5.008221703961e-01  1.263793620844e+00
  8.584129413775e-01  8.330499899167e-01  5.008221703961e-01  1.263793620844e+00   8.601300674656e-01  8.373572090251e-01  4.638050457246e-01  1.225811571825e+00
  8.601300674656e-01  8.373572090251e-01  4.638050457246e-01  1.225811571825e+00   8.602127076137e-01  8.377444088349e-01  4.608995861133e-01  1.222414785348e+00
  8.602127076137e-01  8.377444088349e-01  4.608995861133e-01  1.222414785348e+00   8.604835441283e-01  8.399684532899e-01  4.452199378923e-01  1.202818402260e+00
  8.604835441283e-01  8.399684532899e-01  4.452199378923e-01  1.202818402260e+00   8.604981514409e-01  8.405023654361e-01  4.416858759317e-01  1.198079217538e+00
  8.604981514409e-01  8.405023654361e-01  4.416858759317e-01  1.198079217538e+00   8.604913663760e-01  8.411098287919e-01  4.377623950032e-01  1.192664553055e+00
  8.604913663760e-01  8.411098287919e-01  4.377623950032e-01  1.192664553055e+00   8.602423476381e-01  8.433923100972e-01  4.238649561081e-01  1.172046782892e+00
  8.602423476381e-01  8.433923100972e-01  4.238649561081e-01  1.172046782892e+00   8.600498439683e-01  8.442739610380e-01  4.188218088321e-01  1.163940570339e+00
  8.600498439683e-01  8.442739610380e-01  4.188218088321e-01  1.163940570339e+00   8.586002391633e-01  8.479896259295e-01  3.992837141312e-01  1.128580950600e+00
  8.586002391633e-01  8.479896259295e-01  3.992837141312e-01  1.128580950600e+00   8.578099495272e-01  8.493080444326e-01  3.929454313538e-01  1.115434185343e+00
  8.578099495272e-01  8.493080444326e-01  3.929454313538e-01  1.115434185343e+00   8.569159165352e-01  8.505469391172e-01  3.872378054945e-01  1.102695447853e+00
  8.569159165352e-01  8.505469391172e-01  3.872378054945e-01  1.102695447853e+00   8.554227030210e-01  8.522491489195e-01  3.797349633194e-01  1.084384176063e+00
  8.554227030210e-01  8.522491489195e-01  3.797349633194e-01  1.084384176063e+00   8.527303123019e-01  8.546710702005e-01  3.694670993419e-01  1.055537278364e+00
  8.527303123019e-01  8.546710702005e-01  3.694670993419e-01  1.055537278364e+00   8.523784992974e-01  8.549509809879e-01  3.682802460024e-01  1.051838893315e+00
  8.523784992974e-01  8.549509809879e-01  3.682802460024e-01  1.051838893315e+00   8.475234469918e-01  8.586039078988e-01  3.516186334881e-01  9.851641067848e-01
  8.475234469918e-01  8.586039078988e-01  3.516186334881e-01  9.851641067848e-01   8.461162802739e-01  8.597577304812e-01  3.464496791672e-01  9.510324269157e-01
  8.461162802739e-01  8.597577304812e-01  3.464496791672e-01  9.510324269157e-01   8.450757897345e-01  8.606841315200e-01  3.434717897561e-01  9.165867510159e-01
  8.450757897345e-01  8.606841315200e-01  3.434717897561e-01  9.165867510159e-01   8.435799016612e-01  8.621384457962e-01  3.441464454575e-01  8.476999444836e-01
  8.435799016612e-01  8.621384457962e-01  3.441464454575e-01  8.476999444836e-01   8.429946658258e-01  8.627515011802e-01  3.478413997754e-01  8.129321879247e-01
  8.429946658258e-01  8.627515011802e-01  3.478413997754e-01  8.129321879247e-01   8.424853188563e-01  8.633126713043e-01  3.537901527806e-01  7.783580851801e-01
  8.424853188563e-01  8.633126713043e-01  3.537901527806e-01  7.783580851801e-01   8.416436512561e-01  8.643285997219e-01  3.721766237266e-01  7.110466593623e-01
  8.416436512561e-01  8.643285997219e-01  3.721766237266e-01  7.110466593623e-01   8.412847440426e-01  8.648149167274e-01  3.846965625905e-01  6.780704367916e-01
  8.412847440426e-01  8.648149167274e-01  3.846965625905e-01  6.780704367916e-01   8.409599655043e-01  8.652967639104e-01  3.993161772120e-01  6.459711217377e-01
  8.409599655043e-01  8.652967639104e-01  3.993161772120e-01  6.459711217377e-01   8.403939658510e-01  8.662737075665e-01  4.341973316041e-01  5.855509176421e-01
  8.403939658510e-01  8.662737075665e-01  4.341973316041e-01  5.855509176421e-01   8.401377204845e-01  8.667947264041e-01  4.545678212174e-01  5.570058988341e-01
  8.401377204845e-01  8.667947264041e-01  4.545678212174e-01  5.570058988341e-01   8.398947311141e-01  8.673472806267e-01  4.766542401946e-01  5.299334937033e-01
  8.398947311141e-01  8.673472806267e-01  4.766542401946e-01  5.299334937033e-01   8.394333240701e-01  8.685803326384e-01  5.250382307154e-01  4.810665796473e-01
  8.394333240701e-01  8.685803326384e-01  5.250382307154e-01  4.810665796473e-01   8.392008121753e-01  8.692994074524e-01  5.514965479310e-01  4.590464201075e-01
  8.392008121753e-01  8.692994074524e-01  5.514965479310e-01  4.590464201075e-01   8.389612822134e-01  8.701094400787e-01  5.791581650568e-01  4.388935635248e-01
  8.389612822134e-01  8.701094400787e-01  5.791581650568e-01  4.388935635248e-01   8.384468855785e-01  8.721215657003e-01  6.370628068584e-01  4.046832776884e-01
  8.384468855785e-01  8.721215657003e-01  6.370628068584e-01  4.046832776884e-01   8.381627742870e-01  8.734763030874e-01  6.675843245574e-01  3.904023430524e-01
  8.381627742870e-01  8.734763030874e-01  6.675843245574e-01  3.904023430524e-01   8.378641424006e-01  8.752556966302e-01  6.988943824978e-01  3.781279646093e-01
  8.378641424006e-01  8.752556966302e-01  6.988943824978e-01  3.781279646093e-01   8.371239809304e-01  8.812310848661e-01  7.632843255200e-01  3.596761925327e-01
  8.371239809304e-01  8.812310848661e-01  7.632843255200e-01  3.596761925327e-01   8.370405326967e-01  8.817859086505e-01  7.679179320504e-01  3.586758130861e-01
  8.370405326967e-01  8.817859086505e-01  7.679179320504e-01  3.586758130861e-01   8.363131757463e-01  8.852171559132e-01  7.963897862731e-01  3.534586556183e-01
  8.363131757463e-01  8.852171559132e-01  7.963897862731e-01  3.534586556183e-01   8.355835976540e-01  8.873873237855e-01  8.157130661392e-01  3.508321917063e-01
  8.355835976540e-01  8.873873237855e-01  8.157130661392e-01  3.508321917063e-01   8.349678023758e-01  8.887706057608e-01  8.291252462821e-01  3.494492021677e-01
  8.349678023758e-01  8.887706057608e-01  8.291252462821e-01  3.494492021677e-01   8.342175202829e-01  8.901324056415e-01  8.434795359631e-01  3.483736177932e-01
  8.342175202829e-01  8.901324056415e-01  8.434795359631e-01  3.483736177932e-01   8.331855000000e-01  8.916300613211e-01  8.610059339712e-01  3.476351579334e-01
  8.331855000000e-01  8.916300613211e-01  8.610059339712e-01  3.476351579334e-01   8.317433048071e-01  8.932479934014e-01  8.828244136151e-01  3.476144652442e-01
  8.317433048071e-01  8.932479934014e-01  8.828244136151e-01  3.476144652442e-01   8.310706763345e-01  8.938658829275e-01  8.922714525783e-01  3.479200791921e-01
  8.310706763345e-01  8.938658829275e-01  8.922714525783e-01  3.479200791921e-01   8.292250946043e-01  8.952300335165e-01  9.165602419249e-01  3.495980651026e-01
  8.292250946043e-01  8.952300335165e-01  9.165602419249e-01  3.495980651026e-01   8.286981210583e-01  8.955451270515e-01  9.231546170488e-01  3.502793920142e-01
  8.286981210583e-01  8.955451270515e-01  9.231546170488e-01  3.502793920142e-01   8.282250258259e-01  8.958035763662e-01  9.289716000981e-01  3.509618505856e-01
  8.282250258259e-01  8.958035763662e-01  9.289716000981e-01  3.509618505856e-01   8.261679376482e-01  8.966879255266e-01  9.533465095419e-01  3.546683476466e-01
  8.261679376482e-01  8.966879255266e-01  9.533465095419e-01  3.546683476466e-01   8.257885330660e-01  8.968123086770e-01  9.577090849650e-01  3.554788772967e-01
  8.257885330660e-01  8.968123086770e-01  9.577090849650e-01  3.554788772967e-01   8.212033885114e-01  8.974933380909e-01  1.008441327142e+00  3.683646835045e-01
  8.212033885114e-01  8.974933380909e-01  1.008441327142e+00  3.683646835045e-01   8.209663775688e-01  8.974898004560e-01  1.011001515188e+00  3.691914873267e-01
  8.209663775688e-01  8.974898004560e-01  1.011001515188e+00  3.691914873267e-01   8.185529059563e-01  8.972424745667e-01  1.036982797846e+00  3.786103366973e-01
  8.185529059563e-01  8.972424745667e-01  1.036982797846e+00  3.786103366973e-01   8.183776819158e-01  8.972093352479e-01  1.038869840209e+00  3.793696100224e-01
  8.183776819158e-01  8.972093352479e-01  1.038869840209e+00  3.793696100224e-01   8.182078470443e-01  8.971752096027e-01  1.040699859877e+00  3.801159699594e-01
  8.182078470443e-01  8.971752096027e-01  1.040699859877e+00  3.801159699594e-01   8.158910712139e-01  8.965048532423e-01  1.065860936819e+00  3.914131508827e-01
  8.158910712139e-01  8.965048532423e-01  1.065860936819e+00  3.914131508827e-01   8.157486249795e-01  8.964505781307e-01  1.067426341232e+00  3.921820328314e-01
  8.157486249795e-01  8.964505781307e-01  1.067426341232e+00  3.921820328314e-01   8.115977973224e-01  8.940606734826e-01  1.115122442324e+00  4.197187070819e-01
  8.115977973224e-01  8.940606734826e-01  1.115122442324e+00  4.197187070819e-01   8.114796587298e-01  8.939649964628e-01  1.116571796171e+00  4.206902598153e-01
  8.114796587298e-01  8.939649964628e-01  1.116571796171e+00  4.206902598153e-01   8.097361758762e-01  8.922977523981e-01  1.139050661009e+00  4.369114109548e-01
  8.097361758762e-01  8.922977523981e-01  1.139050661009e+00  4.369114109548e-01   8.096219617827e-01  8.921687008788e-01  1.140614202839e+00  4.381244358680e-01
  8.096219617827e-01  8.921687008788e-01  1.140614202839e+00  4.381244358680e-01   8.095059406211e-01  8.920345835846e-01  1.142217234765e+00  4.393801619631e-01
  8.095059406211e-01  8.920345835846e-01  1.142217234765e+00  4.393801619631e-01   8.080793679816e-01  8.900719012633e-01  1.163546565083e+00  4.573180424360e-01
  8.080793679816e-01  8.900719012633e-01  1.163546565083e+00  4.573180424360e-01   8.079580586225e-01  8.898702100833e-01  1.165548829604e+00  4.591265791556e-01
  8.079580586225e-01  8.898702100833e-01  1.165548829604e+00  4.591265791556e-01   8.062409325344e-01  8.855629909749e-01  1.202565954275e+00  4.971086281754e-01
  8.062409325344e-01  8.855629909749e-01  1.202565954275e+00  4.971086281754e-01   8.061582923863e-01  8.851757911651e-01  1.205471413887e+00  5.005054146517e-01
  8.061582923863e-01  8.851757911651e-01  1.205471413887e+00  5.005054146517e-01   8.058874558717e-01  8.829517467101e-01  1.221151062108e+00  5.201017977396e-01
  8.058874558717e-01  8.829517467101e-01  1.221151062108e+00  5.201017977396e-01   8.058728485591e-01  8.824178345639e-01  1.224685124068e+00  5.248409824623e-01
  8.058728485591e-01  8.824178345639e-01  1.224685124068e+00  5.248409824623e-01   8.058796336240e-01  8.818103712081e-01  1.228608604997e+00  5.302556469454e-01
  8.058796336240e-01  8.818103712081e-01  1.228608604997e+00  5.302556469454e-01   8.061286523619e-01  8.795278899028e-01  1.242506043892e+00  5.508734171079e-01
  8.061286523619e-01  8.795278899028e-01  1.242506043892e+00  5.508734171079e-01   8.063211560317e-01  8.786462389620e-01  1.247549191168e+00  5.589796296608e-01
  8.063211560317e-01  8.786462389620e-01  1.247549191168e+00  5.589796296608e-01   8.069929806794e-01  8.765823580805e-01  1.258724547082e+00  5.783506720697e-01
  8.069929806794e-01  8.765823580805e-01  1.258724547082e+00  5.783506720697e-01   8.077707608367e-01  8.749305740704e-01  1.267087285869e+00  5.943392494000e-01
  8.077707608367e-01  8.749305740704e-01  1.267087285869e+00  5.943392494000e-01   8.085610504728e-01  8.736121555674e-01  1.273425568646e+00  6.074860146574e-01
  8.085610504728e-01  8.736121555674e-01  1.273425568646e+00  6.074860146574e-01   8.094550834648e-01  8.723732608828e-01  1.279133194505e+00  6.202247521466e-01
  8.094550834648e-01  8.723732608828e-01  1.279133194505e+00  6.202247521466e-01   8.109482969790e-01  8.706710510805e-01  1.286636036681e+00  6.385360239373e-01
  8.109482969790e-01  8.706710510805e-01  1.286636036681e+00  6.385360239373e-01   8.136406876981e-01  8.682491297995e-01  1.296903900658e+00  6.673829216362e-01
  8.136406876981e-01  8.682491297995e-01  1.296903900658e+00  6.673829216362e-01   8.139925007026e-01  8.679692190121e-01  1.298090753998e+00  6.710813066848e-01
  8.139925007026e-01  8.679692190121e-01  1.298090753998e+00  6.710813066848e-01   8.188475530082e-01  8.643162921012e-01  1.314752366512e+00  7.377560932152e-01
  8.188475530082e-01  8.643162921012e-01  1.314752366512e+00  7.377560932152e-01   8.202547197261e-01  8.631624695188e-01  1.319921320833e+00  7.718877730843e-01
  8.202547197261e-01  8.631624695188e-01  1.319921320833e+00  7.718877730843e-01   8.212952102655e-01  8.622360684800e-01  1.322899210244e+00  8.063334489841e-01
  8.212952102655e-01  8.622360684800e-01  1.322899210244e+00  8.063334489841e-01   8.227910983388e-01  8.607817542038e-01  1.322224554542e+00  8.752202555164e-01
  8.227910983388e-01  8.607817542038e-01  1.322224554542e+00  8.752202555164e-01   8.233763341742e-01  8.601686988198e-01  1.318529600225e+00  9.099880120753e-01
  8.233763341742e-01  8.601686988198e-01  1.318529600225e+00  9.099880120753e-01   8.238856811437e-01  8.596075286957e-01  1.312580847219e+00  9.445621148199e-01
  8.238856811437e-01  8.596075286957e-01  1.312580847219e+00  9.445621148199e-01   8.247273487439e-01  8.585916002781e-01  1.294194376273e+00  1.011873540638e+00
  8.247273487439e-01  8.585916002781e-01  1.294194376273e+00  1.011873540638e+00   8.250862559574e-01  8.581052832726e-01  1.281674437409e+00  1.044849763208e+00
  8.250862559574e-01  8.581052832726e-01  1.281674437409e+00  1.044849763208e+00   8.254110346765e-01  8.576234361788e-01  1.267054822781e+00  1.076949078276e+00
  8.254110346765e-01  8.576234361788e-01  1.267054822781e+00  1.076949078276e+00   8.259770341490e-01  8.566464924335e-01  1.232173668396e+00  1.137369282358e+00
  8.259770341490e-01  8.566464924335e-01  1.232173668396e+00  1.137369282358e+00   8.262332795155e-01  8.561254735959e-01  1.211803178783e+00  1.165914301166e+00
  8.262332795155e-01  8.561254735959e-01  1.211803178783e+00  1.165914301166e+00   8.264762688859e-01  8.555729193733e-01  1.189716759805e+00  1.192986706297e+00
  8.264762688859e-01  8.555729193733e-01  1.189716759805e+00  1.192986706297e+00   8.269376759299e-01  8.543398673616e-01  1.141332769285e+00  1.241853620353e+00
  8.269376759299e-01  8.543398673616e-01  1.141332769285e+00  1.241853620353e+00   8.271701878247e-01  8.536207925476e-01  1.114874452069e+00  1.263873779892e+00
  8.271701878247e-01  8.536207925476e-01  1.114874452069e+00  1.263873779892e+00   8.274097177866e-01  8.528107599213e-01  1.087212834943e+00  1.284026636475e+00
  8.274097177866e-01  8.528107599213e-01  1.087212834943e+00  1.284026636475e+00   8.279241144215e-01  8.507986342997e-01  1.029308193142e+00  1.318236922312e+00
  8.279241144215e-01  8.507986342997e-01  1.029308193142e+00  1.318236922312e+00   8.282082257130e-01  8.494438969126e-01  9.987866754426e-01  1.332517856948e+00
  8.282082257130e-01  8.494438969126e-01  9.987866754426e-01  1.332517856948e+00   8.285068575994e-01  8.476645033698e-01  9.674766175022e-01  1.344792235391e+00
  8.285068575994e-01  8.476645033698e-01  9.674766175022e-01  1.344792235391e+00   8.292470190696e-01  8.416891151339e-01  9.030866744800e-01  1.363244007467e+00
  8.292470190696e-01  8.416891151339e-01  9.030866744800e-01  1.363244007467e+00   8.293304673033e-01  8.411342913495e-01  8.984530679496e-01  1.364244386914e+00
  8.293304673033e-01  8.411342913495e-01  8.984530679496e-01  1.364244386914e+00   8.300578242537e-01  8.377030440868e-01  8.699812137269e-01  1.369461544382e+00
  8.300578242537e-01  8.377030440868e-01  8.699812137269e-01  1.369461544382e+00   8.307874023460e-01  8.355328762145e-01  8.506579338608e-01  1.372088008294e+00
