#
# Columns: x1 y1 u1 v1 x2 y2 u2 v2
#
# To plot the image plane curves, connect each (x1,y1)
# to the (x2,y2) on the same line -- do *not* connect
# consecutive lines!
#
# To plot the source plane curves, do the same for
# (u1,v1) and (u2,v2).
#
  4.581378990864e-01  4.095840761070e-01  7.232414140349e-01  8.402347068546e-01   4.407811021907e-01  4.142627126547e-01  7.182374789925e-01  8.343713939097e-01
  4.407811021907e-01  4.142627126547e-01  7.182374789925e-01  8.343713939097e-01   4.347856976123e-01  4.160300749829e-01  7.164785883833e-01  8.323859790030e-01
  4.347856976123e-01  4.160300749829e-01  7.164785883833e-01  8.323859790030e-01   4.262618353044e-01  4.186832342298e-01  7.139535159232e-01  8.296008756026e-01
  4.262618353044e-01  4.186832342298e-01  7.139535159232e-01  8.296008756026e-01   4.105260789915e-01  4.240367387024e-01  7.092246827367e-01  8.245825011580e-01
  4.105260789915e-01  4.240367387024e-01  7.092246827367e-01  8.245825011580e-01   3.997794841443e-01  4.280540841443e-01  7.059523357530e-01  8.212533752582e-01
  3.997794841443e-01  4.280540841443e-01  7.059523357530e-01  8.212533752582e-01   3.775246359764e-01  4.373974745708e-01  6.990949368364e-01  8.146363721965e-01
  3.775246359764e-01  4.373974745708e-01  6.990949368364e-01  8.146363721965e-01   3.597022334636e-01  4.459905079683e-01  6.935599072362e-01  8.096332560503e-01
  3.597022334636e-01  4.459905079683e-01  6.935599072362e-01  8.096332560503e-01   3.336576842344e-01  4.606362849488e-01  6.854921219619e-01  8.028579684085e-01
  3.336576842344e-01  4.606362849488e-01  6.854921219619e-01  8.028579684085e-01   3.212477820325e-01  4.686364728392e-01  6.816975787759e-01  7.998797032003e-01
  3.212477820325e-01  4.686364728392e-01  6.816975787759e-01  7.998797032003e-01   3.044492857627e-01  4.807223450437e-01  6.766665141508e-01  7.961374932191e-01
  3.044492857627e-01  4.807223450437e-01  6.766665141508e-01  7.961374932191e-01   2.859578688297e-01  4.960371208988e-01  6.713551332948e-01  7.924501266567e-01
  2.859578688297e-01  4.960371208988e-01  6.713551332948e-01  7.924501266567e-01   2.810164168885e-01  5.005546210603e-01  6.699930218875e-01  7.915501436206e-01
  2.810164168885e-01  5.005546210603e-01  6.699930218875e-01  7.915501436206e-01   2.623659932918e-01  5.196157112969e-01  6.651667422503e-01  7.885241604590e-01
  2.623659932918e-01  5.196157112969e-01  6.651667422503e-01  7.885241604590e-01   2.560833436179e-01  5.268954766000e-01  6.636876471236e-01  7.876523328506e-01
  2.560833436179e-01  5.268954766000e-01  6.636876471236e-01  7.876523328506e-01   2.553119373143e-01  5.278246430259e-01  6.635124602368e-01  7.875509796156e-01
  2.553119373143e-01  5.278246430259e-01  6.635124602368e-01  7.875509796156e-01   2.530923961277e-01  5.305442965631e-01  6.630169773549e-01  7.872666109681e-01
  2.530923961277e-01  5.305442965631e-01  6.630169773549e-01  7.872666109681e-01   2.301053974974e-01  5.638427701554e-01  6.588966145306e-01  7.850567675599e-01
  2.301053974974e-01  5.638427701554e-01  6.588966145306e-01  7.850567675599e-01   2.177499969842e-01  5.876949353079e-01  6.579396281888e-01  7.846018612505e-01
  2.177499969842e-01  5.876949353079e-01  6.579396281888e-01  7.846018612505e-01   2.110741957052e-01  6.037731604555e-01  6.581333913579e-01  7.846834138106e-01
  2.110741957052e-01  6.037731604555e-01  6.581333913579e-01  7.846834138106e-01   2.045959337088e-01  6.232290354239e-01  6.592023100720e-01  7.851045945197e-01
  2.045959337088e-01  6.232290354239e-01  6.592023100720e-01  7.851045945197e-01   1.989745112605e-01  6.463736124482e-01  6.615831175442e-01  7.859552155797e-01
  1.989745112605e-01  6.463736124482e-01  6.615831175442e-01  7.859552155797e-01   1.948404903990e-01  6.753810962012e-01  6.661408038328e-01  7.873848537956e-01
  1.948404903990e-01  6.753810962012e-01  6.661408038328e-01  7.873848537956e-01   1.938885977636e-01  6.901610113220e-01  6.690918942612e-01  7.882094476693e-01
  1.938885977636e-01  6.901610113220e-01  6.690918942612e-01  7.882094476693e-01   1.940113193788e-01  7.167561881512e-01  6.754015581126e-01  7.897642180507e-01
  1.940113193788e-01  7.167561881512e-01  6.754015581126e-01  7.897642180507e-01   1.953342228290e-01  7.343968753522e-01  6.802578925940e-01  7.907963808513e-01
  1.953342228290e-01  7.343968753522e-01  6.802578925940e-01  7.907963808513e-01   1.968183723046e-01  7.466855291453e-01  6.839411575358e-01  7.914950049599e-01
  1.968183723046e-01  7.466855291453e-01  6.839411575358e-01  7.914950049599e-01   1.999755176389e-01  7.655762299364e-01  6.900630359744e-01  7.925092667514e-01
  1.999755176389e-01  7.655762299364e-01  6.900630359744e-01  7.925092667514e-01   2.015472880103e-01  7.732137844295e-01  6.926906380546e-01  7.928916810032e-01
  2.015472880103e-01  7.732137844295e-01  6.926906380546e-01  7.928916810032e-01   2.027236404251e-01  7.784582215534e-01  6.945442458449e-01  7.931431563639e-01
  2.027236404251e-01  7.784582215534e-01  6.945442458449e-01  7.931431563639e-01   2.139579769012e-01  8.176137848372e-01  7.095885077054e-01  7.946574658577e-01
  2.139579769012e-01  8.176137848372e-01  7.095885077054e-01  7.946574658577e-01   2.151748587746e-01  8.211283008108e-01  7.110376331804e-01  7.947560512179e-01
  2.151748587746e-01  8.211283008108e-01  7.110376331804e-01  7.947560512179e-01   2.295886928340e-01  8.571315873539e-01  7.267364774987e-01  7.953205914210e-01
  2.295886928340e-01  8.571315873539e-01  7.267364774987e-01  7.953205914210e-01   2.315595710749e-01  8.614601000000e-01  7.287226291049e-01  7.953277087244e-01
  2.315595710749e-01  8.614601000000e-01  7.287226291049e-01  7.953277087244e-01   2.416087478380e-01  8.820033147069e-01  7.384121249866e-01  7.951592139734e-01
  2.416087478380e-01  8.820033147069e-01  7.384121249866e-01  7.951592139734e-01   2.510479876242e-01  8.994507941458e-01  7.469575778289e-01  7.947320512395e-01
  2.510479876242e-01  8.994507941458e-01  7.469575778289e-01  7.947320512395e-01   2.532475386757e-01  9.033081835252e-01  7.488827695931e-01  7.945997730760e-01
  2.532475386757e-01  9.033081835252e-01  7.488827695931e-01  7.945997730760e-01   2.559795873252e-01  9.080024806678e-01  7.512421437479e-01  7.944195292866e-01
  2.559795873252e-01  9.080024806678e-01  7.512421437479e-01  7.944195292866e-01   2.652823905150e-01  9.232627058685e-01  7.590293027658e-01  7.936821093688e-01
  2.652823905150e-01  9.232627058685e-01  7.590293027658e-01  7.936821093688e-01   2.730176096742e-01  9.352076018297e-01  7.652381772469e-01  7.929357511780e-01
  2.730176096742e-01  9.352076018297e-01  7.652381772469e-01  7.929357511780e-01   2.821549042985e-01  9.485788748709e-01  7.722901202476e-01  7.919144580521e-01
  2.821549042985e-01  9.485788748709e-01  7.722901202476e-01  7.919144580521e-01   2.966072376238e-01  9.683492240538e-01  7.828744240442e-01  7.900252372788e-01
  2.966072376238e-01  9.683492240538e-01  7.828744240442e-01  7.900252372788e-01   3.074141414602e-01  9.821969520778e-01  7.903678964179e-01  7.884192680000e-01
  3.074141414602e-01  9.821969520778e-01  7.903678964179e-01  7.884192680000e-01   3.210402511814e-01  9.986890058284e-01  7.993373684258e-01  7.861894356881e-01
  3.210402511814e-01  9.986890058284e-01  7.993373684258e-01  7.861894356881e-01   3.282359438557e-01  1.007011508928e+00  8.038679264941e-01  7.849297569178e-01
  3.282359438557e-01  1.007011508928e+00  8.038679264941e-01  7.849297569178e-01   3.399534778788e-01  1.020052181119e+00  8.109518742157e-01  7.827711112149e-01
  3.399534778788e-01  1.020052181119e+00  8.109518742157e-01  7.827711112149e-01   3.437803702162e-01  1.024183349843e+00  8.131883402082e-01  7.820397982778e-01
  3.437803702162e-01  1.024183349843e+00  8.131883402082e-01  7.820397982778e-01   3.460943166506e-01  1.026652336660e+00  8.145224883007e-01  7.815917795475e-01
  3.460943166506e-01  1.026652336660e+00  8.145224883007e-01  7.815917795475e-01   3.593508625923e-01  1.040398876099e+00  8.219060994454e-01  7.789474367971e-01
  3.593508625923e-01  1.040398876099e+00  8.219060994454e-01  7.789474367971e-01   3.716826483596e-01  1.052620840223e+00  8.283849658591e-01  7.763838547707e-01
  3.716826483596e-01  1.052620840223e+00  8.283849658591e-01  7.763838547707e-01   3.785166206252e-01  1.059177462612e+00  8.318167377899e-01  7.749272175620e-01
  3.785166206252e-01  1.059177462612e+00  8.318167377899e-01  7.749272175620e-01   3.973711639332e-01  1.076532523166e+00  8.407094718439e-01  7.708054504370e-01
  3.973711639332e-01  1.076532523166e+00  8.407094718439e-01  7.708054504370e-01   4.140971664435e-01  1.091102118151e+00  8.479051757695e-01  7.670629065857e-01
  4.140971664435e-01  1.091102118151e+00  8.479051757695e-01  7.670629065857e-01   4.227966961607e-01  1.098398186369e+00  8.513952305824e-01  7.650998640640e-01
  4.227966961607e-01  1.098398186369e+00  8.513952305824e-01  7.650998640640e-01   4.367976616600e-01  1.109762608120e+00  8.566555152609e-01  7.619365804077e-01
  4.367976616600e-01  1.109762608120e+00  8.566555152609e-01  7.619365804077e-01   4.480959805428e-01  1.118611880000e+00  8.605847646430e-01  7.593955059133e-01
  4.480959805428e-01  1.118611880000e+00  8.605847646430e-01  7.593955059133e-01   4.549427352394e-01  1.123841584747e+00  8.628308807202e-01  7.578668551151e-01
  4.549427352394e-01  1.123841584747e+00  8.628308807202e-01  7.578668551151e-01   4.707015151469e-01  1.135515485237e+00  8.676206241793e-01  7.543992427402e-01
  4.707015151469e-01  1.135515485237e+00  8.676206241793e-01  7.543992427402e-01   4.726430275307e-01  1.136919870580e+00  8.681746003243e-01  7.539782116402e-01
  4.726430275307e-01  1.136919870580e+00  8.681746003243e-01  7.539782116402e-01   4.734455587640e-01  1.137498265564e+00  8.684012977350e-01  7.538046366114e-01
  4.734455587640e-01  1.137498265564e+00  8.684012977350e-01  7.538046366114e-01   4.753999926601e-01  1.138901705669e+00  8.689477986129e-01  7.533830829867e-01
  4.753999926601e-01  1.138901705669e+00  8.689477986129e-01  7.533830829867e-01   4.986188454740e-01  1.155033878183e+00  8.748455493163e-01  7.485234081948e-01
  4.986188454740e-01  1.155033878183e+00  8.748455493163e-01  7.485234081948e-01   5.219844995765e-01  1.170316132365e+00  8.797145282499e-01  7.439865950650e-01
  5.219844995765e-01  1.170316132365e+00  8.797145282499e-01  7.439865950650e-01   5.234200721260e-01  1.171225527874e+00  8.799802776735e-01  7.437218505669e-01
  5.234200721260e-01  1.171225527874e+00  8.799802776735e-01  7.437218505669e-01   5.240451606538e-01  1.171620464135e+00  8.800948143210e-01  7.436071252659e-01
  5.240451606538e-01  1.171620464135e+00  8.800948143210e-01  7.436071252659e-01   5.285789945035e-01  1.174466200395e+00  8.809043279578e-01  7.427852312814e-01
  5.285789945035e-01  1.174466200395e+00  8.809043279578e-01  7.427852312814e-01   5.456642966667e-01  1.184899728062e+00  8.836279805894e-01  7.398602292175e-01
  5.456642966667e-01  1.184899728062e+00  8.836279805894e-01  7.398602292175e-01   5.481015174937e-01  1.186351494853e+00  8.839756103525e-01  7.394666338429e-01
  5.481015174937e-01  1.186351494853e+00  8.839756103525e-01  7.394666338429e-01   5.668467343083e-01  1.197222165332e+00  8.863250996188e-01  7.366554449364e-01
  5.668467343083e-01  1.197222165332e+00  8.863250996188e-01  7.366554449364e-01   5.729254358853e-01  1.200637619092e+00  8.869686874051e-01  7.358306961446e-01
  5.729254358853e-01  1.200637619092e+00  8.869686874051e-01  7.358306961446e-01   5.820124957257e-01  1.205645849900e+00  8.878285542148e-01  7.346822339140e-01
  5.820124957257e-01  1.205645849900e+00  8.878285542148e-01  7.346822339140e-01   5.977400971452e-01  1.214043920511e+00  8.890430576404e-01  7.329458192015e-01
  5.977400971452e-01  1.214043920511e+00  8.890430576404e-01  7.329458192015e-01   6.142767750287e-01  1.222515235747e+00  8.899759613620e-01  7.314837820204e-01
  6.142767750287e-01  1.222515235747e+00  8.899759613620e-01  7.314837820204e-01   6.224026914250e-01  1.226546633814e+00  8.903166108479e-01  7.309085212505e-01
  6.224026914250e-01  1.226546633814e+00  8.903166108479e-01  7.309085212505e-01   6.289442262338e-01  1.229730303103e+00  8.905388247229e-01  7.305160842366e-01
  6.289442262338e-01  1.229730303103e+00  8.905388247229e-01  7.305160842366e-01   6.472018026734e-01  1.238330181141e+00  8.909358105543e-01  7.297630868687e-01
  6.472018026734e-01  1.238330181141e+00  8.909358105543e-01  7.297630868687e-01   6.554445127549e-01  1.242077232046e+00  8.910182611061e-01  7.295918703433e-01
  6.554445127549e-01  1.242077232046e+00  8.910182611061e-01  7.295918703433e-01   6.724369820521e-01  1.249541352161e+00  8.910267191361e-01  7.295772423066e-01
  6.724369820521e-01  1.249541352161e+00  8.910267191361e-01  7.295772423066e-01   6.889783455273e-01  1.256476483213e+00  8.908614625186e-01  7.300061761465e-01
  6.889783455273e-01  1.256476483213e+00  8.908614625186e-01  7.300061761465e-01   6.979846953237e-01  1.260117574898e+00  8.907143964648e-01  7.304247112534e-01
  6.979846953237e-01  1.260117574898e+00  8.907143964648e-01  7.304247112534e-01   7.152731617740e-01  1.266844475614e+00  8.903484117329e-01  7.315932577714e-01
  7.152731617740e-01  1.266844475614e+00  8.903484117329e-01  7.315932577714e-01   7.237160772316e-01  1.270005547647e+00  8.901407278589e-01  7.323374245536e-01
  7.237160772316e-01  1.270005547647e+00  8.901407278589e-01  7.323374245536e-01   7.351842907953e-01  1.274170326415e+00  8.898402930085e-01  7.335286652209e-01
  7.351842907953e-01  1.274170326415e+00  8.898402930085e-01  7.335286652209e-01   7.499467464370e-01  1.279314639875e+00  8.894409064130e-01  7.353635950281e-01
  7.499467464370e-01  1.279314639875e+00  8.894409064130e-01  7.353635950281e-01   7.713586157012e-01  1.286346939106e+00  8.888845928710e-01  7.386121088140e-01
  7.713586157012e-01  1.286346939106e+00  8.888845928710e-01  7.386121088140e-01   7.770146103854e-01  1.288120365806e+00  8.887501208464e-01  7.395829026652e-01
  7.770146103854e-01  1.288120365806e+00  8.887501208464e-01  7.395829026652e-01   7.805758368143e-01  1.289219020905e+00  8.886693113959e-01  7.402177173214e-01
  7.805758368143e-01  1.289219020905e+00  8.886693113959e-01  7.402177173214e-01   7.975696269161e-01  1.294271181355e+00  8.883349039918e-01  7.434917561447e-01
  7.975696269161e-01  1.294271181355e+00  8.883349039918e-01  7.434917561447e-01   8.035206852670e-01  1.295966138742e+00  8.882416452976e-01  7.447314563872e-01
  8.035206852670e-01  1.295966138742e+00  8.882416452976e-01  7.447314563872e-01   8.048057801846e-01  1.296327108007e+00  8.882233594991e-01  7.450053428817e-01
  8.048057801846e-01  1.296327108007e+00  8.882233594991e-01  7.450053428817e-01   8.272565030285e-01  1.302344602776e+00  8.880249779492e-01  7.501321168875e-01
  8.272565030285e-01  1.302344602776e+00  8.880249779492e-01  7.501321168875e-01   8.331855000000e-01  1.303842712163e+00  8.880152333440e-01  7.515900041390e-01
  8.331855000000e-01  1.303842712163e+00  8.880152333440e-01  7.515900041390e-01   8.480087983322e-01  1.307421816981e+00  8.880796459117e-01  7.554138642758e-01
  8.480087983322e-01  1.307421816981e+00  8.880796459117e-01  7.554138642758e-01   8.625026410562e-01  1.310691364345e+00  8.882760589406e-01  7.593868833677e-01
  8.625026410562e-01  1.310691364345e+00  8.882760589406e-01  7.593868833677e-01   8.778749847500e-01  1.313909951050e+00  8.886417202485e-01  7.638354164620e-01
  8.778749847500e-01  1.313909951050e+00  8.886417202485e-01  7.638354164620e-01   8.931388512184e-01  1.316851014089e+00  8.891766767212e-01  7.684724468624e-01
  8.931388512184e-01  1.316851014089e+00  8.891766767212e-01  7.684724468624e-01   9.093181713788e-01  1.319689566191e+00  8.899416584348e-01  7.736049743450e-01
  9.093181713788e-01  1.319689566191e+00  8.899416584348e-01  7.736049743450e-01   9.249589902525e-01  1.322158607615e+00  8.908835579079e-01  7.787578631658e-01
  9.249589902525e-01  1.322158607615e+00  8.908835579079e-01  7.787578631658e-01   9.317400120929e-01  1.323144367609e+00  8.913555072603e-01  7.810449353916e-01
  9.317400120929e-01  1.323144367609e+00  8.913555072603e-01  7.810449353916e-01   9.488399036265e-01  1.325400575572e+00  8.927201632568e-01  7.869402533074e-01
  9.488399036265e-01  1.325400575572e+00  8.927201632568e-01  7.869402533074e-01   9.551566999844e-01  1.326150181186e+00  8.932882835986e-01  7.891603843208e-01
  9.551566999844e-01  1.326150181186e+00  8.932882835986e-01  7.891603843208e-01   9.577786144885e-01  1.326447933544e+00  8.935343205088e-01  7.900880698551e-01
  9.577786144885e-01  1.326447933544e+00  8.935343205088e-01  7.900880698551e-01   9.756779084190e-01  1.328269005803e+00  8.953751673078e-01  7.965094362039e-01
  9.756779084190e-01  1.328269005803e+00  8.953751673078e-01  7.965094362039e-01   9.919506067687e-01  1.329600039831e+00  8.972937809466e-01  8.024634402985e-01
  9.919506067687e-01  1.329600039831e+00  8.972937809466e-01  8.024634402985e-01   9.974639417233e-01  1.329979833918e+00  8.979968015496e-01  8.045018280751e-01
  9.974639417233e-01  1.329979833918e+00  8.979968015496e-01  8.045018280751e-01   1.027845846132e+00  1.331411747688e+00  9.023489288647e-01  8.158805384146e-01
  1.027845846132e+00  1.331411747688e+00  9.023489288647e-01  8.158805384146e-01   1.035680786244e+00  1.331595690235e+00  9.036012073656e-01  8.188447591412e-01
  1.035680786244e+00  1.331595690235e+00  9.036012073656e-01  8.188447591412e-01   1.047226042415e+00  1.331724617440e+00  9.055420513078e-01  8.232266167606e-01
  1.047226042415e+00  1.331724617440e+00  9.055420513078e-01  8.232266167606e-01   1.057680300028e+00  1.331692759630e+00  9.073964436754e-01  8.272036817564e-01
  1.057680300028e+00  1.331692759630e+00  9.073964436754e-01  8.272036817564e-01   1.065188147313e+00  1.331581179291e+00  9.087842297772e-01  8.300624599316e-01
  1.065188147313e+00  1.331581179291e+00  9.087842297772e-01  8.300624599316e-01   1.080494490103e+00  1.331119033875e+00  9.117559204679e-01  8.358893482938e-01
  1.080494490103e+00  1.331119033875e+00  9.117559204679e-01  8.358893482938e-01   1.103585472856e+00  1.329806591353e+00  9.165897701158e-01  8.446489223077e-01
  1.103585472856e+00  1.329806591353e+00  9.165897701158e-01  8.446489223077e-01   1.105148732295e+00  1.329690191750e+00  9.169318246718e-01  8.452395976040e-01
  1.105148732295e+00  1.329690191750e+00  9.169318246718e-01  8.452395976040e-01   1.143205762787e+00  1.325721144658e+00  9.258069001833e-01  8.594678572913e-01
  1.143205762787e+00  1.325721144658e+00  9.258069001833e-01  8.594678572913e-01   1.144474183389e+00  1.325549897181e+00  9.261200878903e-01  8.599358181590e-01
  1.144474183389e+00  1.325549897181e+00  9.261200878903e-01  8.599358181590e-01   1.184132844682e+00  1.318823584120e+00  9.364261975124e-01  8.742872431169e-01
  1.184132844682e+00  1.318823584120e+00  9.364261975124e-01  8.742872431169e-01   1.186054542554e+00  1.318426808325e+00  9.369493510214e-01  8.749668749649e-01
  1.186054542554e+00  1.318426808325e+00  9.369493510214e-01  8.749668749649e-01   1.188303372867e+00  1.317953762604e+00  9.375641670568e-01  8.757601264819e-01
  1.188303372867e+00  1.317953762604e+00  9.375641670568e-01  8.757601264819e-01   1.208233100914e+00  1.313336123893e+00  9.431295859651e-01  8.826854931454e-01
  1.208233100914e+00  1.313336123893e+00  9.431295859651e-01  8.826854931454e-01   1.225589897809e+00  1.308657487345e+00  9.481335210075e-01  8.885488060903e-01
  1.225589897809e+00  1.308657487345e+00  9.481335210075e-01  8.885488060903e-01   1.231585302388e+00  1.306890125017e+00  9.498924116167e-01  8.905342209970e-01
  1.231585302388e+00  1.306890125017e+00  9.498924116167e-01  8.905342209970e-01   1.240109164138e+00  1.304236966198e+00  9.524174840347e-01  8.933193243515e-01
  1.240109164138e+00  1.304236966198e+00  9.524174840347e-01  8.933193243515e-01   1.255844921008e+00  1.298883461298e+00  9.571463172633e-01  8.983376988420e-01
  1.255844921008e+00  1.298883461298e+00  9.571463172633e-01  8.983376988420e-01   1.266591515856e+00  1.294866115856e+00  9.604186642470e-01  9.016668247418e-01
  1.266591515856e+00  1.294866115856e+00  9.604186642470e-01  9.016668247418e-01   1.288846364024e+00  1.285522725429e+00  9.672760631636e-01  9.082838278035e-01
  1.288846364024e+00  1.285522725429e+00  9.672760631636e-01  9.082838278035e-01   1.306668766536e+00  1.276929692032e+00  9.728110927638e-01  9.132869439497e-01
  1.306668766536e+00  1.276929692032e+00  9.728110927638e-01  9.132869439497e-01   1.332713315766e+00  1.262283915051e+00  9.808788780381e-01  9.200622315915e-01
  1.332713315766e+00  1.262283915051e+00  9.808788780381e-01  9.200622315915e-01   1.345123217967e+00  1.254283727161e+00  9.846734212241e-01  9.230404967997e-01
  1.345123217967e+00  1.254283727161e+00  9.846734212241e-01  9.230404967997e-01   1.361921714237e+00  1.242197854956e+00  9.897044858492e-01  9.267827067809e-01
  1.361921714237e+00  1.242197854956e+00  9.897044858492e-01  9.267827067809e-01   1.380413131170e+00  1.226883079101e+00  9.950158667052e-01  9.304700733433e-01
  1.380413131170e+00  1.226883079101e+00  9.950158667052e-01  9.304700733433e-01   1.385354583112e+00  1.222365578940e+00  9.963779781125e-01  9.313700563794e-01
  1.385354583112e+00  1.222365578940e+00  9.963779781125e-01  9.313700563794e-01   1.404005006708e+00  1.203304488703e+00  1.001204257750e+00  9.343960395410e-01
  1.404005006708e+00  1.203304488703e+00  1.001204257750e+00  9.343960395410e-01   1.410287656382e+00  1.196024723400e+00  1.002683352876e+00  9.352678671494e-01
  1.410287656382e+00  1.196024723400e+00  1.002683352876e+00  9.352678671494e-01   1.411059062686e+00  1.195095556974e+00  1.002858539763e+00  9.353692203844e-01
  1.411059062686e+00  1.195095556974e+00  1.002858539763e+00  9.353692203844e-01   1.413278603872e+00  1.192375903437e+00  1.003354022645e+00  9.356535890319e-01
  1.413278603872e+00  1.192375903437e+00  1.003354022645e+00  9.356535890319e-01   1.436265602503e+00  1.159077429845e+00  1.007474385469e+00  9.378634324401e-01
  1.436265602503e+00  1.159077429845e+00  1.007474385469e+00  9.378634324401e-01   1.448621003016e+00  1.135225264692e+00  1.008431371811e+00  9.383183387495e-01
  1.448621003016e+00  1.135225264692e+00  1.008431371811e+00  9.383183387495e-01   1.455296804295e+00  1.119147039545e+00  1.008237608642e+00  9.382367861894e-01
  1.455296804295e+00  1.119147039545e+00  1.008237608642e+00  9.382367861894e-01   1.461775066291e+00  1.099691164576e+00  1.007168689928e+00  9.378156054803e-01
  1.461775066291e+00  1.099691164576e+00  1.007168689928e+00  9.378156054803e-01   1.467396488739e+00  1.076546587552e+00  1.004787882456e+00  9.369649844203e-01
  1.467396488739e+00  1.076546587552e+00  1.004787882456e+00  9.369649844203e-01   1.471530509601e+00  1.047539103799e+00  1.000230196167e+00  9.355353462044e-01
  1.471530509601e+00  1.047539103799e+00  1.000230196167e+00  9.355353462044e-01   1.472482402236e+00  1.032759188678e+00  9.972791057388e-01  9.347107523307e-01
  1.472482402236e+00  1.032759188678e+00  9.972791057388e-01  9.347107523307e-01   1.472359680621e+00  1.006164011849e+00  9.909694418874e-01  9.331559819493e-01
  1.472359680621e+00  1.006164011849e+00  9.909694418874e-01  9.331559819493e-01   1.471036777171e+00  9.885233246478e-01  9.861131074060e-01  9.321238191487e-01
  1.471036777171e+00  9.885233246478e-01  9.861131074060e-01  9.321238191487e-01   1.469552627695e+00  9.762346708547e-01  9.824298424642e-01  9.314251950401e-01
  1.469552627695e+00  9.762346708547e-01  9.824298424642e-01  9.314251950401e-01   1.466395482361e+00  9.573439700636e-01  9.763079640256e-01  9.304109332486e-01
  1.466395482361e+00  9.573439700636e-01  9.763079640256e-01  9.304109332486e-01   1.464823711990e+00  9.497064155705e-01  9.736803619454e-01  9.300285189968e-01
  1.464823711990e+00  9.497064155705e-01  9.736803619454e-01  9.300285189968e-01   1.463647359575e+00  9.444619784466e-01  9.718267541551e-01  9.297770436361e-01
  1.463647359575e+00  9.444619784466e-01  9.718267541551e-01  9.297770436361e-01   1.452413023099e+00  9.053064151628e-01  9.567824922946e-01  9.282627341423e-01
  1.452413023099e+00  9.053064151628e-01  9.567824922946e-01  9.282627341423e-01   1.451196141225e+00  9.017918991892e-01  9.553333668196e-01  9.281641487821e-01
  1.451196141225e+00  9.017918991892e-01  9.553333668196e-01  9.281641487821e-01   1.436782307166e+00  8.657886126461e-01  9.396345225013e-01  9.275996085790e-01
  1.436782307166e+00  8.657886126461e-01  9.396345225013e-01  9.275996085790e-01   1.434811427980e+00  8.614601000000e-01  9.376483699501e-01  9.275924912756e-01
  1.434811427980e+00  8.614601000000e-01  9.376483699501e-01  9.275924912756e-01   1.424762252162e+00  8.409168852931e-01  9.279588750134e-01  9.277609860266e-01
  1.424762252162e+00  8.409168852931e-01  9.279588750134e-01  9.277609860266e-01   1.415323012376e+00  8.234694058542e-01  9.194134221711e-01  9.281881487605e-01
  1.415323012376e+00  8.234694058542e-01  9.194134221711e-01  9.281881487605e-01   1.413123461324e+00  8.196120164748e-01  9.174882304069e-01  9.283204269240e-01
  1.413123461324e+00  8.196120164748e-01  9.174882304069e-01  9.283204269240e-01   1.410391412675e+00  8.149177193322e-01  9.151288562521e-01  9.285006707134e-01
  1.410391412675e+00  8.149177193322e-01  9.151288562521e-01  9.285006707134e-01   1.401088609485e+00  7.996574941315e-01  9.073416972342e-01  9.292380906312e-01
  1.401088609485e+00  7.996574941315e-01  9.073416972342e-01  9.292380906312e-01   1.393353390326e+00  7.877125981703e-01  9.011328227531e-01  9.299844488220e-01
  1.393353390326e+00  7.877125981703e-01  9.011328227531e-01  9.299844488220e-01   1.384216095701e+00  7.743413251291e-01  8.940808797524e-01  9.310057419479e-01
  1.384216095701e+00  7.743413251291e-01  8.940808797524e-01  9.310057419479e-01   1.369763762376e+00  7.545709759462e-01  8.834965759558e-01  9.328949627212e-01
  1.369763762376e+00  7.545709759462e-01  8.834965759558e-01  9.328949627212e-01   1.358956858540e+00  7.407232479222e-01  8.760031035821e-01  9.345009320000e-01
  1.358956858540e+00  7.407232479222e-01  8.760031035821e-01  9.345009320000e-01   1.345330748819e+00  7.242311941716e-01  8.670336315742e-01  9.367307643119e-01
  1.345330748819e+00  7.242311941716e-01  8.670336315742e-01  9.367307643119e-01   1.338135056144e+00  7.159086910720e-01  8.625030735059e-01  9.379904430822e-01
  1.338135056144e+00  7.159086910720e-01  8.625030735059e-01  9.379904430822e-01   1.326417522121e+00  7.028680188809e-01  8.554191257843e-01  9.401490887851e-01
  1.326417522121e+00  7.028680188809e-01  8.554191257843e-01  9.401490887851e-01   1.322590629784e+00  6.987368501568e-01  8.531826597918e-01  9.408804017222e-01
  1.322590629784e+00  6.987368501568e-01  8.531826597918e-01  9.408804017222e-01   1.320276683349e+00  6.962678633402e-01  8.518485116993e-01  9.413284204525e-01
  1.320276683349e+00  6.962678633402e-01  8.518485116993e-01  9.413284204525e-01   1.307020137408e+00  6.825213239010e-01  8.444649005546e-01  9.439727632029e-01
  1.307020137408e+00  6.825213239010e-01  8.444649005546e-01  9.439727632029e-01   1.294688351640e+00  6.702993597767e-01  8.379860341409e-01  9.465363452293e-01
  1.294688351640e+00  6.702993597767e-01  8.379860341409e-01  9.465363452293e-01   1.287854379375e+00  6.637427373877e-01  8.345542622101e-01  9.479929824380e-01
  1.287854379375e+00  6.637427373877e-01  8.345542622101e-01  9.479929824380e-01   1.268999836067e+00  6.463876768344e-01  8.256615281561e-01  9.521147495630e-01
  1.268999836067e+00  6.463876768344e-01  8.256615281561e-01  9.521147495630e-01   1.252273833557e+00  6.318180818493e-01  8.184658242305e-01  9.558572934143e-01
  1.252273833557e+00  6.318180818493e-01  8.184658242305e-01  9.558572934143e-01   1.243574303839e+00  6.245220136310e-01  8.149757694176e-01  9.578203359360e-01
  1.243574303839e+00  6.245220136310e-01  8.149757694176e-01  9.578203359360e-01   1.229573338340e+00  6.131575918805e-01  8.097154847391e-01  9.609836195923e-01
  1.229573338340e+00  6.131575918805e-01  8.097154847391e-01  9.609836195923e-01   1.218275019457e+00  6.043083199999e-01  8.057862353570e-01  9.635246940867e-01
  1.218275019457e+00  6.043083199999e-01  8.057862353570e-01  9.635246940867e-01   1.211428264761e+00  5.990786152527e-01  8.035401192798e-01  9.650533448849e-01
  1.211428264761e+00  5.990786152527e-01  8.035401192798e-01  9.650533448849e-01   1.195669484853e+00  5.874047147630e-01  7.987503758207e-01  9.685209572598e-01
  1.195669484853e+00  5.874047147630e-01  7.987503758207e-01  9.685209572598e-01   1.193727972469e+00  5.860003294199e-01  7.981963996757e-01  9.689419883598e-01
  1.193727972469e+00  5.860003294199e-01  7.981963996757e-01  9.689419883598e-01   1.192925441236e+00  5.854219344357e-01  7.979697022650e-01  9.691155633886e-01
  1.192925441236e+00  5.854219344357e-01  7.979697022650e-01  9.691155633886e-01   1.190971007340e+00  5.840184943311e-01  7.974232013871e-01  9.695371170133e-01
  1.190971007340e+00  5.840184943311e-01  7.974232013871e-01  9.695371170133e-01   1.167752154526e+00  5.678863218174e-01  7.915254506837e-01  9.743967918052e-01
  1.167752154526e+00  5.678863218174e-01  7.915254506837e-01  9.743967918052e-01   1.144386500424e+00  5.526040676347e-01  7.866564717501e-01  9.789336049350e-01
  1.144386500424e+00  5.526040676347e-01  7.866564717501e-01  9.789336049350e-01   1.142950927874e+00  5.516946721260e-01  7.863907223265e-01  9.791983494331e-01
  1.142950927874e+00  5.516946721260e-01  7.863907223265e-01  9.791983494331e-01   1.142325839346e+00  5.512997358647e-01  7.862761856790e-01  9.793130747341e-01
  1.142325839346e+00  5.512997358647e-01  7.862761856790e-01  9.793130747341e-01   1.137792005497e+00  5.484539996054e-01  7.854666720422e-01  9.801349687186e-01
  1.137792005497e+00  5.484539996054e-01  7.854666720422e-01  9.801349687186e-01   1.120706703333e+00  5.380204719377e-01  7.827430194106e-01  9.830599707825e-01
  1.120706703333e+00  5.380204719377e-01  7.827430194106e-01  9.830599707825e-01   1.118269482506e+00  5.365687051468e-01  7.823953896475e-01  9.834535661571e-01
  1.118269482506e+00  5.365687051468e-01  7.823953896475e-01  9.834535661571e-01   1.099524265692e+00  5.256980346680e-01  7.800459003812e-01  9.862647550636e-01
  1.099524265692e+00  5.256980346680e-01  7.800459003812e-01  9.862647550636e-01   1.093445564115e+00  5.222825809085e-01  7.794023125949e-01  9.870895038554e-01
  1.093445564115e+00  5.222825809085e-01  7.794023125949e-01  9.870895038554e-01   1.084358504274e+00  5.172743501000e-01  7.785424457852e-01  9.882379660860e-01
  1.084358504274e+00  5.172743501000e-01  7.785424457852e-01  9.882379660860e-01   1.068630902855e+00  5.088762794886e-01  7.773279423596e-01  9.899743807985e-01
  1.068630902855e+00  5.088762794886e-01  7.773279423596e-01  9.899743807985e-01   1.052094224971e+00  5.004049642529e-01  7.763950386380e-01  9.914364179796e-01
  1.052094224971e+00  5.004049642529e-01  7.763950386380e-01  9.914364179796e-01   1.043968308575e+00  4.963735661861e-01  7.760543891521e-01  9.920116787495e-01
  1.043968308575e+00  4.963735661861e-01  7.760543891521e-01  9.920116787495e-01   1.037426773766e+00  4.931898968974e-01  7.758321752771e-01  9.924041157634e-01
  1.037426773766e+00  4.931898968974e-01  7.758321752771e-01  9.924041157634e-01   1.019169197327e+00  4.845900188589e-01  7.754351894457e-01  9.931571131313e-01
  1.019169197327e+00  4.845900188589e-01  7.754351894457e-01  9.931571131313e-01   1.010926487245e+00  4.808429679537e-01  7.753527388939e-01  9.933283296567e-01
  1.010926487245e+00  4.808429679537e-01  7.753527388939e-01  9.933283296567e-01   9.939340179479e-01  4.733788478389e-01  7.753442808639e-01  9.933429576934e-01
  9.939340179479e-01  4.733788478389e-01  7.753442808639e-01  9.933429576934e-01   9.773926544727e-01  4.664437167867e-01  7.755095374814e-01  9.929140238535e-01
  9.773926544727e-01  4.664437167867e-01  7.755095374814e-01  9.929140238535e-01   9.683863046763e-01  4.628026251017e-01  7.756566035352e-01  9.924954887466e-01
  9.683863046763e-01  4.628026251017e-01  7.756566035352e-01  9.924954887466e-01   9.510978382260e-01  4.560757243860e-01  7.760225882671e-01  9.913269422286e-01
  9.510978382260e-01  4.560757243860e-01  7.760225882671e-01  9.913269422286e-01   9.426549227684e-01  4.529146523530e-01  7.762302721411e-01  9.905827754464e-01
  9.426549227684e-01  4.529146523530e-01  7.762302721411e-01  9.905827754464e-01   9.311867092047e-01  4.487498735851e-01  7.765307069915e-01  9.893915347791e-01
  9.311867092047e-01  4.487498735851e-01  7.765307069915e-01  9.893915347791e-01   9.164242535630e-01  4.436055601248e-01  7.769300935870e-01  9.875566049719e-01
  9.164242535630e-01  4.436055601248e-01  7.769300935870e-01  9.875566049719e-01   8.950123842988e-01  4.365732608944e-01  7.774864071290e-01  9.843080911860e-01
  8.950123842988e-01  4.365732608944e-01  7.774864071290e-01  9.843080911860e-01   8.893563896146e-01  4.347998341943e-01  7.776208791536e-01  9.833372973348e-01
  8.893563896146e-01  4.347998341943e-01  7.776208791536e-01  9.833372973348e-01   8.857951631857e-01  4.337011790949e-01  7.777016886041e-01  9.827024826786e-01
  8.857951631857e-01  4.337011790949e-01  7.777016886041e-01  9.827024826786e-01   8.688013730839e-01  4.286490186452e-01  7.780360960082e-01  9.794284438553e-01
  8.688013730839e-01  4.286490186452e-01  7.780360960082e-01  9.794284438553e-01   8.628503147330e-01  4.269540612577e-01  7.781293547024e-01  9.781887436128e-01
  8.628503147330e-01  4.269540612577e-01  7.781293547024e-01  9.781887436128e-01   8.615652198154e-01  4.265930919933e-01  7.781476405009e-01  9.779148571183e-01
  8.615652198154e-01  4.265930919933e-01  7.781476405009e-01  9.779148571183e-01   8.391144969715e-01  4.205755972240e-01  7.783460220508e-01  9.727880831125e-01
  8.391144969715e-01  4.205755972240e-01  7.783460220508e-01  9.727880831125e-01   8.331855000000e-01  4.190774878370e-01  7.783557666560e-01  9.713301958610e-01
  8.331855000000e-01  4.190774878370e-01  7.783557666560e-01  9.713301958610e-01   8.183622016678e-01  4.154983830190e-01  7.782913540883e-01  9.675063357242e-01
  8.183622016678e-01  4.154983830190e-01  7.782913540883e-01  9.675063357242e-01   8.038683589438e-01  4.122288356553e-01  7.780949410594e-01  9.635333166323e-01
  8.038683589438e-01  4.122288356553e-01  7.780949410594e-01  9.635333166323e-01   7.884960152500e-01  4.090102489499e-01  7.777292797515e-01  9.590847835380e-01
  7.884960152500e-01  4.090102489499e-01  7.777292797515e-01  9.590847835380e-01   7.732321487816e-01  4.060691859114e-01  7.771943232788e-01  9.544477531376e-01
  7.732321487816e-01  4.060691859114e-01  7.771943232788e-01  9.544477531376e-01   7.570528286212e-01  4.032306338091e-01  7.764293415652e-01  9.493152256550e-01
  7.570528286212e-01  4.032306338091e-01  7.764293415652e-01  9.493152256550e-01   7.414120097475e-01  4.007615923850e-01  7.754874420921e-01  9.441623368342e-01
  7.414120097475e-01  4.007615923850e-01  7.754874420921e-01  9.441623368342e-01   7.346309879071e-01  3.997758323907e-01  7.750154927397e-01  9.418752646084e-01
  7.346309879071e-01  3.997758323907e-01  7.750154927397e-01  9.418752646084e-01   7.175310963735e-01  3.975196244277e-01  7.736508367432e-01  9.359799466926e-01
  7.175310963735e-01  3.975196244277e-01  7.736508367432e-01  9.359799466926e-01   7.112143000156e-01  3.967700188144e-01  7.730827164014e-01  9.337598156792e-01
  7.112143000156e-01  3.967700188144e-01  7.730827164014e-01  9.337598156792e-01   7.085923855115e-01  3.964722664558e-01  7.728366794912e-01  9.328321301449e-01
  7.085923855115e-01  3.964722664558e-01  7.728366794912e-01  9.328321301449e-01   6.906930915810e-01  3.946511941966e-01  7.709958326922e-01  9.264107637961e-01
  6.906930915810e-01  3.946511941966e-01  7.709958326922e-01  9.264107637961e-01   6.744203932313e-01  3.933201601685e-01  7.690772190534e-01  9.204567597015e-01
  6.744203932313e-01  3.933201601685e-01  7.690772190534e-01  9.204567597015e-01   6.689070582767e-01  3.929403660818e-01  7.683741984504e-01  9.184183719249e-01
  6.689070582767e-01  3.929403660818e-01  7.683741984504e-01  9.184183719249e-01   6.385251538679e-01  3.915084523115e-01  7.640220711353e-01  9.070396615854e-01
  6.385251538679e-01  3.915084523115e-01  7.640220711353e-01  9.070396615854e-01   6.306902137556e-01  3.913245097650e-01  7.627697926344e-01  9.040754408588e-01
  6.306902137556e-01  3.913245097650e-01  7.627697926344e-01  9.040754408588e-01   6.191449575845e-01  3.911955825605e-01  7.608289486922e-01  8.996935832394e-01
  6.191449575845e-01  3.911955825605e-01  7.608289486922e-01  8.996935832394e-01   6.086906999717e-01  3.912274403698e-01  7.589745563246e-01  8.957165182436e-01
  6.086906999717e-01  3.912274403698e-01  7.589745563246e-01  8.957165182436e-01   6.011828526872e-01  3.913390207089e-01  7.575867702228e-01  8.928577400684e-01
  6.011828526872e-01  3.913390207089e-01  7.575867702228e-01  8.928577400684e-01   5.858765098973e-01  3.918011661254e-01  7.546150795321e-01  8.870308517062e-01
  5.858765098973e-01  3.918011661254e-01  7.546150795321e-01  8.870308517062e-01   5.627855271435e-01  3.931136086473e-01  7.497812298842e-01  8.782712776923e-01
  5.627855271435e-01  3.931136086473e-01  7.497812298842e-01  8.782712776923e-01   5.612222677053e-01  3.932300082502e-01  7.494391753282e-01  8.776806023960e-01
  5.612222677053e-01  3.932300082502e-01  7.494391753282e-01  8.776806023960e-01   5.231652372130e-01  3.971990553416e-01  7.405640998167e-01  8.634523427087e-01
  5.231652372130e-01  3.971990553416e-01  7.405640998167e-01  8.634523427087e-01   5.218968166109e-01  3.973703028191e-01  7.402509121097e-01  8.629843818410e-01
  5.218968166109e-01  3.973703028191e-01  7.402509121097e-01  8.629843818410e-01   4.822381559377e-01  4.040966166868e-01  7.299448031069e-01  8.486329576901e-01
  4.822381559377e-01  4.040966166868e-01  7.299448031069e-01  8.486329576901e-01   4.803164574457e-01  4.044933916746e-01  7.294216489786e-01  8.479533250351e-01
  4.803164574457e-01  4.044933916746e-01  7.294216489786e-01  8.479533250351e-01   4.780676271331e-01  4.049664373963e-01  7.288068329432e-01  8.471600735181e-01
  4.780676271331e-01  4.049664373963e-01  7.288068329432e-01  8.471600735181e-01   4.581378990864e-01  4.095840761070e-01  7.232414140349e-01  8.402347068546e-01
  8.283391859689e-01  8.572075820006e-01  1.157383629291e+00  1.216609346318e+00   8.280697151767e-01  8.575346202404e-01  1.183435445593e+00  1.184863033138e+00
  8.280697151767e-01  8.575346202404e-01  1.183435445593e+00  1.184863033138e+00   8.278224107372e-01  8.578787822011e-01  1.207886922436e+00  1.150720868421e+00
  8.278224107372e-01  8.578787822011e-01  1.207886922436e+00  1.150720868421e+00   8.274018413527e-01  8.586058903582e-01  1.250437536902e+00  1.076977113700e+00
  8.274018413527e-01  8.586058903582e-01  1.250437536902e+00  1.076977113700e+00   8.272268193822e-01  8.589919336742e-01  1.268354899166e+00  1.037446527345e+00
  8.272268193822e-01  8.589919336742e-01  1.268354899166e+00  1.037446527345e+00   8.270777266060e-01  8.593887080667e-01  1.283606036408e+00  9.969126427386e-01
  8.270777266060e-01  8.593887080667e-01  1.283606036408e+00  9.969126427386e-01   8.268612074920e-01  8.602002687063e-01  1.305489436168e+00  9.153557844963e-01
  8.268612074920e-01  8.602002687063e-01  1.305489436168e+00  9.153557844963e-01   8.267928243910e-01  8.606184882898e-01  1.312251020030e+00  8.744782394537e-01
  8.267928243910e-01  8.606184882898e-01  1.312251020030e+00  8.744782394537e-01   8.267522084922e-01  8.610402589748e-01  1.316213748877e+00  8.342646870144e-01
  8.267522084922e-01  8.610402589748e-01  1.316213748877e+00  8.342646870144e-01   8.267542369526e-01  8.618798086465e-01  1.316268844944e+00  7.575957225968e-01
  8.267542369526e-01  8.618798086465e-01  1.316268844944e+00  7.575957225968e-01   8.267968210035e-01  8.623011855462e-01  1.312667210752e+00  7.208836422288e-01
  8.267968210035e-01  8.623011855462e-01  1.312667210752e+00  7.208836422288e-01   8.268670200852e-01  8.627187733955e-01  1.306856343706e+00  6.856643462107e-01
  8.268670200852e-01  8.627187733955e-01  1.306856343706e+00  6.856643462107e-01   8.270864444375e-01  8.635285353655e-01  1.289459640365e+00  6.205410535818e-01
  8.270864444375e-01  8.635285353655e-01  1.289459640365e+00  6.205410535818e-01   8.272365611065e-01  8.639242311714e-01  1.278035213275e+00  5.901521860502e-01
  8.272365611065e-01  8.639242311714e-01  1.278035213275e+00  5.901521860502e-01   8.274122774347e-01  8.643091594821e-01  1.265023360479e+00  5.614277769069e-01
  8.274122774347e-01  8.643091594821e-01  1.265023360479e+00  5.614277769069e-01   8.278332494623e-01  8.650341800080e-01  1.235015635984e+00  5.093795589485e-01
  8.278332494623e-01  8.650341800080e-01  1.235015635984e+00  5.093795589485e-01   8.280803033521e-01  8.653774551668e-01  1.217975768069e+00  4.855841852236e-01
  8.280803033521e-01  8.653774551668e-01  1.217975768069e+00  4.855841852236e-01   8.283492644354e-01  8.657037743999e-01  1.199783132891e+00  4.634153390228e-01
  8.283492644354e-01  8.657037743999e-01  1.199783132891e+00  4.634153390228e-01   8.289427176482e-01  8.662953189563e-01  1.160612702337e+00  4.242152619654e-01
  8.289427176482e-01  8.662953189563e-01  1.160612702337e+00  4.242152619654e-01   8.292697903701e-01  8.665631521424e-01  1.139432813569e+00  4.068248290628e-01
  8.292697903701e-01  8.665631521424e-01  1.139432813569e+00  4.068248290628e-01   8.296136558959e-01  8.668090022305e-01  1.117376571672e+00  3.910216785210e-01
  8.296136558959e-01  8.668090022305e-01  1.117376571672e+00  3.910216785210e-01   8.303393226320e-01  8.672274823621e-01  1.071250431124e+00  3.643836971455e-01
  8.303393226320e-01  8.672274823621e-01  1.071250431124e+00  3.643836971455e-01   8.307243032689e-01  8.674019545279e-01  1.046871341951e+00  3.533334035511e-01
  8.307243032689e-01  8.674019545279e-01  1.046871341951e+00  3.533334035511e-01   8.311198706160e-01  8.675508817545e-01  1.021797438152e+00  3.439008572229e-01
  8.311198706160e-01  8.675508817545e-01  1.021797438152e+00  3.439008572229e-01   8.319288843923e-01  8.677682499193e-01  9.701696740219e-01  3.300759278679e-01
  8.319288843923e-01  8.677682499193e-01  9.701696740219e-01  3.300759278679e-01   8.323458816791e-01  8.678376343140e-01  9.432398528561e-01  3.256284387658e-01
  8.323458816791e-01  8.678376343140e-01  9.432398528561e-01  3.256284387658e-01   8.327665592118e-01  8.678795970310e-01  9.157582274564e-01  3.229288191144e-01
  8.327665592118e-01  8.678795970310e-01  9.157582274564e-01  3.229288191144e-01   8.336045374167e-01  8.678810776844e-01  8.597806842426e-01  3.229522037599e-01
  8.336045374167e-01  8.678810776844e-01  8.597806842426e-01  3.229522037599e-01   8.340255053506e-01  8.678405740963e-01  8.308828120187e-01  3.257994265951e-01
  8.340255053506e-01  8.678405740963e-01  8.308828120187e-01  3.257994265951e-01   8.344429782696e-01  8.677725804403e-01  8.016007078246e-01  3.306439882420e-01
  8.344429782696e-01  8.677725804403e-01  8.016007078246e-01  3.306439882420e-01   8.352534217374e-01  8.675576410620e-01  7.426341532490e-01  3.464845534938e-01
  8.352534217374e-01  8.675576410620e-01  7.426341532490e-01  3.464845534938e-01   8.356499110172e-01  8.674097145010e-01  7.125848140400e-01  3.577975342349e-01
  8.356499110172e-01  8.674097145010e-01  7.125848140400e-01  3.577975342349e-01   8.360359096845e-01  8.672360585625e-01  6.824481696633e-01  3.714661987731e-01
  8.360359096845e-01  8.672360585625e-01  6.824481696633e-01  3.714661987731e-01   8.367637361265e-01  8.668185744016e-01  6.229073467549e-01  4.059032577245e-01
  8.367637361265e-01  8.668185744016e-01  6.229073467549e-01  4.059032577245e-01   8.371086791085e-01  8.665728865563e-01  5.932894948436e-01  4.271317685006e-01
  8.371086791085e-01  8.665728865563e-01  5.932894948436e-01  4.271317685006e-01   8.374367600116e-01  8.663049803855e-01  5.641964528654e-01  4.510261538896e-01
  8.374367600116e-01  8.663049803855e-01  5.641964528654e-01  4.510261538896e-01   8.380318140311e-01  8.657126179994e-01  5.089873707091e-01  5.063108536820e-01
  8.380318140311e-01  8.657126179994e-01  5.089873707091e-01  5.063108536820e-01   8.383012848233e-01  8.653855797596e-01  4.829355544071e-01  5.380571668618e-01
  8.383012848233e-01  8.653855797596e-01  4.829355544071e-01  5.380571668618e-01   8.385485892628e-01  8.650414177989e-01  4.584840775642e-01  5.721993315787e-01
  8.385485892628e-01  8.650414177989e-01  4.584840775642e-01  5.721993315787e-01   8.389691586473e-01  8.643143096418e-01  4.159334630980e-01  6.459430862998e-01
  8.389691586473e-01  8.643143096418e-01  4.159334630980e-01  6.459430862998e-01   8.391441806178e-01  8.639282663258e-01  3.980161008340e-01  6.854736726548e-01
  8.391441806178e-01  8.639282663258e-01  3.980161008340e-01  6.854736726548e-01   8.392932733940e-01  8.635314919333e-01  3.827649635920e-01  7.260075572614e-01
  8.392932733940e-01  8.635314919333e-01  3.827649635920e-01  7.260075572614e-01   8.395097925080e-01  8.627199312937e-01  3.608815638321e-01  8.075644155037e-01
  8.395097925080e-01  8.627199312937e-01  3.608815638321e-01  8.075644155037e-01   8.395781756090e-01  8.623017117102e-01  3.541199799703e-01  8.484419605463e-01
  8.395781756090e-01  8.623017117102e-01  3.541199799703e-01  8.484419605463e-01   8.396187915078e-01  8.618799410252e-01  3.501572511232e-01  8.886555129856e-01
  8.396187915078e-01  8.618799410252e-01  3.501572511232e-01  8.886555129856e-01   8.396167630474e-01  8.610403913535e-01  3.501021550561e-01  9.653244774032e-01
  8.396167630474e-01  8.610403913535e-01  3.501021550561e-01  9.653244774032e-01   8.395741789965e-01  8.606190144538e-01  3.537037892479e-01  1.002036557771e+00
  8.395741789965e-01  8.606190144538e-01  3.537037892479e-01  1.002036557771e+00   8.395039799148e-01  8.602014266045e-01  3.595146562940e-01  1.037255853789e+00
  8.395039799148e-01  8.602014266045e-01  3.595146562940e-01  1.037255853789e+00   8.392845555625e-01  8.593916646345e-01  3.769113596350e-01  1.102379146418e+00
  8.392845555625e-01  8.593916646345e-01  3.769113596350e-01  1.102379146418e+00   8.391344388935e-01  8.589959688286e-01  3.883357867245e-01  1.132768013950e+00
  8.391344388935e-01  8.589959688286e-01  3.883357867245e-01  1.132768013950e+00   8.389587225653e-01  8.586110405179e-01  4.013476395212e-01  1.161492423093e+00
  8.389587225653e-01  8.586110405179e-01  4.013476395212e-01  1.161492423093e+00   8.385377505377e-01  8.578860199920e-01  4.313553640157e-01  1.213540641052e+00
  8.385377505377e-01  8.578860199920e-01  4.313553640157e-01  1.213540641052e+00   8.382906966479e-01  8.575427448332e-01  4.483952319305e-01  1.237336014776e+00
  8.382906966479e-01  8.575427448332e-01  4.483952319305e-01  1.237336014776e+00   8.380217355646e-01  8.572164256001e-01  4.665878671092e-01  1.259504860977e+00
  8.380217355646e-01  8.572164256001e-01  4.665878671092e-01  1.259504860977e+00   8.374282823518e-01  8.566248810437e-01  5.057582976628e-01  1.298704938035e+00
  8.374282823518e-01  8.566248810437e-01  5.057582976628e-01  1.298704938035e+00   8.371012096299e-01  8.563570478576e-01  5.269381864311e-01  1.316095370937e+00
  8.371012096299e-01  8.563570478576e-01  5.269381864311e-01  1.316095370937e+00   8.367573441041e-01  8.561111977695e-01  5.489944283281e-01  1.331898521479e+00
  8.367573441041e-01  8.561111977695e-01  5.489944283281e-01  1.331898521479e+00   8.360316773680e-01  8.556927176379e-01  5.951205688758e-01  1.358536502855e+00
  8.360316773680e-01  8.556927176379e-01  5.951205688758e-01  1.358536502855e+00   8.356466967311e-01  8.555182454721e-01  6.194996580495e-01  1.369586796449e+00
  8.356466967311e-01  8.555182454721e-01  6.194996580495e-01  1.369586796449e+00   8.352511293840e-01  8.553693182455e-01  6.445735618481e-01  1.379019342777e+00
  8.352511293840e-01  8.553693182455e-01  6.445735618481e-01  1.379019342777e+00   8.344421156077e-01  8.551519500807e-01  6.962013259781e-01  1.392844272132e+00
  8.344421156077e-01  8.551519500807e-01  6.962013259781e-01  1.392844272132e+00   8.340251183209e-01  8.550825656860e-01  7.231311471439e-01  1.397291761234e+00
  8.340251183209e-01  8.550825656860e-01  7.231311471439e-01  1.397291761234e+00   8.336044407882e-01  8.550406029690e-01  7.506127725436e-01  1.399991380886e+00
  8.336044407882e-01  8.550406029690e-01  7.506127725436e-01  1.399991380886e+00   8.327664625833e-01  8.550391223156e-01  8.065903157574e-01  1.399967996240e+00
  8.327664625833e-01  8.550391223156e-01  8.065903157574e-01  1.399967996240e+00   8.323454946494e-01  8.550796259037e-01  8.354881879813e-01  1.397120773405e+00
  8.323454946494e-01  8.550796259037e-01  8.354881879813e-01  1.397120773405e+00   8.319280217304e-01  8.551476195597e-01  8.647702921754e-01  1.392276211758e+00
  8.319280217304e-01  8.551476195597e-01  8.647702921754e-01  1.392276211758e+00   8.311175782626e-01  8.553625589380e-01  9.237368467510e-01  1.376435646506e+00
  8.311175782626e-01  8.553625589380e-01  9.237368467510e-01  1.376435646506e+00   8.307210889828e-01  8.555104854990e-01  9.537861859600e-01  1.365122665765e+00
  8.307210889828e-01  8.555104854990e-01  9.537861859600e-01  1.365122665765e+00   8.303350903155e-01  8.556841414375e-01  9.839228303367e-01  1.351454001227e+00
  8.303350903155e-01  8.556841414375e-01  9.839228303367e-01  1.351454001227e+00   8.296072638735e-01  8.561016255984e-01  1.043463653245e+00  1.317016942276e+00
  8.296072638735e-01  8.561016255984e-01  1.043463653245e+00  1.317016942276e+00   8.292623208915e-01  8.563473134437e-01  1.073081505156e+00  1.295788431499e+00
  8.292623208915e-01  8.563473134437e-01  1.073081505156e+00  1.295788431499e+00   8.289342399884e-01  8.566152196145e-01  1.102174547135e+00  1.271894046110e+00
  8.289342399884e-01  8.566152196145e-01  1.102174547135e+00  1.271894046110e+00   8.283391859689e-01  8.572075820006e-01  1.157383629291e+00  1.216609346318e+00
