#
# Columns: x1 y1 u1 v1 x2 y2 u2 v2
#
# To plot the image plane curves, connect each (x1,y1)
# to the (x2,y2) on the same line -- do *not* connect
# consecutive lines!
#
# To plot the source plane curves, do the same for
# (u1,v1) and (u2,v2).
#
  4.613702030566e-01  4.377267517084e-01  7.548792907420e-01  8.404464488358e-01   4.672418549016e-01  4.350933947793e-01  7.560979868452e-01  8.418507662915e-01
  4.672418549016e-01  4.350933947793e-01  7.560979868452e-01  8.418507662915e-01   4.794868566626e-01  4.299126096465e-01  7.586037451372e-01  8.448383780076e-01
  4.794868566626e-01  4.299126096465e-01  7.586037451372e-01  8.448383780076e-01   4.910931635344e-01  4.253711164854e-01  7.609292142583e-01  8.477385034306e-01
  4.910931635344e-01  4.253711164854e-01  7.609292142583e-01  8.477385034306e-01   4.969139214163e-01  4.232224466243e-01  7.620756311759e-01  8.492161298208e-01
  4.969139214163e-01  4.232224466243e-01  7.620756311759e-01  8.492161298208e-01   5.189525611291e-01  4.158236292229e-01  7.662840154155e-01  8.549361596330e-01
  5.189525611291e-01  4.158236292229e-01  7.662840154155e-01  8.549361596330e-01   5.328622222475e-01  4.117204687540e-01  7.688231429629e-01  8.586359560948e-01
  5.328622222475e-01  4.117204687540e-01  7.688231429629e-01  8.586359560948e-01   5.394787289169e-01  4.099144123766e-01  7.699968344917e-01  8.604167683935e-01
  5.394787289169e-01  4.099144123766e-01  7.699968344917e-01  8.604167683935e-01   5.685153614829e-01  4.030379728421e-01  7.748696602781e-01  8.683609637852e-01
  5.685153614829e-01  4.030379728421e-01  7.748696602781e-01  8.683609637852e-01   5.794923937388e-01  4.008622935273e-01  7.765875933469e-01  8.714068728749e-01
  5.794923937388e-01  4.008622935273e-01  7.765875933469e-01  8.714068728749e-01   6.038831539624e-01  3.968108054693e-01  7.801464743033e-01  8.782256637802e-01
  6.038831539624e-01  3.968108054693e-01  7.801464743033e-01  8.782256637802e-01   6.046868292588e-01  3.966951100633e-01  7.802575140293e-01  8.784510934193e-01
  6.046868292588e-01  3.966951100633e-01  7.802575140293e-01  8.784510934193e-01   6.064821534485e-01  3.964406877713e-01  7.805041124200e-01  8.789547895705e-01
  6.064821534485e-01  3.964406877713e-01  7.805041124200e-01  8.789547895705e-01   6.290090809666e-01  3.937105813845e-01  7.834247561982e-01  8.852779980050e-01
  6.290090809666e-01  3.937105813845e-01  7.834247561982e-01  8.852779980050e-01   6.390449342964e-01  3.927633132715e-01  7.846208154769e-01  8.880899705194e-01
  6.390449342964e-01  3.927633132715e-01  7.846208154769e-01  8.880899705194e-01   6.723258955510e-01  3.907589933514e-01  7.881141296948e-01  8.973335356967e-01
  6.723258955510e-01  3.907589933514e-01  7.881141296948e-01  8.973335356967e-01   6.735379405763e-01  3.907181316670e-01  7.882275301008e-01  8.976666327801e-01
  6.735379405763e-01  3.907181316670e-01  7.882275301008e-01  8.976666327801e-01   6.743339065497e-01  3.906924919262e-01  7.883014686173e-01  8.978852010625e-01
  6.743339065497e-01  3.906924919262e-01  7.883014686173e-01  8.978852010625e-01   7.069789602337e-01  3.904508813445e-01  7.909729246600e-01  9.067077832294e-01
  7.069789602337e-01  3.904508813445e-01  7.909729246600e-01  9.067077832294e-01   7.179078431797e-01  3.907164241699e-01  7.917109286995e-01  9.095856599462e-01
  7.179078431797e-01  3.907164241699e-01  7.917109286995e-01  9.095856599462e-01   7.396161891354e-01  3.917466592744e-01  7.929491259236e-01  9.151587380003e-01
  7.396161891354e-01  3.917466592744e-01  7.929491259236e-01  9.151587380003e-01   7.431270720775e-01  3.919753827974e-01  7.931214332619e-01  9.160400210797e-01
  7.431270720775e-01  3.919753827974e-01  7.931214332619e-01  9.160400210797e-01   7.536548078081e-01  3.927638475952e-01  7.935925180443e-01  9.186456369042e-01
  7.536548078081e-01  3.927638475952e-01  7.935925180443e-01  9.186456369042e-01   7.672501848713e-01  3.940082145804e-01  7.941018776569e-01  9.219223164329e-01
  7.672501848713e-01  3.940082145804e-01  7.941018776569e-01  9.219223164329e-01   7.717052295158e-01  3.944710826182e-01  7.942451363727e-01  9.229728906577e-01
  7.717052295158e-01  3.944710826182e-01  7.942451363727e-01  9.229728906577e-01   7.810877139705e-01  3.955343945262e-01  7.945097408097e-01  9.251456826160e-01
  7.810877139705e-01  3.955343945262e-01  7.945097408097e-01  9.251456826160e-01   8.029709829035e-01  3.984781983618e-01  7.949399130727e-01  9.299877644435e-01
  8.029709829035e-01  3.984781983618e-01  7.949399130727e-01  9.299877644435e-01   8.317003817947e-01  4.033222861876e-01  7.951432189405e-01  9.358086235076e-01
  8.317003817947e-01  4.033222861876e-01  7.951432189405e-01  9.358086235076e-01   8.331855000000e-01  4.036028183244e-01  7.951436780315e-01  9.360915029262e-01
  8.331855000000e-01  4.036028183244e-01  7.951436780315e-01  9.360915029262e-01   8.593420592236e-01  4.090289155639e-01  7.950122537587e-01  9.407586441591e-01
  8.593420592236e-01  4.090289155639e-01  7.950122537587e-01  9.407586441591e-01   8.626622292569e-01  4.097834400077e-01  7.949785376691e-01  9.413066678650e-01
  8.626622292569e-01  4.097834400077e-01  7.949785376691e-01  9.413066678650e-01   8.846751038966e-01  4.151622170821e-01  7.946770109388e-01  9.446713252424e-01
  8.846751038966e-01  4.151622170821e-01  7.946770109388e-01  9.446713252424e-01   8.916976407152e-01  4.170162665180e-01  7.945570714211e-01  9.456430600079e-01
  8.916976407152e-01  4.170162665180e-01  7.945570714211e-01  9.456430600079e-01   9.019133674069e-01  4.198333666520e-01  7.943673725181e-01  9.469655173402e-01
  9.019133674069e-01  4.198333666520e-01  7.943673725181e-01  9.469655173402e-01   9.200907079776e-01  4.252001352856e-01  7.940002087559e-01  9.490435764517e-01
  9.200907079776e-01  4.252001352856e-01  7.940002087559e-01  9.490435764517e-01   9.386170553848e-01  4.311418162594e-01  7.936147162171e-01  9.507867916629e-01
  9.386170553848e-01  4.311418162594e-01  7.936147162171e-01  9.507867916629e-01   9.476644556601e-01  4.342188210791e-01  7.934328101058e-01  9.514968270532e-01
  9.476644556601e-01  4.342188210791e-01  7.934328101058e-01  9.514968270532e-01   9.546999869920e-01  4.366920319018e-01  7.932980040769e-01  9.519838222681e-01
  9.546999869920e-01  4.366920319018e-01  7.932980040769e-01  9.519838222681e-01   9.747220865139e-01  4.441207334155e-01  7.929658402074e-01  9.530536924515e-01
  9.747220865139e-01  4.441207334155e-01  7.929658402074e-01  9.530536924515e-01   9.830059558073e-01  4.473656378945e-01  7.928592639712e-01  9.533582557346e-01
  9.830059558073e-01  4.473656378945e-01  7.928592639712e-01  9.533582557346e-01   1.001546906388e+00  4.549997093189e-01  7.927110348410e-01  9.537450762668e-01
  1.001546906388e+00  4.549997093189e-01  7.927110348410e-01  9.537450762668e-01   1.020425184870e+00  4.633126272425e-01  7.927239321975e-01  9.537203481371e-01
  1.020425184870e+00  4.633126272425e-01  7.927239321975e-01  9.537203481371e-01   1.027956040504e+00  4.667847039379e-01  7.927852410726e-01  9.535933766477e-01
  1.027956040504e+00  4.667847039379e-01  7.927852410726e-01  9.535933766477e-01   1.048526317041e+00  4.767353285305e-01  7.931469839472e-01  9.529110934337e-01
  1.048526317041e+00  4.767353285305e-01  7.931469839472e-01  9.529110934337e-01   1.053775719984e+00  4.793866313347e-01  7.932900657789e-01  9.526594962909e-01
  1.053775719984e+00  4.793866313347e-01  7.932900657789e-01  9.526594962909e-01   1.060044232108e+00  4.826136963338e-01  7.934906528091e-01  9.523185206040e-01
  1.060044232108e+00  4.826136963338e-01  7.934906528091e-01  9.523185206040e-01   1.079273999084e+00  4.929380471635e-01  7.943253310969e-01  9.510033113306e-01
  1.079273999084e+00  4.929380471635e-01  7.943253310969e-01  9.510033113306e-01   1.092569971977e+00  5.004635976187e-01  7.951153165270e-01  9.498643489946e-01
  1.092569971977e+00  5.004635976187e-01  7.951153165270e-01  9.498643489946e-01   1.104699442890e+00  5.076162405452e-01  7.960036275231e-01  9.486691125226e-01
  1.104699442890e+00  5.076162405452e-01  7.960036275231e-01  9.486691125226e-01   1.113383868599e+00  5.129114706377e-01  7.967449162625e-01  9.477256672346e-01
  1.113383868599e+00  5.129114706377e-01  7.967449162625e-01  9.477256672346e-01   1.129852707817e+00  5.233680679349e-01  7.984093373757e-01  9.457464538873e-01
  1.129852707817e+00  5.233680679349e-01  7.984093373757e-01  9.457464538873e-01   1.135756251073e+00  5.272533620005e-01  7.990930200629e-01  9.449794998694e-01
  1.135756251073e+00  5.272533620005e-01  7.990930200629e-01  9.449794998694e-01   1.154531202071e+00  5.401143979292e-01  8.015936233527e-01  9.423546947069e-01
  1.154531202071e+00  5.401143979292e-01  8.015936233527e-01  9.423546947069e-01   1.165348089531e+00  5.478891030388e-01  8.032720283923e-01  9.407245002205e-01
  1.165348089531e+00  5.478891030388e-01  8.032720283923e-01  9.407245002205e-01   1.178945643458e+00  5.580643183617e-01  8.056437838896e-01  9.385668635435e-01
  1.178945643458e+00  5.580643183617e-01  8.056437838896e-01  9.385668635435e-01   1.188075943718e+00  5.651607665642e-01  8.074074122492e-01  9.370575975068e-01
  1.188075943718e+00  5.651607665642e-01  8.074074122492e-01  9.370575975068e-01   1.203278748861e+00  5.774775620798e-01  8.106638001931e-01  9.344522077517e-01
  1.203278748861e+00  5.774775620798e-01  8.106638001931e-01  9.344522077517e-01   1.210655819101e+00  5.836922662443e-01  8.123935250113e-01  9.331525310011e-01
  1.210655819101e+00  5.836922662443e-01  8.123935250113e-01  9.331525310011e-01   1.227270169535e+00  5.983016157477e-01  8.166638451153e-01  9.301598169613e-01
  1.227270169535e+00  5.983016157477e-01  8.166638451153e-01  9.301598169613e-01   1.229203398865e+00  6.000595836315e-01  8.171954600047e-01  9.298068728421e-01
  1.229203398865e+00  6.000595836315e-01  8.171954600047e-01  9.298068728421e-01   1.236838270551e+00  6.071272066924e-01  8.193678500715e-01  9.284059260496e-01
  1.236838270551e+00  6.071272066924e-01  8.193678500715e-01  9.284059260496e-01   1.247950697068e+00  6.177872174094e-01  8.227426337482e-01  9.263526474178e-01
  1.247950697068e+00  6.177872174094e-01  8.227426337482e-01  9.263526474178e-01   1.250643636936e+00  6.204405322647e-01  8.235994191301e-01  9.258536533986e-01
  1.250643636936e+00  6.204405322647e-01  8.235994191301e-01  9.258536533986e-01   1.259072771617e+00  6.289321207187e-01  8.263820940861e-01  9.242912507599e-01
  1.259072771617e+00  6.289321207187e-01  8.263820940861e-01  9.242912507599e-01   1.273499052899e+00  6.441673334763e-01  8.315107591989e-01  9.216283216364e-01
  1.273499052899e+00  6.441673334763e-01  8.315107591989e-01  9.216283216364e-01   1.285127622516e+00  6.571597639987e-01  8.359968430187e-01  9.195087819165e-01
  1.285127622516e+00  6.571597639987e-01  8.359968430187e-01  9.195087819165e-01   1.295879031057e+00  6.698061642140e-01  8.404391703377e-01  9.175857223210e-01
  1.295879031057e+00  6.698061642140e-01  8.404391703377e-01  9.175857223210e-01   1.306862370187e+00  6.834315752676e-01  8.452857183010e-01  9.156722955317e-01
  1.306862370187e+00  6.834315752676e-01  8.452857183010e-01  9.156722955317e-01   1.317388012323e+00  6.972475280192e-01  8.502405768911e-01  9.139019150402e-01
  1.317388012323e+00  6.972475280192e-01  8.502405768911e-01  9.139019150402e-01   1.321729922907e+00  7.031877023658e-01  8.523778316201e-01  9.131933648638e-01
  1.321729922907e+00  7.031877023658e-01  8.523778316201e-01  9.131933648638e-01   1.333636307745e+00  7.202957090375e-01  8.585370066883e-01  9.113282997826e-01
  1.333636307745e+00  7.202957090375e-01  8.585370066883e-01  9.113282997826e-01   1.336600741844e+00  7.247610476439e-01  8.601421759974e-01  9.108839938687e-01
  1.336600741844e+00  7.247610476439e-01  8.601421759974e-01  9.108839938687e-01   1.337609054441e+00  7.263002159443e-01  8.606949859180e-01  9.107348761998e-01
  1.337609054441e+00  7.263002159443e-01  8.606949859180e-01  9.107348761998e-01   1.343024889462e+00  7.347542643132e-01  8.637254146609e-01  9.099524266989e-01
  1.343024889462e+00  7.347542643132e-01  8.637254146609e-01  9.099524266989e-01   1.356433904154e+00  7.572263516276e-01  8.717074634316e-01  9.081671281749e-01
  1.356433904154e+00  7.572263516276e-01  8.717074634316e-01  9.081671281749e-01   1.362607465438e+00  7.684523602818e-01  8.756385640910e-01  9.074304106060e-01
  1.362607465438e+00  7.684523602818e-01  8.756385640910e-01  9.074304106060e-01   1.373648398268e+00  7.903068095897e-01  8.831457559754e-01  9.062774079007e-01
  1.373648398268e+00  7.903068095897e-01  8.831457559754e-01  9.062774079007e-01   1.379785604861e+00  8.036956919961e-01  8.876308618432e-01  9.057452303560e-01
  1.379785604861e+00  8.036956919961e-01  8.876308618432e-01  9.057452303560e-01   1.388666051199e+00  8.252090574612e-01  8.946221778648e-01  9.051475990195e-01
  1.388666051199e+00  8.252090574612e-01  8.946221778648e-01  9.051475990195e-01   1.389669962709e+00  8.278404436215e-01  8.954573256740e-01  9.050951199133e-01
  1.389669962709e+00  8.278404436215e-01  8.954573256740e-01  9.050951199133e-01   1.392139101070e+00  8.345225257416e-01  8.975571529496e-01  9.049810816590e-01
  1.392139101070e+00  8.345225257416e-01  8.975571529496e-01  9.049810816590e-01   1.398741200986e+00  8.541899030423e-01  9.035533070660e-01  9.047976626363e-01
  1.398741200986e+00  8.541899030423e-01  9.035533070660e-01  9.047976626363e-01   1.400930936575e+00  8.614601000000e-01  9.056959627931e-01  9.047838644222e-01
  1.400930936575e+00  8.614601000000e-01  9.056959627931e-01  9.047838644222e-01   1.408783866793e+00  8.926240479256e-01  9.143865746128e-01  9.050163888632e-01
  1.408783866793e+00  8.926240479256e-01  9.143865746128e-01  9.050163888632e-01   1.410104680886e+00  8.991102422464e-01  9.160883392441e-01  9.051179563087e-01
  1.410104680886e+00  8.991102422464e-01  9.160883392441e-01  9.051179563087e-01   1.410964464425e+00  9.036497204777e-01  9.172562493832e-01  9.051986954089e-01
  1.410964464425e+00  9.036497204777e-01  9.172562493832e-01  9.051986954089e-01   1.415743391486e+00  9.381553014034e-01  9.254791303978e-01  9.060346954707e-01
  1.415743391486e+00  9.381553014034e-01  9.254791303978e-01  9.060346954707e-01   1.416865236709e+00  9.536845926105e-01  9.287802964922e-01  9.065122158076e-01
  1.416865236709e+00  9.536845926105e-01  9.287802964922e-01  9.065122158076e-01   1.417304752385e+00  9.778196315136e-01  9.333824082583e-01  9.073317487068e-01
  1.417304752385e+00  9.778196315136e-01  9.333824082583e-01  9.073317487068e-01   1.417117480993e+00  9.851319020488e-01  9.346443190004e-01  9.075909965759e-01
  1.417117480993e+00  9.851319020488e-01  9.346443190004e-01  9.075909965759e-01   1.414467241981e+00  1.017214073339e+00  9.394119596262e-01  9.087279379846e-01
  1.414467241981e+00  1.017214073339e+00  9.394119596262e-01  9.087279379846e-01   1.413094535377e+00  1.026692883102e+00  9.405707679786e-01  9.090480910922e-01
  1.413094535377e+00  1.026692883102e+00  9.405707679786e-01  9.090480910922e-01   1.407028825201e+00  1.056073481688e+00  9.433940960197e-01  9.099230859025e-01
  1.407028825201e+00  1.056073481688e+00  9.433940960197e-01  9.099230859025e-01   1.403106699443e+00  1.070133816075e+00  9.443150996044e-01  9.102471637294e-01
  1.403106699443e+00  1.070133816075e+00  9.443150996044e-01  9.102471637294e-01   1.394789145945e+00  1.094083946829e+00  9.452039372477e-01  9.105902436378e-01
  1.394789145945e+00  1.094083946829e+00  9.452039372477e-01  9.105902436378e-01   1.385499155071e+00  1.115428273956e+00  9.452333823491e-01  9.106002820272e-01
  1.385499155071e+00  1.115428273956e+00  9.452333823491e-01  9.106002820272e-01   1.377898045991e+00  1.130273302090e+00  9.448045899226e-01  9.103948926896e-01
  1.377898045991e+00  1.130273302090e+00  9.448045899226e-01  9.103948926896e-01   1.357862291165e+00  1.162365981291e+00  9.425227458195e-01  9.091668770182e-01
  1.357862291165e+00  1.162365981291e+00  9.425227458195e-01  9.091668770182e-01   1.356844333739e+00  1.163794668623e+00  9.423756302754e-01  9.090822215563e-01
  1.356844333739e+00  1.163794668623e+00  9.423756302754e-01  9.090822215563e-01   1.356234750758e+00  1.164642537263e+00  9.422864094088e-01  9.090306073344e-01
  1.356234750758e+00  1.164642537263e+00  9.422864094088e-01  9.090306073344e-01   1.336946646709e+00  1.188907502432e+00  9.391068678123e-01  9.070710954159e-01
  1.336946646709e+00  1.188907502432e+00  9.391068678123e-01  9.070710954159e-01   1.332545170491e+00  1.193850618618e+00  9.383043430861e-01  9.065431415420e-01
  1.332545170491e+00  1.193850618618e+00  9.383043430861e-01  9.065431415420e-01   1.331940733800e+00  1.194514596879e+00  9.381923720176e-01  9.064684900655e-01
  1.331940733800e+00  1.194514596879e+00  9.381923720176e-01  9.064684900655e-01   1.309914984324e+00  1.216576726159e+00  9.338835170279e-01  9.034220382164e-01
  1.309914984324e+00  1.216576726159e+00  9.338835170279e-01  9.034220382164e-01   1.303484652149e+00  1.222333331867e+00  9.325614942490e-01  9.024223990017e-01
  1.303484652149e+00  1.222333331867e+00  9.325614942490e-01  9.024223990017e-01   1.287825248102e+00  1.235276183573e+00  9.292654378127e-01  8.998025154434e-01
  1.287825248102e+00  1.235276183573e+00  9.292654378127e-01  8.998025154434e-01   1.272311644355e+00  1.246782186207e+00  9.259323038118e-01  8.969699531173e-01
  1.272311644355e+00  1.246782186207e+00  9.259323038118e-01  8.969699531173e-01   1.260235943673e+00  1.254949122835e+00  9.233163209046e-01  8.946171996147e-01
  1.260235943673e+00  1.254949122835e+00  9.233163209046e-01  8.946171996147e-01   1.239366330906e+00  1.267640930906e+00  9.187965838381e-01  8.902766573819e-01
  1.239366330906e+00  1.267640930906e+00  9.187965838381e-01  8.902766573819e-01   1.224119141691e+00  1.275902394022e+00  9.155248932694e-01  8.869074973124e-01
  1.224119141691e+00  1.275902394022e+00  9.155248932694e-01  8.869074973124e-01   1.205000796943e+00  1.285193448292e+00  9.114917092580e-01  8.824737511642e-01
  1.205000796943e+00  1.285193448292e+00  9.114917092580e-01  8.824737511642e-01   1.199129145098e+00  1.287826805221e+00  9.102730131548e-01  8.810694337085e-01
  1.199129145098e+00  1.287826805221e+00  9.102730131548e-01  8.810694337085e-01   1.186884143337e+00  1.293007590353e+00  9.077672548628e-01  8.780818219924e-01
  1.186884143337e+00  1.293007590353e+00  9.077672548628e-01  8.780818219924e-01   1.175277836466e+00  1.297549083515e+00  9.054417857417e-01  8.751816965694e-01
  1.175277836466e+00  1.297549083515e+00  9.054417857417e-01  8.751816965694e-01   1.169457078584e+00  1.299697753376e+00  9.042953688241e-01  8.737040701792e-01
  1.169457078584e+00  1.299697753376e+00  9.042953688241e-01  8.737040701792e-01   1.147418438871e+00  1.307096570777e+00  9.000869845845e-01  8.679840403670e-01
  1.147418438871e+00  1.307096570777e+00  9.000869845845e-01  8.679840403670e-01   1.133508777753e+00  1.311199731246e+00  8.975478570371e-01  8.642842439052e-01
  1.133508777753e+00  1.311199731246e+00  8.975478570371e-01  8.642842439052e-01   1.126892271083e+00  1.313005787623e+00  8.963741655083e-01  8.625034316065e-01
  1.126892271083e+00  1.313005787623e+00  8.963741655083e-01  8.625034316065e-01   1.097855638517e+00  1.319882227158e+00  8.915013397219e-01  8.545592362148e-01
  1.097855638517e+00  1.319882227158e+00  8.915013397219e-01  8.545592362148e-01   1.086878606261e+00  1.322057906473e+00  8.897834066531e-01  8.515133271251e-01
  1.086878606261e+00  1.322057906473e+00  8.897834066531e-01  8.515133271251e-01   1.062487846038e+00  1.326109394531e+00  8.862245256967e-01  8.446945362198e-01
  1.062487846038e+00  1.326109394531e+00  8.862245256967e-01  8.446945362198e-01   1.061684170741e+00  1.326225089937e+00  8.861134859707e-01  8.444691065807e-01
  1.061684170741e+00  1.326225089937e+00  8.861134859707e-01  8.444691065807e-01   1.059888846552e+00  1.326479512229e+00  8.858668875800e-01  8.439654104295e-01
  1.059888846552e+00  1.326479512229e+00  8.858668875800e-01  8.439654104295e-01   1.037361919033e+00  1.329209618616e+00  8.829462438018e-01  8.376422019950e-01
  1.037361919033e+00  1.329209618616e+00  8.829462438018e-01  8.376422019950e-01   1.027326065704e+00  1.330156886728e+00  8.817501845231e-01  8.348302294806e-01
  1.027326065704e+00  1.330156886728e+00  8.817501845231e-01  8.348302294806e-01   9.940451044490e-01  1.332161206649e+00  8.782568703052e-01  8.255866643033e-01
  9.940451044490e-01  1.332161206649e+00  8.782568703052e-01  8.255866643033e-01   9.928330598118e-01  1.332202069477e+00  8.781434702872e-01  8.252535683639e-01
  9.928330598118e-01  1.332202069477e+00  8.781434702872e-01  8.252535683639e-01   9.920370934503e-01  1.332227708074e+00  8.780695313827e-01  8.250349989375e-01
  9.920370934503e-01  1.332227708074e+00  8.780695313827e-01  8.250349989375e-01   9.593920397663e-01  1.332469318655e+00  8.753980753400e-01  8.162124167706e-01
  9.593920397663e-01  1.332469318655e+00  8.753980753400e-01  8.162124167706e-01   9.484631568203e-01  1.332203775830e+00  8.746600713005e-01  8.133345400538e-01
  9.484631568203e-01  1.332203775830e+00  8.746600713005e-01  8.133345400538e-01   9.267548108646e-01  1.331173540726e+00  8.734218740764e-01  8.077614619997e-01
  9.267548108646e-01  1.331173540726e+00  8.734218740764e-01  8.077614619997e-01   9.232439279225e-01  1.330944817203e+00  8.732495667381e-01  8.068801789203e-01
  9.232439279225e-01  1.330944817203e+00  8.732495667381e-01  8.068801789203e-01   9.127161921919e-01  1.330156352405e+00  8.727784819557e-01  8.042745630958e-01
  9.127161921919e-01  1.330156352405e+00  8.727784819557e-01  8.042745630958e-01   8.991208151287e-01  1.328911985420e+00  8.722691223431e-01  8.009978835671e-01
  8.991208151287e-01  1.328911985420e+00  8.722691223431e-01  8.009978835671e-01   8.946657704842e-01  1.328449117382e+00  8.721258636273e-01  7.999473093423e-01
  8.946657704842e-01  1.328449117382e+00  8.721258636273e-01  7.999473093423e-01   8.852832860295e-01  1.327385805474e+00  8.718612591903e-01  7.977745173840e-01
  8.852832860295e-01  1.327385805474e+00  8.718612591903e-01  7.977745173840e-01   8.634000170965e-01  1.324442001638e+00  8.714310869273e-01  7.929324355565e-01
  8.634000170965e-01  1.324442001638e+00  8.714310869273e-01  7.929324355565e-01   8.346706182053e-01  1.319597913812e+00  8.712277810595e-01  7.871115764924e-01
  8.346706182053e-01  1.319597913812e+00  8.712277810595e-01  7.871115764924e-01   8.331855000000e-01  1.319317381676e+00  8.712273219685e-01  7.868286970738e-01
  8.331855000000e-01  1.319317381676e+00  8.712273219685e-01  7.868286970738e-01   8.070289407764e-01  1.313891284436e+00  8.713587462413e-01  7.821615558409e-01
  8.070289407764e-01  1.313891284436e+00  8.713587462413e-01  7.821615558409e-01   8.037087707431e-01  1.313136759992e+00  8.713924623309e-01  7.816135321350e-01
  8.037087707431e-01  1.313136759992e+00  8.713924623309e-01  7.816135321350e-01   7.816958961034e-01  1.307757982918e+00  8.716939890612e-01  7.782488747576e-01
  7.816958961034e-01  1.307757982918e+00  8.716939890612e-01  7.782488747576e-01   7.746733592848e-01  1.305903933482e+00  8.718139285789e-01  7.772771399921e-01
  7.746733592848e-01  1.305903933482e+00  8.718139285789e-01  7.772771399921e-01   7.644576321862e-01  1.303086832963e+00  8.720036275307e-01  7.759546823463e-01
  7.644576321862e-01  1.303086832963e+00  8.720036275307e-01  7.759546823463e-01   7.462802920224e-01  1.297720064714e+00  8.723707912441e-01  7.738766235483e-01
  7.462802920224e-01  1.297720064714e+00  8.723707912441e-01  7.738766235483e-01   7.277539446152e-01  1.291778383741e+00  8.727562837829e-01  7.721334083371e-01
  7.277539446152e-01  1.291778383741e+00  8.727562837829e-01  7.721334083371e-01   7.187065443399e-01  1.288701378921e+00  8.729381898942e-01  7.714233729468e-01
  7.187065443399e-01  1.288701378921e+00  8.729381898942e-01  7.714233729468e-01   7.116710130080e-01  1.286228168098e+00  8.730729959231e-01  7.709363777319e-01
  7.116710130080e-01  1.286228168098e+00  8.730729959231e-01  7.709363777319e-01   6.916489134861e-01  1.278799466585e+00  8.734051597926e-01  7.698665075485e-01
  6.916489134861e-01  1.278799466585e+00  8.734051597926e-01  7.698665075485e-01   6.833650441927e-01  1.275554562105e+00  8.735117360288e-01  7.695619442654e-01
  6.833650441927e-01  1.275554562105e+00  8.735117360288e-01  7.695619442654e-01   6.648240936124e-01  1.267920490681e+00  8.736599651590e-01  7.691751237332e-01
  6.648240936124e-01  1.267920490681e+00  8.736599651590e-01  7.691751237332e-01   6.459458151298e-01  1.259607572757e+00  8.736470678025e-01  7.691998518629e-01
  6.459458151298e-01  1.259607572757e+00  8.736470678025e-01  7.691998518629e-01   6.384149594964e-01  1.256135496062e+00  8.735857589274e-01  7.693268233523e-01
  6.384149594964e-01  1.256135496062e+00  8.735857589274e-01  7.693268233523e-01   6.178446829589e-01  1.246184871469e+00  8.732240160528e-01  7.700091065663e-01
  6.178446829589e-01  1.246184871469e+00  8.732240160528e-01  7.700091065663e-01   6.125952800159e-01  1.243533568665e+00  8.730809342211e-01  7.702607037091e-01
  6.125952800159e-01  1.243533568665e+00  8.730809342211e-01  7.702607037091e-01   6.063267678921e-01  1.240306503666e+00  8.728803471909e-01  7.706016793960e-01
  6.063267678921e-01  1.240306503666e+00  8.728803471909e-01  7.706016793960e-01   5.870970009160e-01  1.229982152836e+00  8.720456689031e-01  7.719168886694e-01
  5.870970009160e-01  1.229982152836e+00  8.720456689031e-01  7.719168886694e-01   5.738010280226e-01  1.222456602381e+00  8.712556834730e-01  7.730558510054e-01
  5.738010280226e-01  1.222456602381e+00  8.712556834730e-01  7.730558510054e-01   5.616715571097e-01  1.215303959455e+00  8.703673724769e-01  7.742510874774e-01
  5.616715571097e-01  1.215303959455e+00  8.703673724769e-01  7.742510874774e-01   5.529871314015e-01  1.210008729362e+00  8.696260837375e-01  7.751945327654e-01
  5.529871314015e-01  1.210008729362e+00  8.696260837375e-01  7.751945327654e-01   5.365182921833e-01  1.199552132065e+00  8.679616626243e-01  7.771737461127e-01
  5.365182921833e-01  1.199552132065e+00  8.679616626243e-01  7.771737461127e-01   5.306147489267e-01  1.195666837999e+00  8.672779799371e-01  7.779407001306e-01
  5.306147489267e-01  1.195666837999e+00  8.672779799371e-01  7.779407001306e-01   5.118397979292e-01  1.182805802071e+00  8.647773766473e-01  7.805655052931e-01
  5.118397979292e-01  1.182805802071e+00  8.647773766473e-01  7.805655052931e-01   5.010229104695e-01  1.175031096961e+00  8.630989716077e-01  7.821956997795e-01
  5.010229104695e-01  1.175031096961e+00  8.630989716077e-01  7.821956997795e-01   4.874253565417e-01  1.164855881638e+00  8.607272161104e-01  7.843533364565e-01
  4.874253565417e-01  1.164855881638e+00  8.607272161104e-01  7.843533364565e-01   4.782950562815e-01  1.157759433436e+00  8.589635877508e-01  7.858626024932e-01
  4.782950562815e-01  1.157759433436e+00  8.589635877508e-01  7.858626024932e-01   4.630922511386e-01  1.145442637920e+00  8.557071998069e-01  7.884679922483e-01
  4.630922511386e-01  1.145442637920e+00  8.557071998069e-01  7.884679922483e-01   4.557151808987e-01  1.139227933756e+00  8.539774749887e-01  7.897676689989e-01
  4.557151808987e-01  1.139227933756e+00  8.539774749887e-01  7.897676689989e-01   4.391008304646e-01  1.124618584252e+00  8.497071548847e-01  7.927603830387e-01
  4.391008304646e-01  1.124618584252e+00  8.497071548847e-01  7.927603830387e-01   4.371676011850e-01  1.122860618123e+00  8.491755392233e-01  7.931133276675e-01
  4.371676011850e-01  1.122860618123e+00  8.491755392233e-01  7.931133276675e-01   4.295327294490e-01  1.115792993308e+00  8.470031499285e-01  7.945142739504e-01
  4.295327294490e-01  1.115792993308e+00  8.470031499285e-01  7.945142739504e-01   4.184203029318e-01  1.105132982591e+00  8.436283662518e-01  7.965675525822e-01
  4.184203029318e-01  1.105132982591e+00  8.436283662518e-01  7.965675525822e-01   4.157273630642e-01  1.102479667735e+00  8.427715808699e-01  7.970665466014e-01
  4.157273630642e-01  1.102479667735e+00  8.427715808699e-01  7.970665466014e-01   4.072982283828e-01  1.093988079281e+00  8.399889059139e-01  7.986289492401e-01
  4.072982283828e-01  1.093988079281e+00  8.399889059139e-01  7.986289492401e-01   3.928719471011e-01  1.078752866524e+00  8.348602408011e-01  8.012918783636e-01
  3.928719471011e-01  1.078752866524e+00  8.348602408011e-01  8.012918783636e-01   3.812433774836e-01  1.065760436001e+00  8.303741569813e-01  8.034114180835e-01
  3.812433774836e-01  1.065760436001e+00  8.303741569813e-01  8.034114180835e-01   3.704919689434e-01  1.053114035786e+00  8.259318296623e-01  8.053344776790e-01
  3.704919689434e-01  1.053114035786e+00  8.259318296623e-01  8.053344776790e-01   3.595086298125e-01  1.039488624732e+00  8.210852816990e-01  8.072479044683e-01
  3.595086298125e-01  1.039488624732e+00  8.210852816990e-01  8.072479044683e-01   3.489829876765e-01  1.025672671981e+00  8.161304231089e-01  8.090182849598e-01
  3.489829876765e-01  1.025672671981e+00  8.161304231089e-01  8.090182849598e-01   3.446410770927e-01  1.019732497634e+00  8.139931683799e-01  8.097268351362e-01
  3.446410770927e-01  1.019732497634e+00  8.139931683799e-01  8.097268351362e-01   3.327346922551e-01  1.002624490963e+00  8.078339933117e-01  8.115919002174e-01
  3.327346922551e-01  1.002624490963e+00  8.078339933117e-01  8.115919002174e-01   3.297702578002e-01  9.981591544116e-01  8.062288231511e-01  8.120362063625e-01
  3.297702578002e-01  9.981591544116e-01  8.062288231511e-01  8.120362063625e-01   3.287619455592e-01  9.966199840557e-01  8.056760140820e-01  8.121853238002e-01
  3.287619455592e-01  9.966199840557e-01  8.056760140820e-01  8.121853238002e-01   3.233461105378e-01  9.881659356868e-01  8.026455853391e-01  8.129677733011e-01
  3.233461105378e-01  9.881659356868e-01  8.026455853391e-01  8.129677733011e-01   3.099370958458e-01  9.656938483724e-01  7.946635365684e-01  8.147530718251e-01
  3.099370958458e-01  9.656938483724e-01  7.946635365684e-01  8.147530718251e-01   3.037635345622e-01  9.544678397182e-01  7.907324359090e-01  8.154897893940e-01
  3.037635345622e-01  9.544678397182e-01  7.907324359090e-01  8.154897893940e-01   2.927226017317e-01  9.326133904103e-01  7.832252440246e-01  8.166427920993e-01
  2.927226017317e-01  9.326133904103e-01  7.832252440246e-01  8.166427920993e-01   2.865853951389e-01  9.192245080039e-01  7.787401381568e-01  8.171749696440e-01
  2.865853951389e-01  9.192245080039e-01  7.787401381568e-01  8.171749696440e-01   2.777049488009e-01  8.977111425388e-01  7.717488221352e-01  8.177726009805e-01
  2.777049488009e-01  8.977111425388e-01  7.717488221352e-01  8.177726009805e-01   2.767010372906e-01  8.950797563785e-01  7.709136743260e-01  8.178250800867e-01
  2.767010372906e-01  8.950797563785e-01  7.709136743260e-01  8.178250800867e-01   2.742318989301e-01  8.883976742584e-01  7.688138470504e-01  8.179391183410e-01
  2.742318989301e-01  8.883976742584e-01  7.688138470504e-01  8.179391183410e-01   2.676297990139e-01  8.687302969577e-01  7.628176929340e-01  8.181225373637e-01
  2.676297990139e-01  8.687302969577e-01  7.628176929340e-01  8.181225373637e-01   2.654400634251e-01  8.614601000000e-01  7.606750372069e-01  8.181363355778e-01
  2.654400634251e-01  8.614601000000e-01  7.606750372069e-01  8.181363355778e-01   2.575871332074e-01  8.302961520744e-01  7.519844253872e-01  8.179038111368e-01
  2.575871332074e-01  8.302961520744e-01  7.519844253872e-01  8.179038111368e-01   2.562663191139e-01  8.238099577536e-01  7.502826607559e-01  8.178022436913e-01
  2.562663191139e-01  8.238099577536e-01  7.502826607559e-01  8.178022436913e-01   2.554065355748e-01  8.192704795223e-01  7.491147506168e-01  8.177215045911e-01
  2.554065355748e-01  8.192704795223e-01  7.491147506168e-01  8.177215045911e-01   2.506276085141e-01  7.847648985966e-01  7.408918696022e-01  8.168855045293e-01
  2.506276085141e-01  7.847648985966e-01  7.408918696022e-01  8.168855045293e-01   2.495057632907e-01  7.692356073895e-01  7.375907035078e-01  8.164079841924e-01
  2.495057632907e-01  7.692356073895e-01  7.375907035078e-01  8.164079841924e-01   2.490662476147e-01  7.451005684864e-01  7.329885917417e-01  8.155884512932e-01
  2.490662476147e-01  7.451005684864e-01  7.329885917417e-01  8.155884512932e-01   2.492535190071e-01  7.377882979512e-01  7.317266809996e-01  8.153292034241e-01
  2.492535190071e-01  7.377882979512e-01  7.317266809996e-01  8.153292034241e-01   2.519037589511e-01  7.057061269110e-01  7.269590413053e-01  8.141922622650e-01
  2.519037589511e-01  7.057061269110e-01  7.269590413053e-01  8.141922622650e-01   2.532764646229e-01  6.962273168980e-01  7.258002320214e-01  8.138721089078e-01
  2.532764646229e-01  6.962273168980e-01  7.258002320214e-01  8.138721089078e-01   2.593421747992e-01  6.668467183117e-01  7.229769039803e-01  8.129971140975e-01
  2.593421747992e-01  6.668467183117e-01  7.229769039803e-01  8.129971140975e-01   2.632643005566e-01  6.527863839250e-01  7.220559003956e-01  8.126730362706e-01
  2.632643005566e-01  6.527863839250e-01  7.220559003956e-01  8.126730362706e-01   2.715818540552e-01  6.288362531715e-01  7.211670627523e-01  8.123299563622e-01
  2.715818540552e-01  6.288362531715e-01  7.211670627523e-01  8.123299563622e-01   2.808718449292e-01  6.074919260438e-01  7.211376176509e-01  8.123199179728e-01
  2.808718449292e-01  6.074919260438e-01  7.211376176509e-01  8.123199179728e-01   2.884729540089e-01  5.926468979096e-01  7.215664100774e-01  8.125253073104e-01
  2.884729540089e-01  5.926468979096e-01  7.215664100774e-01  8.125253073104e-01   3.085087088348e-01  5.605542187086e-01  7.238482541805e-01  8.137533229818e-01
  3.085087088348e-01  5.605542187086e-01  7.238482541805e-01  8.137533229818e-01   3.095266662609e-01  5.591255313772e-01  7.239953697246e-01  8.138379784437e-01
  3.095266662609e-01  5.591255313772e-01  7.239953697246e-01  8.138379784437e-01   3.101362492415e-01  5.582776627367e-01  7.240845905912e-01  8.138895926656e-01
  3.101362492415e-01  5.582776627367e-01  7.240845905912e-01  8.138895926656e-01   3.294243532915e-01  5.340126975677e-01  7.272641321877e-01  8.158491045841e-01
  3.294243532915e-01  5.340126975677e-01  7.272641321877e-01  8.158491045841e-01   3.338258295087e-01  5.290695813817e-01  7.280666569139e-01  8.163770584580e-01
  3.338258295087e-01  5.290695813817e-01  7.280666569139e-01  8.163770584580e-01   3.344302661997e-01  5.284056031212e-01  7.281786279824e-01  8.164517099345e-01
  3.344302661997e-01  5.284056031212e-01  7.281786279824e-01  8.164517099345e-01   3.564560156760e-01  5.063434738412e-01  7.324874829721e-01  8.194981617836e-01
  3.564560156760e-01  5.063434738412e-01  7.324874829721e-01  8.194981617836e-01   3.628863478511e-01  5.005868681326e-01  7.338095057510e-01  8.204978009983e-01
  3.628863478511e-01  5.005868681326e-01  7.338095057510e-01  8.204978009983e-01   3.785457518979e-01  4.876440164267e-01  7.371055621873e-01  8.231176845566e-01
  3.785457518979e-01  4.876440164267e-01  7.371055621873e-01  8.231176845566e-01   3.940593556450e-01  4.761380137935e-01  7.404386961882e-01  8.259502468827e-01
  3.940593556450e-01  4.761380137935e-01  7.404386961882e-01  8.259502468827e-01   4.061350563268e-01  4.679710771649e-01  7.430546790954e-01  8.283030003853e-01
  4.061350563268e-01  4.679710771649e-01  7.430546790954e-01  8.283030003853e-01   4.270046690940e-01  4.552792690940e-01  7.475744161619e-01  8.326435426181e-01
  4.270046690940e-01  4.552792690940e-01  7.475744161619e-01  8.326435426181e-01   4.422518583087e-01  4.470178059777e-01  7.508461067306e-01  8.360127026876e-01
  4.422518583087e-01  4.470178059777e-01  7.508461067306e-01  8.360127026876e-01   4.613702030566e-01  4.377267517084e-01  7.548792907420e-01  8.404464488358e-01
  8.282283300173e-01  8.571103087066e-01  1.169684168902e+00  1.202590221110e+00   8.279529026139e-01  8.574449868084e-01  1.193676747887e+00  1.173356999414e+00
  8.279529026139e-01  8.574449868084e-01  1.193676747887e+00  1.173356999414e+00   8.277001267980e-01  8.577971244798e-01  1.215995990759e+00  1.142195523471e+00
  8.277001267980e-01  8.577971244798e-01  1.215995990759e+00  1.142195523471e+00   8.272701784104e-01  8.585409152858e-01  1.254480654535e+00  1.075514454149e+00
  8.272701784104e-01  8.585409152858e-01  1.254480654535e+00  1.075514454149e+00   8.270911847798e-01  8.589357519824e-01  1.270614441714e+00  1.039919243874e+00
  8.270911847798e-01  8.589357519824e-01  1.270614441714e+00  1.039919243874e+00   8.269386424030e-01  8.593415390122e-01  1.284359164022e+00  1.003387411928e+00
  8.269386424030e-01  8.593415390122e-01  1.284359164022e+00  1.003387411928e+00   8.267168835313e-01  8.601715186380e-01  1.304204681248e+00  9.293844843368e-01
  8.267168835313e-01  8.601715186380e-01  1.304204681248e+00  9.293844843368e-01   8.266466983401e-01  8.605992504302e-01  1.310407343460e+00  8.918721936305e-01
  8.266466983401e-01  8.605992504302e-01  1.310407343460e+00  8.918721936305e-01   8.266048674470e-01  8.610306433969e-01  1.314077086352e+00  8.546058754264e-01
  8.266048674470e-01  8.610306433969e-01  1.314077086352e+00  8.546058754264e-01   8.266062894213e-01  8.618894638041e-01  1.314110434792e+00  7.823900037398e-01
  8.266062894213e-01  8.618894638041e-01  1.314110434792e+00  7.823900037398e-01   8.266495034355e-01  8.623205802719e-01  1.310657145655e+00  7.472181962354e-01
  8.266495034355e-01  8.623205802719e-01  1.310657145655e+00  7.472181962354e-01   8.267209716170e-01  8.627478669945e-01  1.305025290282e+00  7.131001806773e-01
  8.267209716170e-01  8.627478669945e-01  1.305025290282e+00  7.131001806773e-01   8.269448143822e-01  8.635765678211e-01  1.287896143395e+00  6.490380215547e-01
  8.269448143822e-01  8.635765678211e-01  1.287896143395e+00  6.490380215547e-01   8.270981131715e-01  8.639815781838e-01  1.276495805525e+00  6.187193640331e-01
  8.270981131715e-01  8.639815781838e-01  1.276495805525e+00  6.187193640331e-01   8.272776400873e-01  8.643756024101e-01  1.263403545084e+00  5.898222116605e-01
  8.272776400873e-01  8.643756024101e-01  1.263403545084e+00  5.898222116605e-01   8.277079714136e-01  8.651178371100e-01  1.232881431205e+00  5.369014803127e-01
  8.277079714136e-01  8.651178371100e-01  1.232881431205e+00  5.369014803127e-01   8.279606171091e-01  8.654692936512e-01  1.215394225546e+00  5.124838103765e-01
  8.279606171091e-01  8.654692936512e-01  1.215394225546e+00  5.124838103765e-01   8.282357229605e-01  8.658034041727e-01  1.196629731500e+00  4.896200222431e-01
  8.282357229605e-01  8.658034041727e-01  1.196629731500e+00  4.896200222431e-01   8.288428847135e-01  8.664090919614e-01  1.155980922433e+00  4.489477899572e-01
  8.288428847135e-01  8.664090919614e-01  1.155980922433e+00  4.489477899572e-01   8.291775759570e-01  8.666833283053e-01  1.133899723608e+00  4.308181946885e-01
  8.291775759570e-01  8.666833283053e-01  1.133899723608e+00  4.308181946885e-01   8.295294853560e-01  8.669350491618e-01  1.110852954015e+00  4.143059752862e-01
  8.295294853560e-01  8.669350491618e-01  1.110852954015e+00  4.143059752862e-01   8.302722070605e-01  8.673634827281e-01  1.062552667051e+00  3.864140943463e-01
  8.302722070605e-01  8.673634827281e-01  1.062552667051e+00  3.864140943463e-01   8.306662637517e-01  8.675420743174e-01  1.037001476281e+00  3.748325562459e-01
  8.306662637517e-01  8.675420743174e-01  1.037001476281e+00  3.748325562459e-01   8.310711673263e-01  8.676944898530e-01  1.010727091146e+00  3.649482600009e-01
  8.310711673263e-01  8.676944898530e-01  1.010727091146e+00  3.649482600009e-01   8.318992834652e-01  8.679168451496e-01  9.567082337548e-01  3.504809664510e-01
  8.318992834652e-01  8.679168451496e-01  9.567082337548e-01  3.504809664510e-01   8.323261187641e-01  8.679877485569e-01  9.286072621648e-01  3.458394290960e-01
  8.323261187641e-01  8.679877485569e-01  9.286072621648e-01  3.458394290960e-01   8.327567077032e-01  8.680305532809e-01  9.000069462060e-01  3.430291200901e-01
  8.327567077032e-01  8.680305532809e-01  9.000069462060e-01  3.430291200901e-01   8.336143667387e-01  8.680316939664e-01  8.420610467352e-01  3.430474794350e-01
  8.336143667387e-01  8.680316939664e-01  8.420610467352e-01  3.430474794350e-01   8.340451791294e-01  8.679900112830e-01  8.123477671530e-01  3.459737133207e-01
  8.340451791294e-01  8.679900112830e-01  8.123477671530e-01  3.459737133207e-01   8.344723795080e-01  8.679201732432e-01  7.824055575358e-01  3.509259559087e-01
  8.344723795080e-01  8.679201732432e-01  7.824055575358e-01  3.509259559087e-01   8.353015858803e-01  8.676996594147e-01  7.227014121346e-01  3.669536144559e-01
  8.353015858803e-01  8.676996594147e-01  7.227014121346e-01  3.669536144559e-01   8.357071862973e-01  8.675479892590e-01  6.926240028807e-01  3.782749335788e-01
  8.357071862973e-01  8.675479892590e-01  6.926240028807e-01  3.782749335788e-01   8.361020061721e-01  8.673699938967e-01  6.627243455531e-01  3.918336116257e-01
  8.361020061721e-01  8.673699938967e-01  6.627243455531e-01  3.918336116257e-01   8.368463211030e-01  8.669422469227e-01  6.045130202566e-01  4.254830120967e-01
  8.368463211030e-01  8.669422469227e-01  6.045130202566e-01  4.254830120967e-01   8.371990090353e-01  8.666906068090e-01  5.760170353835e-01  4.459040804306e-01
  8.371990090353e-01  8.666906068090e-01  5.760170353835e-01  4.459040804306e-01   8.375344155363e-01  8.664162719401e-01  5.483402495264e-01  4.686316869974e-01
  8.375344155363e-01  8.664162719401e-01  5.483402495264e-01  4.686316869974e-01   8.381426699827e-01  8.658098912934e-01  4.966868310982e-01  5.203299788901e-01
  8.381426699827e-01  8.658098912934e-01  4.966868310982e-01  5.203299788901e-01   8.384180973861e-01  8.654752131916e-01  4.726942521128e-01  5.495632005861e-01
  8.384180973861e-01  8.654752131916e-01  4.726942521128e-01  5.495632005861e-01   8.386708732020e-01  8.651230755202e-01  4.503750092414e-01  5.807246765290e-01
  8.386708732020e-01  8.651230755202e-01  4.503750092414e-01  5.807246765290e-01   8.391008215896e-01  8.643792847142e-01  4.118903454645e-01  6.474057458514e-01
  8.391008215896e-01  8.643792847142e-01  4.118903454645e-01  6.474057458514e-01   8.392798152202e-01  8.639844480176e-01  3.957565582863e-01  6.830009561256e-01
  8.392798152202e-01  8.639844480176e-01  3.957565582863e-01  6.830009561256e-01   8.394323575970e-01  8.635786609878e-01  3.820118359776e-01  7.195327880721e-01
  8.394323575970e-01  8.635786609878e-01  3.820118359776e-01  7.195327880721e-01   8.396541164687e-01  8.627486813620e-01  3.621663187524e-01  7.935357156632e-01
  8.396541164687e-01  8.627486813620e-01  3.621663187524e-01  7.935357156632e-01   8.397243016599e-01  8.623209495698e-01  3.559636565401e-01  8.310480063695e-01
  8.397243016599e-01  8.623209495698e-01  3.559636565401e-01  8.310480063695e-01   8.397661325530e-01  8.618895566031e-01  3.522939136482e-01  8.683143245736e-01
  8.397661325530e-01  8.618895566031e-01  3.522939136482e-01  8.683143245736e-01   8.397647105787e-01  8.610307361959e-01  3.522605652082e-01  9.405301962602e-01
  8.397647105787e-01  8.610307361959e-01  3.522605652082e-01  9.405301962602e-01   8.397214965645e-01  8.605996197281e-01  3.557138543453e-01  9.757020037646e-01
  8.397214965645e-01  8.605996197281e-01  3.557138543453e-01  9.757020037646e-01   8.396500283830e-01  8.601723330055e-01  3.613457097177e-01  1.009820019323e+00
  8.396500283830e-01  8.601723330055e-01  3.613457097177e-01  1.009820019323e+00   8.394261856178e-01  8.593436321789e-01  3.784748566050e-01  1.073882178445e+00
  8.394261856178e-01  8.593436321789e-01  3.784748566050e-01  1.073882178445e+00   8.392728868285e-01  8.589386218162e-01  3.898751944748e-01  1.104200835967e+00
  8.392728868285e-01  8.589386218162e-01  3.898751944748e-01  1.104200835967e+00   8.390933599127e-01  8.585445975899e-01  4.029674549162e-01  1.133097988339e+00
  8.390933599127e-01  8.585445975899e-01  4.029674549162e-01  1.133097988339e+00   8.386630285864e-01  8.578023628900e-01  4.334895687953e-01  1.186018719687e+00
  8.386630285864e-01  8.578023628900e-01  4.334895687953e-01  1.186018719687e+00   8.384103828909e-01  8.574509063488e-01  4.509767744536e-01  1.210436389624e+00
  8.384103828909e-01  8.574509063488e-01  4.509767744536e-01  1.210436389624e+00   8.381352770395e-01  8.571167958273e-01  4.697412685000e-01  1.233300177757e+00
  8.381352770395e-01  8.571167958273e-01  4.697412685000e-01  1.233300177757e+00   8.375281152865e-01  8.565111080386e-01  5.103900775666e-01  1.273972410043e+00
  8.375281152865e-01  8.565111080386e-01  5.103900775666e-01  1.273972410043e+00   8.371934240430e-01  8.562368716947e-01  5.324712763921e-01  1.292102005311e+00
  8.371934240430e-01  8.562368716947e-01  5.324712763921e-01  1.292102005311e+00   8.368415146440e-01  8.559851508382e-01  5.555180459846e-01  1.308614224714e+00
  8.368415146440e-01  8.559851508382e-01  5.555180459846e-01  1.308614224714e+00   8.360987929395e-01  8.555567172719e-01  6.038183329489e-01  1.336506105654e+00
  8.360987929395e-01  8.555567172719e-01  6.038183329489e-01  1.336506105654e+00   8.357047362483e-01  8.553781256826e-01  6.293695237190e-01  1.348087643754e+00
  8.357047362483e-01  8.553781256826e-01  6.293695237190e-01  1.348087643754e+00   8.352998326737e-01  8.552257101470e-01  6.556439088543e-01  1.357971939999e+00
  8.352998326737e-01  8.552257101470e-01  6.556439088543e-01  1.357971939999e+00   8.344717165348e-01  8.550033548504e-01  7.096627662452e-01  1.372439233549e+00
  8.344717165348e-01  8.550033548504e-01  7.096627662452e-01  1.372439233549e+00   8.340448812359e-01  8.549324514431e-01  7.377637378352e-01  1.377080770904e+00
  8.340448812359e-01  8.549324514431e-01  7.377637378352e-01  1.377080770904e+00   8.336142922968e-01  8.548896467191e-01  7.663640537940e-01  1.379891079910e+00
  8.336142922968e-01  8.548896467191e-01  7.663640537940e-01  1.379891079910e+00   8.327566332613e-01  8.548885060336e-01  8.243099532648e-01  1.379872720565e+00
  8.327566332613e-01  8.548885060336e-01  8.243099532648e-01  1.379872720565e+00   8.323258208706e-01  8.549301887170e-01  8.540232328470e-01  1.376946486679e+00
  8.323258208706e-01  8.549301887170e-01  8.540232328470e-01  1.376946486679e+00   8.318986204920e-01  8.550000267568e-01  8.839654424642e-01  1.371994244091e+00
  8.318986204920e-01  8.550000267568e-01  8.839654424642e-01  1.371994244091e+00   8.310694141197e-01  8.552205405853e-01  9.436695878654e-01  1.355966585544e+00
  8.310694141197e-01  8.552205405853e-01  9.436695878654e-01  1.355966585544e+00   8.306638137027e-01  8.553722107410e-01  9.737469971193e-01  1.344645266421e+00
  8.306638137027e-01  8.553722107410e-01  9.737469971193e-01  1.344645266421e+00   8.302689938279e-01  8.555502061033e-01  1.003646654447e+00  1.331086588374e+00
  8.302689938279e-01  8.555502061033e-01  1.003646654447e+00  1.331086588374e+00   8.295246788970e-01  8.559779530773e-01  1.061857979743e+00  1.297437187903e+00
  8.295246788970e-01  8.559779530773e-01  1.061857979743e+00  1.297437187903e+00   8.291719909647e-01  8.562295931910e-01  1.090353964616e+00  1.277016119569e+00
  8.291719909647e-01  8.562295931910e-01  1.090353964616e+00  1.277016119569e+00   8.288365844637e-01  8.565039280599e-01  1.118030750474e+00  1.254288513003e+00
  8.288365844637e-01  8.565039280599e-01  1.118030750474e+00  1.254288513003e+00   8.282283300173e-01  8.571103087066e-01  1.169684168902e+00  1.202590221110e+00
