LENS PARMS:
   alpha 4.735278e-01 9.228550e-03 7.332573e-02 2.237080e-01 5.841507e+01 1.384658e-01 -3.597149e+01 0.0 0.0 1.000000e+00
SOURCE PARMS:
   ptsrc 3.356122e-02 2.008960e-03 9.931040e-02 0.0 0.0 0.0 0.0 0.0
CHISQ: 9.993594e-05 9.729639e-05 2.639548e-06 0.000000e+00 5.461829e-13 0.000000e+00 0.000000e+00 0.000000e+00 0.000000e+00 # tot pos flux tdel gal plim crv ring weak

Source #1
  posn:  2.008960e-03  9.931040e-02
  flux:  3.356122e-02
     h:  7.000000e-01
tscale:  1.000000e+00
images:
  -0.1409  -0.3244 (6.0e-03)   1.3680 ( 1.00e+03)   0.00 (0.0e+00) ->  -0.1409  -0.3244   0.2348   0.0488
   0.4948  -0.0360 (6.0e-03)   1.3680 ( 1.00e+03)   0.00 (0.0e+00) ->   0.4948  -0.0361   1.6000   0.0332
   0.4882   0.1016 (6.0e-03)   1.3680 ( 1.00e+03)   0.00 (0.0e+00) ->   0.4882   0.1016   1.4755   0.0333
  -0.3440   0.5013 (6.0e-03)   1.3680 ( 1.00e+03)   0.00 (0.0e+00) ->  -0.3440   0.5013   0.2322   0.0000


