#
# Columns: x1 y1 u1 v1 x2 y2 u2 v2
#
# To plot the image plane curves, connect each (x1,y1)
# to the (x2,y2) on the same line -- do *not* connect
# consecutive lines!
#
# To plot the source plane curves, do the same for
# (u1,v1) and (u2,v2).
#
 -5.827299347256e-01 -3.687551529642e-01 -1.083223705788e-01 -9.684284154887e-02  -6.030337728542e-01 -3.379088303534e-01 -1.062059070664e-01 -9.523112088031e-02
 -6.030337728542e-01 -3.379088303534e-01 -1.062059070664e-01 -9.523112088031e-02  -6.131770221432e-01 -3.193886048906e-01 -1.042889185299e-01 -9.388628898726e-02
 -6.131770221432e-01 -3.193886048906e-01 -1.042889185299e-01 -9.388628898726e-02  -6.263277486426e-01 -2.903491707022e-01 -1.003578972371e-01 -9.135098099698e-02
 -6.263277486426e-01 -2.903491707022e-01 -1.003578972371e-01 -9.135098099698e-02  -6.348457295369e-01 -2.664431976439e-01 -9.631127704558e-02 -8.897347871723e-02
 -6.348457295369e-01 -2.664431976439e-01 -9.631127704558e-02 -8.897347871723e-02  -6.444195048744e-01 -2.287964761221e-01 -8.853445275517e-02 -8.490001912204e-02
 -6.444195048744e-01 -2.287964761221e-01 -8.853445275517e-02 -8.490001912204e-02  -6.474739875467e-01 -2.106355019249e-01 -8.419802298098e-02 -8.286023050716e-02
 -6.474739875467e-01 -2.106355019249e-01 -8.419802298098e-02 -8.286023050716e-02  -6.500272530601e-01 -1.868295117868e-01 -7.796609025382e-02 -8.017545225329e-02
 -6.500272530601e-01 -1.868295117868e-01 -7.796609025382e-02 -8.017545225329e-02  -6.509590571269e-01 -1.530553412639e-01 -6.811462672488e-02 -7.645339390191e-02
 -6.509590571269e-01 -1.530553412639e-01 -6.811462672488e-02 -7.645339390191e-02  -6.509561774567e-01 -1.528940452749e-01 -6.806486061702e-02 -7.643608636868e-02
 -6.509561774567e-01 -1.528940452749e-01 -6.806486061702e-02 -7.643608636868e-02  -6.509537737340e-01 -1.527621000662e-01 -6.802413410533e-02 -7.642193331360e-02
 -6.509537737340e-01 -1.527621000662e-01 -6.802413410533e-02 -7.642193331360e-02  -6.461246896934e-01 -9.817335188577e-02 -4.980911265685e-02 -7.100228959298e-02
 -6.461246896934e-01 -9.817335188577e-02 -4.980911265685e-02 -7.100228959298e-02  -6.456562289940e-01 -9.525546828212e-02 -4.876356104750e-02 -7.074346386221e-02
 -6.456562289940e-01 -9.525546828212e-02 -4.876356104750e-02 -7.074346386221e-02  -6.377128769273e-01 -5.741837464643e-02 -3.462686358692e-02 -6.776494249520e-02
 -6.377128769273e-01 -5.741837464643e-02 -3.462686358692e-02 -6.776494249520e-02  -6.330042994399e-01 -4.031914998449e-02 -2.792143362522e-02 -6.668239773629e-02
 -6.330042994399e-01 -4.031914998449e-02 -2.792143362522e-02 -6.668239773629e-02  -6.277982321177e-01 -2.377437612881e-02 -2.127509591279e-02 -6.581464206352e-02
 -6.277982321177e-01 -2.377437612881e-02 -2.127509591279e-02 -6.581464206352e-02  -6.205145940045e-01 -3.385149931387e-03 -1.290496997234e-02 -6.501090506792e-02
 -6.205145940045e-01 -3.385149931387e-03 -1.290496997234e-02 -6.501090506792e-02  -6.172947267458e-01  4.873287049799e-03 -9.468502239994e-03 -6.477437772725e-02
 -6.172947267458e-01  4.873287049799e-03 -9.468502239994e-03 -6.477437772725e-02  -6.144717570639e-01  1.180825806192e-02 -6.566022433170e-03 -6.461721312477e-02
 -6.144717570639e-01  1.180825806192e-02 -6.566022433170e-03 -6.461721312477e-02  -6.061957963791e-01  3.078483698396e-02  1.435337561539e-03 -6.438794728490e-02
 -6.061957963791e-01  3.078483698396e-02  1.435337561539e-03 -6.438794728490e-02  -5.980430145582e-01  4.790683611986e-02  8.696488525950e-03 -6.444358043551e-02
 -5.980430145582e-01  4.790683611986e-02  8.696488525950e-03 -6.444358043551e-02  -5.948295570564e-01  5.430855870244e-02  1.141306762792e-02 -6.453035410667e-02
 -5.948295570564e-01  5.430855870244e-02  1.141306762792e-02 -6.453035410667e-02  -5.912821495856e-01  6.117801674285e-02  1.432519647959e-02 -6.466406975288e-02
 -5.912821495856e-01  6.117801674285e-02  1.432519647959e-02 -6.466406975288e-02  -5.765059603385e-01  8.792077989747e-02  2.557757660474e-02 -6.558969290425e-02
 -5.765059603385e-01  8.792077989747e-02  2.557757660474e-02 -6.558969290425e-02  -5.651379785301e-01  1.068438192868e-01  3.338212913760e-02 -6.663387626744e-02
 -5.651379785301e-01  1.068438192868e-01  3.338212913760e-02 -6.663387626744e-02  -5.554549023608e-01  1.220696212611e-01  3.950916229024e-02 -6.770219202949e-02
 -5.554549023608e-01  1.220696212611e-01  3.950916229024e-02 -6.770219202949e-02  -5.376264628629e-01  1.483797900403e-01  4.964392379064e-02 -6.999573676868e-02
 -5.376264628629e-01  1.483797900403e-01  4.964392379064e-02 -6.999573676868e-02  -5.350132342570e-01  1.520759044749e-01  5.101120134848e-02 -7.035963825069e-02
 -5.350132342570e-01  1.520759044749e-01  5.101120134848e-02 -7.035963825069e-02  -5.303537386604e-01  1.585762409656e-01  5.337687731692e-02 -7.102220734024e-02
 -5.303537386604e-01  1.585762409656e-01  5.337687731692e-02 -7.102220734024e-02  -5.169610120787e-01  1.766743363137e-01  5.967407200333e-02 -7.300295362991e-02
 -5.169610120787e-01  1.766743363137e-01  5.967407200333e-02 -7.300295362991e-02  -5.092364577249e-01  1.867584919992e-01  6.297672244783e-02 -7.417932430492e-02
 -5.092364577249e-01  1.867584919992e-01  6.297672244783e-02 -7.417932430492e-02  -4.992666475671e-01  1.994354125752e-01  6.689406390790e-02 -7.571210143028e-02
 -4.992666475671e-01  1.994354125752e-01  6.689406390790e-02 -7.571210143028e-02  -4.847951248327e-01  2.172331061505e-01  7.190838916006e-02 -7.792141877034e-02
 -4.847951248327e-01  2.172331061505e-01  7.190838916006e-02 -7.792141877034e-02  -4.819872209117e-01  2.206110495812e-01  7.279145464911e-02 -7.834289869519e-02
 -4.819872209117e-01  2.206110495812e-01  7.279145464911e-02 -7.834289869519e-02  -4.800920231855e-01  2.228779910221e-01  7.337126946617e-02 -7.862541561511e-02
 -4.800920231855e-01  2.228779910221e-01  7.337126946617e-02 -7.862541561511e-02  -4.694520242177e-01  2.354191343978e-01  7.638752308632e-02 -8.017468762778e-02
 -4.694520242177e-01  2.354191343978e-01  7.638752308632e-02 -8.017468762778e-02  -4.508544941058e-01  2.566431881241e-01  8.071723896958e-02 -8.267264870599e-02
 -4.508544941058e-01  2.566431881241e-01  8.071723896958e-02 -8.267264870599e-02  -4.446544459595e-01  2.635383237628e-01  8.190521325738e-02 -8.342764268073e-02
 -4.446544459595e-01  2.635383237628e-01  8.190521325738e-02 -8.342764268073e-02  -4.219834765832e-01  2.880503129876e-01  8.523260510642e-02 -8.576181875095e-02
 -4.219834765832e-01  2.880503129876e-01  8.523260510642e-02 -8.576181875095e-02  -4.107412833367e-01  2.998202425647e-01  8.633006547778e-02 -8.662981193693e-02
 -4.107412833367e-01  2.998202425647e-01  8.633006547778e-02 -8.662981193693e-02  -3.929901808455e-01  3.179097623657e-01  8.739343981948e-02 -8.755041179563e-02
 -3.929901808455e-01  3.179097623657e-01  8.739343981948e-02 -8.755041179563e-02  -3.837399000343e-01  3.271007185072e-01  8.765257540717e-02 -8.779570143429e-02
 -3.837399000343e-01  3.271007185072e-01  8.765257540717e-02 -8.779570143429e-02  -3.632808242063e-01  3.468587683164e-01  8.760297963539e-02 -8.773523777982e-02
 -3.632808242063e-01  3.468587683164e-01  8.760297963539e-02 -8.773523777982e-02  -3.339748650084e-01  3.737791126483e-01  8.632808735260e-02 -8.616746036593e-02
 -3.339748650084e-01  3.737791126483e-01  8.632808735260e-02 -8.616746036593e-02  -3.330065840399e-01  3.746403542565e-01  8.626671678013e-02 -8.608608350512e-02
 -3.330065840399e-01  3.746403542565e-01  8.626671678013e-02 -8.608608350512e-02  -3.298640456229e-01  3.774229117427e-01  8.606044259967e-02 -8.580918004457e-02
 -3.298640456229e-01  3.774229117427e-01  8.606044259967e-02 -8.580918004457e-02  -3.023258963426e-01  4.009732005365e-01  8.386910920021e-02 -8.257160359178e-02
 -3.023258963426e-01  4.009732005365e-01  8.386910920021e-02 -8.257160359178e-02  -2.840442324366e-01  4.157677393539e-01  8.214779422004e-02 -7.966763378478e-02
 -2.840442324366e-01  4.157677393539e-01  8.214779422004e-02 -7.966763378478e-02  -2.705673711379e-01  4.262383793604e-01  8.080530585341e-02 -7.717778959455e-02
 -2.705673711379e-01  4.262383793604e-01  8.080530585341e-02 -7.717778959455e-02  -2.625600184390e-01  4.322833903937e-01  7.999256640589e-02 -7.556905983546e-02
 -2.625600184390e-01  4.322833903937e-01  7.999256640589e-02 -7.556905983546e-02  -2.370182346512e-01  4.506857468695e-01  7.739656450391e-02 -6.986000795883e-02
 -2.370182346512e-01  4.506857468695e-01  7.739656450391e-02 -6.986000795883e-02  -2.220072685006e-01  4.608766943493e-01  7.591197416248e-02 -6.614344152066e-02
 -2.220072685006e-01  4.608766943493e-01  7.591197416248e-02 -6.614344152066e-02  -2.018878831288e-01  4.738163150616e-01  7.402007583153e-02 -6.081111059270e-02
 -2.018878831288e-01  4.738163150616e-01  7.402007583153e-02 -6.081111059270e-02  -1.911776629635e-01  4.803714798035e-01  7.307219654910e-02 -5.783135621238e-02
 -1.911776629635e-01  4.803714798035e-01  7.307219654910e-02 -5.783135621238e-02  -1.655112036157e-01  4.951527628818e-01  7.100291589255e-02 -5.036440596184e-02
 -1.655112036157e-01  4.951527628818e-01  7.100291589255e-02 -5.036440596184e-02  -1.525169016378e-01  5.021445237955e-01  7.007577364645e-02 -4.643981207669e-02
 -1.525169016378e-01  5.021445237955e-01  7.007577364645e-02 -4.643981207669e-02  -1.272884631341e-01  5.147959316114e-01  6.852596363503e-02 -3.861241145535e-02
 -1.272884631341e-01  5.147959316114e-01  6.852596363503e-02 -3.861241145535e-02  -9.138844289473e-02  5.307553203641e-01  6.691352551579e-02 -2.715527467867e-02
 -9.138844289473e-02  5.307553203641e-01  6.691352551579e-02 -2.715527467867e-02  -8.656550374034e-02  5.327210312674e-01  6.675058944178e-02 -2.559819301485e-02
 -8.656550374034e-02  5.327210312674e-01  6.675058944178e-02 -2.559819301485e-02  -6.013081997123e-02  5.427638205709e-01  6.608145511799e-02 -1.702682545707e-02
 -6.013081997123e-02  5.427638205709e-01  6.608145511799e-02 -1.702682545707e-02  -4.382216753439e-02  5.483533599905e-01  6.585465525442e-02 -1.172708571900e-02
 -4.382216753439e-02  5.483533599905e-01  6.585465525442e-02 -1.172708571900e-02  -2.871132306608e-02  5.531278297792e-01  6.576804284316e-02 -6.822907440353e-03
 -2.871132306608e-02  5.531278297792e-01  6.576804284316e-02 -6.822907440353e-03   3.010971636842e-04  5.612253741119e-01  6.592376770078e-02  2.541936788088e-03
  3.010971636842e-04  5.612253741119e-01  6.592376770078e-02  2.541936788088e-03   8.096093943809e-03  5.631651045282e-01  6.603543360431e-02  5.040876809963e-03
  8.096093943809e-03  5.631651045282e-01  6.603543360431e-02  5.040876809963e-03   4.630912071955e-02  5.712573518440e-01  6.698832865542e-02  1.714294428819e-02
  4.630912071955e-02  5.712573518440e-01  6.698832865542e-02  1.714294428819e-02   5.793574008452e-02  5.732585994807e-01  6.740600317666e-02  2.076687331189e-02
  5.793574008452e-02  5.732585994807e-01  6.740600317666e-02  2.076687331189e-02   9.475670946139e-02  5.781994832447e-01  6.909422483841e-02  3.202752150722e-02
  9.475670946139e-02  5.781994832447e-01  6.909422483841e-02  3.202752150722e-02   1.061313894873e-01  5.792996858911e-01  6.972211802365e-02  3.543296820820e-02
  1.061313894873e-01  5.792996858911e-01  6.972211802365e-02  3.543296820820e-02   1.240915393540e-01  5.806294100275e-01  7.080944263354e-02  4.073321890548e-02
  1.240915393540e-01  5.806294100275e-01  7.080944263354e-02  4.073321890548e-02   1.369634102913e-01  5.812758263314e-01  7.165792330768e-02  4.447114386230e-02
  1.369634102913e-01  5.812758263314e-01  7.165792330768e-02  4.447114386230e-02   1.448342173452e-01  5.815449300668e-01  7.220406827610e-02  4.673077662949e-02
  1.448342173452e-01  5.815449300668e-01  7.220406827610e-02  4.673077662949e-02   1.706532759751e-01  5.817537896524e-01  7.413379191886e-02  5.399825910327e-02
  1.706532759751e-01  5.817537896524e-01  7.413379191886e-02  5.399825910327e-02   1.955742994696e-01  5.809694372610e-01  7.618358421523e-02  6.079099017030e-02
  1.955742994696e-01  5.809694372610e-01  7.618358421523e-02  6.079099017030e-02   2.099636320413e-01  5.800706478780e-01  7.744394427935e-02  6.460822775952e-02
  2.099636320413e-01  5.800706478780e-01  7.744394427935e-02  6.460822775952e-02   2.473226791241e-01  5.761826354777e-01  8.094977758761e-02  7.413761255167e-02
  2.473226791241e-01  5.761826354777e-01  8.094977758761e-02  7.413761255167e-02   2.581860032930e-01  5.746217724531e-01  8.202576043023e-02  7.679995556682e-02
  2.581860032930e-01  5.746217724531e-01  8.202576043023e-02  7.679995556682e-02   3.003744528416e-01  5.666450263561e-01  8.640087151569e-02  8.663950814117e-02
  3.003744528416e-01  5.666450263561e-01  8.640087151569e-02  8.663950814117e-02   3.085971314340e-01  5.647231989647e-01  8.728373353482e-02  8.845972684782e-02
  3.085971314340e-01  5.647231989647e-01  8.728373353482e-02  8.845972684782e-02   3.198771363038e-01  5.618839676680e-01  8.850721173988e-02  9.090205393360e-02
  3.198771363038e-01  5.618839676680e-01  8.850721173988e-02  9.090205393360e-02   3.398776823453e-01  5.562551177971e-01  9.070427705962e-02  9.507110830481e-02
  3.398776823453e-01  5.562551177971e-01  9.070427705962e-02  9.507110830481e-02   3.534305905270e-01  5.519919382756e-01  9.220657046269e-02  9.777353286684e-02
  3.534305905270e-01  5.519919382756e-01  9.220657046269e-02  9.777353286684e-02   3.743199856215e-01  5.446729424499e-01  9.452915940154e-02  1.017334771883e-01
  3.743199856215e-01  5.446729424499e-01  9.452915940154e-02  1.017334771883e-01   4.050230909802e-01  5.321448596167e-01  9.791409942064e-02  1.070669989776e-01
  4.050230909802e-01  5.321448596167e-01  9.791409942064e-02  1.070669989776e-01   4.138953955609e-01  5.281013007712e-01  9.887520725997e-02  1.084921545240e-01
  4.138953955609e-01  5.281013007712e-01  9.887520725997e-02  1.084921545240e-01   4.549494460077e-01  5.066020507671e-01  1.031171418579e-01  1.143306127646e-01
  4.549494460077e-01  5.066020507671e-01  1.031171418579e-01  1.143306127646e-01   4.625381068615e-01  5.020730762500e-01  1.038471371935e-01  1.152614120375e-01
  4.625381068615e-01  5.020730762500e-01  1.038471371935e-01  1.152614120375e-01   5.026938754733e-01  4.746431640428e-01  1.072433068104e-01  1.192897510449e-01
  5.026938754733e-01  4.746431640428e-01  1.072433068104e-01  1.192897510449e-01   5.145368772311e-01  4.652618077768e-01  1.080388804798e-01  1.201535561093e-01
  5.145368772311e-01  4.652618077768e-01  1.080388804798e-01  1.201535561093e-01   5.461530468285e-01  4.365131793615e-01  1.094469613934e-01  1.215812465542e-01
  5.461530468285e-01  4.365131793615e-01  1.094469613934e-01  1.215812465542e-01   5.482094576451e-01  4.344234645437e-01  1.094922161832e-01  1.216239806999e-01
  5.482094576451e-01  4.344234645437e-01  1.094922161832e-01  1.216239806999e-01   5.833321311790e-01  3.930712170150e-01  1.089245668944e-01  1.211589058180e-01
  5.833321311790e-01  3.930712170150e-01  1.089245668944e-01  1.211589058180e-01   5.924218980917e-01  3.800984565231e-01  1.082027648215e-01  1.205893462994e-01
  5.924218980917e-01  3.800984565231e-01  1.082027648215e-01  1.205893462994e-01   6.134181961818e-01  3.444115442803e-01  1.049728796068e-01  1.182580223298e-01
  6.134181961818e-01  3.444115442803e-01  1.049728796068e-01  1.182580223298e-01   6.211570277238e-01  3.282966669638e-01  1.029429978222e-01  1.169136547021e-01
  6.211570277238e-01  3.282966669638e-01  1.029429978222e-01  1.169136547021e-01   6.354479238617e-01  2.907592603046e-01  9.691347137058e-02  1.132895413777e-01
  6.354479238617e-01  2.907592603046e-01  9.691347137058e-02  1.132895413777e-01   6.419904946986e-01  2.670934387250e-01  9.221949594633e-02  1.107619781678e-01
  6.419904946986e-01  2.670934387250e-01  9.221949594633e-02  1.107619781678e-01   6.481864347931e-01  2.341653737241e-01  8.460420173694e-02  1.070875672550e-01
  6.481864347931e-01  2.341653737241e-01  8.460420173694e-02  1.070875672550e-01   6.512438854144e-01  2.007915200633e-01  7.567085431713e-02  1.033336910106e-01
  6.512438854144e-01  2.007915200633e-01  7.567085431713e-02  1.033336910106e-01   6.515559680635e-01  1.770781627286e-01  6.862632843459e-02  1.007379959761e-01
  6.515559680635e-01  1.770781627286e-01  6.862632843459e-02  1.007379959761e-01   6.506537637078e-01  1.568928898532e-01  6.220166906808e-02  9.862321241031e-02
  6.506537637078e-01  1.568928898532e-01  6.220166906808e-02  9.862321241031e-02   6.469890665212e-01  1.241821811536e-01  5.101474108302e-02  9.547020985929e-02
  6.469890665212e-01  1.241821811536e-01  5.101474108302e-02  9.547020985929e-02   6.466424336360e-01  1.219536408796e-01  5.021983579768e-02  9.527054706662e-02
  6.466424336360e-01  1.219536408796e-01  5.021983579768e-02  9.527054706662e-02   6.463851653565e-01  1.203482532527e-01  4.964473768822e-02  9.512805728414e-02
  6.463851653565e-01  1.203482532527e-01  4.964473768822e-02  9.512805728414e-02   6.406958498425e-01  9.150697793218e-02  3.897784670188e-02  9.277782945522e-02
  6.406958498425e-01  9.150697793218e-02  3.897784670188e-02  9.277782945522e-02   6.336809577817e-01  6.488752164245e-02  2.862383695365e-02  9.101310267713e-02
  6.336809577817e-01  6.488752164245e-02  2.862383695365e-02  9.101310267713e-02   6.336454957037e-01  6.476730239439e-02  2.857609400423e-02  9.100612081120e-02
  6.336454957037e-01  6.476730239439e-02  2.857609400423e-02  9.100612081120e-02   6.336064937500e-01  6.463521264487e-02  2.852362793687e-02  9.099846039581e-02
  6.336064937500e-01  6.463521264487e-02  2.852362793687e-02  9.099846039581e-02   6.189954144216e-01  2.221602589148e-02  1.122726458090e-02  8.916395128067e-02
  6.189954144216e-01  2.221602589148e-02  1.122726458090e-02  8.916395128067e-02   6.147832464581e-01  1.180842345766e-02  6.874751275143e-03  8.891956530714e-02
  6.147832464581e-01  1.180842345766e-02  6.874751275143e-03  8.891956530714e-02   6.037028830584e-01 -1.313021403507e-02 -3.655742146686e-03  8.869545474751e-02
  6.037028830584e-01 -1.313021403507e-02 -3.655742146686e-03  8.869545474751e-02   5.918843439072e-01 -3.686195408055e-02 -1.372300215748e-02  8.898013241498e-02
  5.918843439072e-01 -3.686195408055e-02 -1.372300215748e-02  8.898013241498e-02   5.882854373184e-01 -4.363749484044e-02 -1.658957211142e-02  8.915351655262e-02
  5.882854373184e-01 -4.363749484044e-02 -1.658957211142e-02  8.915351655262e-02   5.833087905096e-01 -5.271584110256e-02 -2.041631277030e-02  8.945080278225e-02
  5.833087905096e-01 -5.271584110256e-02 -2.041631277030e-02  8.945080278225e-02   5.736547780677e-01 -6.948638780142e-02 -2.741960980597e-02  9.019602571269e-02
  5.736547780677e-01 -6.948638780142e-02 -2.741960980597e-02  9.019602571269e-02   5.661117493666e-01 -8.192821834903e-02 -3.253555460633e-02  9.091197831020e-02
  5.661117493666e-01 -8.192821834903e-02 -3.253555460633e-02  9.091197831020e-02   5.590697112705e-01 -9.309529266484e-02 -3.704970064486e-02  9.167034305150e-02
  5.590697112705e-01 -9.309529266484e-02 -3.704970064486e-02  9.167034305150e-02   5.513685103011e-01 -1.048726806126e-01 -4.171218778431e-02  9.258486881316e-02
  5.513685103011e-01 -1.048726806126e-01 -4.171218778431e-02  9.258486881316e-02   5.445408191063e-01 -1.149764741181e-01 -4.561670157414e-02  9.345902401831e-02
  5.445408191063e-01 -1.149764741181e-01 -4.561670157414e-02  9.345902401831e-02   5.382286572004e-01 -1.240637273810e-01 -4.904172945421e-02  9.431179942813e-02
  5.382286572004e-01 -1.240637273810e-01 -4.904172945421e-02  9.431179942813e-02   5.221612272032e-01 -1.462371585996e-01 -5.699264031025e-02  9.662851490786e-02
  5.221612272032e-01 -1.462371585996e-01 -5.699264031025e-02  9.662851490786e-02   5.094418175416e-01 -1.629540757798e-01 -6.253783003251e-02  9.855620821404e-02
  5.094418175416e-01 -1.629540757798e-01 -6.253783003251e-02  9.855620821404e-02   4.943877091912e-01 -1.819398263032e-01 -6.828333085239e-02  1.008700545126e-01
  4.943877091912e-01 -1.819398263032e-01 -6.828333085239e-02  1.008700545126e-01   4.806942151728e-01 -1.985619273339e-01 -7.276907721876e-02  1.029414792988e-01
  4.806942151728e-01 -1.985619273339e-01 -7.276907721876e-02  1.029414792988e-01   4.696690818899e-01 -2.115513228828e-01 -7.588700086933e-02  1.045454590071e-01
  4.696690818899e-01 -2.115513228828e-01 -7.588700086933e-02  1.045454590071e-01   4.518565202035e-01 -2.318794931787e-01 -8.003415204975e-02  1.069385323807e-01
  4.518565202035e-01 -2.318794931787e-01 -8.003415204975e-02  1.069385323807e-01   4.481914817483e-01 -2.359691198755e-01 -8.075615274360e-02  1.073918456834e-01
  4.481914817483e-01 -2.359691198755e-01 -8.075615274360e-02  1.073918456834e-01   4.387581730537e-01 -2.463585448115e-01 -8.241674951902e-02  1.084851095848e-01
  4.387581730537e-01 -2.463585448115e-01 -8.241674951902e-02  1.084851095848e-01   4.271012842095e-01 -2.589363771366e-01 -8.408997896230e-02  1.096719738651e-01
  4.271012842095e-01 -2.589363771366e-01 -8.408997896230e-02  1.096719738651e-01   4.225856709244e-01 -2.637342503349e-01 -8.463041076688e-02  1.100778814035e-01
  4.225856709244e-01 -2.637342503349e-01 -8.463041076688e-02  1.100778814035e-01   4.116062176707e-01 -2.752319142628e-01 -8.570613241184e-02  1.109280101218e-01
  4.116062176707e-01 -2.752319142628e-01 -8.570613241184e-02  1.109280101218e-01   3.931889055518e-01 -2.939979317363e-01 -8.680655455026e-02  1.118806148584e-01
  3.931889055518e-01 -2.939979317363e-01 -8.680655455026e-02  1.118806148584e-01   3.729521426714e-01 -3.138812765032e-01 -8.712141719105e-02  1.121821847440e-01
  3.729521426714e-01 -3.138812765032e-01 -8.712141719105e-02  1.121821847440e-01   3.638830185371e-01 -3.225427056577e-01 -8.700078530507e-02  1.120513004384e-01
  3.638830185371e-01 -3.225427056577e-01 -8.700078530507e-02  1.120513004384e-01   3.388178589658e-01 -3.456695803101e-01 -8.598197203747e-02  1.108179238012e-01
  3.388178589658e-01 -3.456695803101e-01 -8.598197203747e-02  1.108179238012e-01   3.340276375735e-01 -3.499519587341e-01 -8.569119945588e-02  1.104375771970e-01
  3.340276375735e-01 -3.499519587341e-01 -8.569119945588e-02  1.104375771970e-01   3.331309904569e-01 -3.507485906038e-01 -8.563385400822e-02  1.103613051798e-01
  3.331309904569e-01 -3.507485906038e-01 -8.563385400822e-02  1.103613051798e-01   3.029280906649e-01 -3.766571378682e-01 -8.326691487715e-02  1.068876662605e-01
  3.029280906649e-01 -3.766571378682e-01 -8.326691487715e-02  1.068876662605e-01   2.760549731447e-01 -3.981695940381e-01 -8.069451911377e-02  1.024288815358e-01
  2.760549731447e-01 -3.981695940381e-01 -8.069451911377e-02  1.024288815358e-01   2.707206677446e-01 -4.022646842082e-01 -8.015775446556e-02  1.014061397096e-01
  2.707206677446e-01 -4.022646842082e-01 -8.015775446556e-02  1.014061397096e-01   2.409249292662e-01 -4.240643024596e-01 -7.712706660934e-02  9.496051239265e-02
  2.409249292662e-01 -4.240643024596e-01 -7.712706660934e-02  9.496051239265e-02   2.376204289857e-01 -4.263696842209e-01 -7.679437017062e-02  9.417607060656e-02
  2.376204289857e-01 -4.263696842209e-01 -7.679437017062e-02  9.417607060656e-02   2.299443431362e-01 -4.316385447314e-01 -7.602899756557e-02  9.230591848331e-02
  2.299443431362e-01 -4.316385447314e-01 -7.602899756557e-02  9.230591848331e-02   2.029818189073e-01 -4.491937528919e-01 -7.346247335885e-02  8.526178517925e-02
  2.029818189073e-01 -4.491937528919e-01 -7.346247335885e-02  8.526178517925e-02   1.768254361164e-01 -4.648256312703e-01 -7.122747489467e-02  7.784744152411e-02
  1.768254361164e-01 -4.648256312703e-01 -7.122747489467e-02  7.784744152411e-02   1.661133979404e-01 -4.708367002121e-01 -7.040072156728e-02  7.468046863207e-02
  1.661133979404e-01 -4.708367002121e-01 -7.040072156728e-02  7.468046863207e-02   1.416423428154e-01 -4.837334936684e-01 -6.872676505728e-02  6.722511386296e-02
  1.416423428154e-01 -4.837334936684e-01 -6.872676505728e-02  6.722511386296e-02   1.273475040664e-01 -4.907390361623e-01 -6.789413973248e-02  6.275748442048e-02
  1.273475040664e-01 -4.907390361623e-01 -6.789413973248e-02  6.275748442048e-02   1.104885175586e-01 -4.985109112231e-01 -6.705419727485e-02  5.740975451019e-02
  1.104885175586e-01 -4.985109112231e-01 -6.705419727485e-02  5.740975451019e-02   8.716769806942e-02 -5.084049686158e-01 -6.614839511329e-02  4.991425566551e-02
  8.716769806942e-02 -5.084049686158e-01 -6.614839511329e-02  4.991425566551e-02   7.162664756318e-02 -5.144578688999e-01 -6.570938126444e-02  4.488055679152e-02
  7.162664756318e-02 -5.144578688999e-01 -6.570938126444e-02  4.488055679152e-02   4.502225861949e-02 -5.238404243655e-01 -6.525831235748e-02  3.623738947407e-02
  4.502225861949e-02 -5.238404243655e-01 -6.525831235748e-02  3.623738947407e-02   1.629739772722e-02 -5.326170378734e-01 -6.518423560506e-02  2.692686470123e-02
  1.629739772722e-02 -5.326170378734e-01 -6.518423560506e-02  2.692686470123e-02   3.010971636840e-04 -5.369093114464e-01 -6.532157337326e-02  2.177412587775e-02
  3.010971636840e-04 -5.369093114464e-01 -6.532157337326e-02  2.177412587775e-02  -2.146704273118e-02 -5.420795861367e-01 -6.570484825780e-02  1.481911968018e-02
 -2.146704273118e-02 -5.420795861367e-01 -6.570484825780e-02  1.481911968018e-02  -4.635730081885e-02 -5.470588684498e-01 -6.640797418484e-02  6.969612992903e-03
 -4.635730081885e-02 -5.470588684498e-01 -6.640797418484e-02  6.969612992903e-03  -5.289285731999e-02 -5.482033259013e-01 -6.663750592609e-02  4.929743643983e-03
 -5.289285731999e-02 -5.482033259013e-01 -6.663750592609e-02  4.929743643983e-03  -6.927101011521e-02 -5.507762068469e-01 -6.729154616456e-02 -1.390533578868e-04
 -6.927101011521e-02 -5.507762068469e-01 -6.729154616456e-02 -1.390533578868e-04  -8.765685979585e-02 -5.531649468440e-01 -6.815524782297e-02 -5.749952045288e-03
 -8.765685979585e-02 -5.531649468440e-01 -6.815524782297e-02 -5.749952045288e-03  -9.415451513266e-02 -5.538834205748e-01 -6.849203050946e-02 -7.711458836433e-03
 -9.415451513266e-02 -5.538834205748e-01 -6.849203050946e-02 -7.711458836433e-03  -1.320918977391e-01 -5.567737329202e-01 -7.076807901839e-02 -1.892107210444e-02
 -1.320918977391e-01 -5.567737329202e-01 -7.076807901839e-02 -1.892107210444e-02  -1.435375476036e-01 -5.572089772226e-01 -7.155286937270e-02 -2.221614661696e-02
 -1.435375476036e-01 -5.572089772226e-01 -7.155286937270e-02 -2.221614661696e-02  -1.873707341073e-01 -5.569959324502e-01 -7.493773559638e-02 -3.442698728522e-02
 -1.873707341073e-01 -5.569959324502e-01 -7.493773559638e-02 -3.442698728522e-02  -1.949721051405e-01 -5.566533745940e-01 -7.558138988603e-02 -3.647492750273e-02
 -1.949721051405e-01 -5.566533745940e-01 -7.558138988603e-02 -3.647492750273e-02  -2.212855174374e-01 -5.547594524242e-01 -7.792568514978e-02 -4.339478766090e-02
 -2.212855174374e-01 -5.547594524242e-01 -7.792568514978e-02 -4.339478766090e-02  -2.474428567309e-01 -5.517688886859e-01 -8.041840082049e-02 -5.000015192218e-02
 -2.474428567309e-01 -5.517688886859e-01 -8.041840082049e-02 -5.000015192218e-02  -2.540388044336e-01 -5.508367555462e-01 -8.106989025763e-02 -5.162067122296e-02
 -2.540388044336e-01 -5.508367555462e-01 -8.106989025763e-02 -5.162067122296e-02  -2.673815512215e-01 -5.487276322656e-01 -8.241331574199e-02 -5.484110223123e-02
 -2.673815512215e-01 -5.487276322656e-01 -8.241331574199e-02 -5.484110223123e-02  -2.900700053290e-01 -5.444394809547e-01 -8.476813940220e-02 -6.013360882838e-02
 -2.900700053290e-01 -5.444394809547e-01 -8.476813940220e-02 -6.013360882838e-02  -2.997722585124e-01 -5.423289636909e-01 -8.579867718656e-02 -6.232344547566e-02
 -2.997722585124e-01 -5.423289636909e-01 -8.579867718656e-02 -6.232344547566e-02  -3.330632160189e-01 -5.337704944869e-01 -8.941654734657e-02 -6.948276293316e-02
 -3.330632160189e-01 -5.337704944869e-01 -8.941654734657e-02 -6.948276293316e-02  -3.521062894601e-01 -5.279124444373e-01 -9.152416463058e-02 -7.331606697596e-02
 -3.521062894601e-01 -5.279124444373e-01 -9.152416463058e-02 -7.331606697596e-02  -3.859237804751e-01 -5.156387910132e-01 -9.528027344090e-02 -7.960985740793e-02
 -3.859237804751e-01 -5.156387910132e-01 -9.528027344090e-02 -7.960985740793e-02  -4.044208966514e-01 -5.078287969530e-01 -9.731190509186e-02 -8.275093631367e-02
 -4.044208966514e-01 -5.078287969530e-01 -9.731190509186e-02 -8.275093631367e-02  -4.259924250126e-01 -4.976420526226e-01 -9.962689066775e-02 -8.611903081250e-02
 -4.259924250126e-01 -4.976420526226e-01 -9.962689066775e-02 -8.611903081250e-02  -4.550223307491e-01 -4.818906642130e-01 -1.025807470061e-01 -9.009934937330e-02
 -4.550223307491e-01 -4.818906642130e-01 -1.025807470061e-01 -9.009934937330e-02  -4.594927343936e-01 -4.792357232444e-01 -1.030123097105e-01 -9.065111348537e-02
 -4.594927343936e-01 -4.792357232444e-01 -1.030123097105e-01 -9.065111348537e-02  -4.735410390404e-01 -4.704548666502e-01 -1.043154378338e-01 -9.227009188450e-02
 -4.735410390404e-01 -4.704548666502e-01 -1.043154378338e-01 -9.227009188450e-02  -4.980832298711e-01 -4.533559483930e-01 -1.063464608596e-01 -9.464528031662e-02
 -4.980832298711e-01 -4.533559483930e-01 -1.063464608596e-01 -9.464528031662e-02  -5.020916811435e-01 -4.503271013787e-01 -1.066411124807e-01 -9.497368838056e-02
 -5.020916811435e-01 -4.503271013787e-01 -1.066411124807e-01 -9.497368838056e-02  -5.373392475047e-01 -4.202493595774e-01 -1.086000165293e-01 -9.702924679360e-02
 -5.373392475047e-01 -4.202493595774e-01 -1.086000165293e-01 -9.702924679360e-02  -5.449924240548e-01 -4.127593613159e-01 -1.088313180478e-01 -9.725242076308e-02
 -5.449924240548e-01 -4.127593613159e-01 -1.088313180478e-01 -9.725242076308e-02  -5.490674696992e-01 -4.086048310825e-01 -1.089179746009e-01 -9.733413264400e-02
 -5.490674696992e-01 -4.086048310825e-01 -1.089179746009e-01 -9.733413264400e-02  -5.827299347256e-01 -3.687551529642e-01 -1.083223705788e-01 -9.684284154887e-02
 -5.100879779994e-03  7.948566393720e-03  3.935539631443e-01  3.809319322077e-01  -5.481039864190e-03  8.380372669789e-03  4.258320790384e-01  3.358311918380e-01
 -5.481039864190e-03  8.380372669789e-03  4.258320790384e-01  3.358311918380e-01  -5.827739578516e-03  8.845777573394e-03  4.548684911207e-01  2.871679235250e-01
 -5.827739578516e-03  8.845777573394e-03  4.548684911207e-01  2.871679235250e-01  -5.100879779994e-03  7.948566393720e-03  3.935539631443e-01  3.809319322077e-01
 -4.268734076300e-03  7.199535842726e-03  3.225047156330e-01  4.580887989870e-01  -3.812408896433e-03  6.872998636827e-03  2.837676081450e-01  4.908735784481e-01
 -3.812408896433e-03  6.872998636827e-03  2.837676081450e-01  4.908735784481e-01  -3.337074000220e-03  6.582470471529e-03  2.438043182606e-01  5.193569880024e-01
 -3.337074000220e-03  6.582470471529e-03  2.438043182606e-01  5.193569880024e-01  -2.353809711918e-03  6.114802288368e-03  1.628069956234e-01  5.632214455950e-01
 -2.353809711918e-03  6.114802288368e-03  1.628069956234e-01  5.632214455950e-01  -1.836622482528e-03  5.931066734195e-03  1.212410167529e-01  5.794483500138e-01
 -1.836622482528e-03  5.931066734195e-03  1.212410167529e-01  5.794483500138e-01  -1.309359346119e-03  5.783243756433e-03  7.965446921740e-02  5.918188239130e-01
 -1.309359346119e-03  5.783243756433e-03  7.965446921740e-02  5.918188239130e-01  -2.462609754506e-04  5.597756334942e-03 -1.712187036246e-03  6.054618166728e-01
 -2.462609754506e-04  5.597756334942e-03 -1.712187036246e-03  6.054618166728e-01   3.010971636842e-04  5.558350715769e-03 -4.231296885252e-02  6.071781290994e-01
  3.010971636842e-04  5.558350715769e-03 -4.231296885252e-02  6.071781290994e-01   8.518932583195e-04  5.556551259334e-03 -8.230207854457e-02  6.055453320724e-01
  8.518932583195e-04  5.556551259334e-03 -8.230207854457e-02  6.055453320724e-01   1.940987700240e-03  5.666732899499e-03 -1.589367494540e-01  5.928529396770e-01
  1.940987700240e-03  5.666732899499e-03 -1.589367494540e-01  5.928529396770e-01   2.489889286950e-03  5.782297690954e-03 -1.964237616617e-01  5.817551443657e-01
  2.489889286950e-03  5.782297690954e-03 -1.964237616617e-01  5.817551443657e-01   3.033014119928e-03  5.939508171584e-03 -2.328462896624e-01  5.675870860170e-01
  3.033014119928e-03  5.939508171584e-03 -2.328462896624e-01  5.675870860170e-01   4.074205285525e-03  6.375677226445e-03 -3.011111141913e-01  5.307530823620e-01
  4.074205285525e-03  6.375677226445e-03 -3.011111141913e-01  5.307530823620e-01   4.578739180908e-03  6.662116754825e-03 -3.336418549764e-01  5.076063488521e-01
  4.578739180908e-03  6.662116754825e-03 -3.336418549764e-01  5.076063488521e-01   5.061421012091e-03  6.992841833736e-03 -3.645818118689e-01  4.814531601677e-01
  5.061421012091e-03  6.992841833736e-03 -3.645818118689e-01  4.814531601677e-01   5.928964249816e-03  7.772542570547e-03 -4.202785916067e-01  4.210253218016e-01
  5.928964249816e-03  7.772542570547e-03 -4.202785916067e-01  4.210253218016e-01   6.314843215931e-03  8.229054941985e-03 -4.454121974218e-01  3.859028354410e-01
  6.314843215931e-03  8.229054941985e-03 -4.454121974218e-01  3.859028354410e-01   6.657049274494e-03  8.723035890966e-03 -4.681518291636e-01  3.477655986464e-01
  6.657049274494e-03  8.723035890966e-03 -4.681518291636e-01  3.477655986464e-01   7.184348762509e-03  9.790629465373e-03 -5.049263543309e-01  2.638342002683e-01
  7.184348762509e-03  9.790629465373e-03 -5.049263543309e-01  2.638342002683e-01   7.368522366112e-03  1.036831620537e-02 -5.188655099423e-01  2.170457939306e-01
  7.368522366112e-03  1.036831620537e-02 -5.188655099423e-01  2.170457939306e-01   7.492883307193e-03  1.096213976523e-02 -5.291990693442e-01  1.676192282959e-01
  7.492883307193e-03  1.096213976523e-02 -5.291990693442e-01  1.676192282959e-01   7.558472433308e-03  1.215390226787e-02 -5.377005189377e-01  6.353794922572e-02
  7.558472433308e-03  1.215390226787e-02 -5.377005189377e-01  6.353794922572e-02   7.501512403733e-03  1.275467474833e-02 -5.353909507067e-01  8.314622464093e-03
  7.501512403733e-03  1.275467474833e-02 -5.353909507067e-01  8.314622464093e-03   7.386404013852e-03  1.334450373944e-02 -5.283369622468e-01 -4.776559150104e-02
  7.386404013852e-03  1.334450373944e-02 -5.283369622468e-01 -4.776559150104e-02   7.001691386599e-03  1.445408748388e-02 -5.003141437190e-01 -1.579283076817e-01
  7.001691386599e-03  1.445408748388e-02 -5.003141437190e-01 -1.579283076817e-01   6.734778210410e-03  1.498010548935e-02 -4.792152551742e-01 -2.118987829897e-01
  6.734778210410e-03  1.498010548935e-02 -4.792152551742e-01 -2.118987829897e-01   6.425439879395e-03  1.547686615881e-02 -4.538936466480e-01 -2.635388126425e-01
  6.425439879395e-03  1.547686615881e-02 -4.538936466480e-01 -2.635388126425e-01   5.708477420499e-03  1.636182624407e-02 -3.934123880614e-01 -3.560252916922e-01
  5.708477420499e-03  1.636182624407e-02 -3.934123880614e-01 -3.560252916922e-01   5.299402156395e-03  1.675929521783e-02 -3.584775227048e-01 -3.972304353250e-01
  5.299402156395e-03  1.675929521783e-02 -3.584775227048e-01 -3.972304353250e-01   4.864832013502e-03  1.712123290972e-02 -3.213831743552e-01 -4.342499525722e-01
  4.864832013502e-03  1.712123290972e-02 -3.213831743552e-01 -4.342499525722e-01   3.945881700188e-03  1.772986351511e-02 -2.437548978833e-01 -4.946803452121e-01
  3.945881700188e-03  1.772986351511e-02 -2.437548978833e-01 -4.946803452121e-01   3.454439136628e-03  1.798489693487e-02 -2.029574500831e-01 -5.189827519748e-01
  3.454439136628e-03  1.798489693487e-02 -2.029574500831e-01 -5.189827519748e-01   2.949010278685e-03  1.820401376957e-02 -1.616377323594e-01 -5.391538421725e-01
  2.949010278685e-03  1.820401376957e-02 -1.616377323594e-01 -5.391538421725e-01   1.918821354125e-03  1.853104091272e-02 -7.961998144038e-02 -5.673590154337e-01
  1.918821354125e-03  1.853104091272e-02 -7.961998144038e-02 -5.673590154337e-01   1.383292867409e-03  1.864327463716e-02 -3.820418106107e-02 -5.760657150367e-01
  1.383292867409e-03  1.864327463716e-02 -3.820418106107e-02 -5.760657150367e-01   8.410040654894e-04  1.871909521954e-02  2.872939400778e-03 -5.811922633674e-01
  8.410040654894e-04  1.871909521954e-02  2.872939400778e-03 -5.811922633674e-01  -2.421547058352e-04  1.875974398103e-02  8.236230014017e-02 -5.812737310830e-01
 -2.421547058352e-04  1.875974398103e-02  8.236230014017e-02 -5.812737310830e-01  -7.945042124615e-04  1.872361042766e-02  1.216313664954e-01 -5.764293403153e-01
 -7.945042124615e-04  1.872361042766e-02  1.216313664954e-01 -5.764293403153e-01  -1.346322457361e-03  1.864802578869e-02  1.600580482424e-01 -5.684060662754e-01
 -1.346322457361e-03  1.864802578869e-02  1.600580482424e-01 -5.684060662754e-01  -2.423448567862e-03  1.837898909306e-02  2.329582935308e-01 -5.434852301959e-01
 -2.423448567862e-03  1.837898909306e-02  2.329582935308e-01 -5.434852301959e-01  -2.957645948731e-03  1.817966118165e-02  2.682159280899e-01 -5.263214565144e-01
 -2.957645948731e-03  1.817966118165e-02  2.682159280899e-01 -5.263214565144e-01  -3.479033123392e-03  1.793676842306e-02  3.021680258346e-01 -5.061408747805e-01
 -3.479033123392e-03  1.793676842306e-02  3.021680258346e-01 -5.061408747805e-01  -4.452798785849e-03  1.732803893623e-02  3.647725212375e-01 -4.575148881963e-01
 -4.452798785849e-03  1.732803893623e-02  3.647725212375e-01 -4.575148881963e-01  -4.908816867051e-03  1.695409506023e-02  3.939786813710e-01 -4.283914000401e-01
 -4.908816867051e-03  1.695409506023e-02  3.939786813710e-01 -4.283914000401e-01  -5.332314505285e-03  1.653754713949e-02  4.212393946023e-01 -3.962495189669e-01
 -5.332314505285e-03  1.653754713949e-02  4.212393946023e-01 -3.962495189669e-01  -6.050495431598e-03  1.560001485410e-02  4.684604795856e-01 -3.239910891327e-01
 -6.050495431598e-03  1.560001485410e-02  4.684604795856e-01 -3.239910891327e-01  -6.344503907994e-03  1.507306223087e-02  4.885772956109e-01 -2.829074338352e-01
 -6.344503907994e-03  1.507306223087e-02  4.885772956109e-01 -2.829074338352e-01  -6.585064652226e-03  1.451767492098e-02  5.057418757167e-01 -2.388972307619e-01
 -6.585064652226e-03  1.451767492098e-02  5.057418757167e-01 -2.388972307619e-01  -6.889400094496e-03  1.336211843410e-02  5.296858482329e-01 -1.439955043429e-01
 -6.889400094496e-03  1.336211843410e-02  5.296858482329e-01 -1.439955043429e-01  -6.953353385969e-03  1.275915224174e-02  5.361281341836e-01 -9.223132763809e-02
 -6.953353385969e-03  1.275915224174e-02  5.361281341836e-01 -9.223132763809e-02  -6.955902487302e-03  1.215390248157e-02  5.383023393845e-01 -3.847575829595e-02
 -6.955902487302e-03  1.215390248157e-02  5.383023393845e-01 -3.847575829595e-02  -6.786162093905e-03  1.097952109704e-02  5.290680980685e-01  7.131251410126e-02
 -6.786162093905e-03  1.097952109704e-02  5.290680980685e-01  7.131251410126e-02  -6.616768940781e-03  1.040618971264e-02  5.172504006025e-01  1.275052024150e-01
 -6.616768940781e-03  1.040618971264e-02  5.172504006025e-01  1.275052024150e-01  -6.396154916595e-03  9.854601499647e-03  5.006580958334e-01  1.829943642566e-01
 -6.396154916595e-03  9.854601499647e-03  5.006580958334e-01  1.829943642566e-01  -4.268734076300e-03  7.199535842726e-03  3.225047156330e-01  4.580887989870e-01
