LENS PARMS:
   alpha 5.578302e-01 7.845437e-01 1.394420e-01 4.332566e-01 -4.536536e+01 0.0 0.0 0.0 0.0 1.000000e+00
 expdisk 6.546344e-01 8.502520e-01 2.045468e-01 8.000000e-01 -6.353358e+01 0.0 0.0 2.305557e-01 0.0 0.0
SOURCE PARMS:
   ptsrc 1.641263e+00 6.781120e-01 7.069669e-04 0.0 0.0 0.0 0.0 0.0
CHISQ: 1.832941e+01 1.778171e+01 5.477062e-01 0.000000e+00 4.633062e-10 0.000000e+00 0.000000e+00 0.000000e+00 0.000000e+00 # tot pos flux tdel gal plim crv ring weak

Source #1
  posn:  6.781120e-01  7.069669e-04
  flux:  1.641263e+00
     h:  7.000000e-01
  zsrc:  1.340000e+00
tscale:  5.029346e+01
images:
   0.0000   0.0000 (3.0e-03)  15.6000 ( 1.50e+00)   0.00 (0.0e+00) ->   0.0089   0.0020  15.1338   2.2836
   0.0600  -0.1540 (3.0e-03)  13.1040 ( 1.30e+00)   0.00 (0.0e+00) ->   0.0522  -0.1570  13.7208   2.3192
   0.8000  -0.6640 (3.0e-03)   6.5208 ( 6.50e-01)   0.00 (0.0e+00) ->   0.7993  -0.6647   6.2461   0.0000
   1.1600   0.4610 (3.0e-03)   1.2792 ( 1.30e-01)   0.00 (0.0e+00) ->   1.1587   0.4628   1.3075  19.2131


