LENS PARMS:
   alpha 5.118080e-01 7.699605e-01 1.825623e-01 4.720545e-01 -4.474911e+01 0.0 0.0 0.0 0.0 1.000000e+00
 expdisk 8.050230e-01 9.066177e-01 1.292100e-01 7.357690e-01 -6.631702e+01 0.0 0.0 2.573069e-01 0.0 0.0
SOURCE PARMS:
   ptsrc 1.659383e+00 6.682136e-01 1.070196e-02 0.0 0.0 0.0 0.0 0.0
CHISQ: 4.882351e+01 1.375036e+01 3.507316e+01 0.000000e+00 4.641492e-10 0.000000e+00 0.000000e+00 0.000000e+00 0.000000e+00 # tot pos flux tdel gal plim crv ring weak

Source #1
  posn:  6.682136e-01  1.070196e-02
  flux:  1.659383e+00
     h:  7.000000e-01
  zsrc:  1.340000e+00
tscale:  5.029346e+01
images:
   0.0000   0.0000 (3.0e-03)  15.6000 ( 1.50e+00)   0.00 (0.0e+00) ->   0.0081   0.0022  15.0811   2.9386
   0.0549  -0.1548 (3.0e-03)  13.1040 ( 5.00e-01)   0.00 (0.0e+00) ->   0.0526  -0.1574  13.4360   2.9742
   0.7958  -0.6527 (3.0e-03)   6.5208 ( 3.00e-01)   0.00 (0.0e+00) ->   0.7933  -0.6579   5.2797   0.0000
   1.1466   0.4479 (3.0e-03)   1.2792 ( 1.30e-01)   0.00 (0.0e+00) ->   1.1450   0.4503   1.8214  20.6382


