LENS PARMS:
   alpha 5.063179e-01 7.228881e-01 1.500810e-01 4.964619e-03 8.187459e+01 0.0 0.0 0.0 0.0 1.000000e+00
 expdisk 2.687767e-01 8.644063e-01 1.558672e-01 7.580592e-01 -5.495913e+01 0.0 0.0 7.434824e-01 0.0 0.0
SOURCE PARMS:
   ptsrc 1.157193e+00 7.009131e-01 4.458968e-02 0.0 0.0 0.0 0.0 0.0
CHISQ: 3.180800e+01 1.454220e+01 1.726581e+01 0.000000e+00 4.393493e-10 0.000000e+00 0.000000e+00 0.000000e+00 0.000000e+00 # tot pos flux tdel gal plim crv ring weak

Source #1
  posn:  7.009131e-01  4.458968e-02
  flux:  1.157193e+00
     h:  7.000000e-01
  zsrc:  1.340000e+00
tscale:  5.029346e+01
images:
   0.0000   0.0000 (3.0e-03)  15.6000 ( 1.50e+00)   0.00 (0.0e+00) ->   0.0082   0.0011  15.2059   3.8395
   0.0600  -0.1560 (3.0e-03)  13.1040 ( 1.30e+00)   0.00 (0.0e+00) ->   0.0525  -0.1584  12.1841   3.8682
   0.8120  -0.6630 (3.0e-03)   6.5208 ( 6.50e-01)   0.00 (0.0e+00) ->   0.8116  -0.6634   4.4321   0.0000
   1.1740   0.4590 (3.0e-03)   1.2792 ( 1.30e-01)   0.00 (0.0e+00) ->   1.1739   0.4588   1.6073  13.6074


