LENS PARMS:
   alpha 3.461033e-01 8.315902e-01 1.866747e-01 5.334663e-01 -4.662261e+01 0.0 0.0 0.0 0.0 1.000000e+00
 expdisk 1.566986e+00 7.800000e-01 1.277269e-01 7.054193e-01 -5.737804e+01 0.0 0.0 2.769833e-01 0.0 0.0
SOURCE PARMS:
   ptsrc 2.699509e+00 6.829010e-01 -3.079152e-02 0.0 0.0 0.0 0.0 0.0
CHISQ: 3.406110e+00 2.781415e+00 6.246943e-01 0.000000e+00 4.641636e-10 0.000000e+00 0.000000e+00 0.000000e+00 0.000000e+00 # tot pos flux tdel gal plim crv ring weak

Source #1
  posn:  6.829010e-01 -3.079152e-02
  flux:  2.699509e+00
     h:  7.000000e-01
  zsrc:  1.340000e+00
tscale:  5.029346e+01
images:
   0.0000   0.0000 (1.0e-02)  15.6000 ( 1.50e+00)   0.00 (0.0e+00) ->   0.0127   0.0019  16.2955   5.1644
   0.0510  -0.1600 (1.0e-02)  13.1040 ( 1.30e+00)   0.00 (0.0e+00) ->   0.0431  -0.1650  12.8466   5.2167
   0.8060  -0.6700 (1.0e-02)   6.5208 ( 6.50e-01)   0.00 (0.0e+00) ->   0.8042  -0.6731   6.1533   0.0000
   1.1630   0.4600 (1.0e-02)   1.2792 ( 1.30e-01)   0.00 (0.0e+00) ->   1.1613   0.4633   1.3085  24.7970


