LENS PARMS:
   alpha 4.661468e-01 6.920921e-01 1.500810e-01 2.361523e-01 4.700463e+01 0.0 0.0 0.0 0.0 1.000000e+00
 expdisk 2.402177e-01 8.106616e-01 1.558672e-01 8.363383e-01 -5.511128e+01 0.0 0.0 8.843110e-01 0.0 0.0
SOURCE PARMS:
   ptsrc 2.016298e+00 6.989343e-01 4.009739e-02 0.0 0.0 0.0 0.0 0.0
CHISQ: 8.219730e+01 1.556612e+01 6.663118e+01 0.000000e+00 4.185159e-10 0.000000e+00 0.000000e+00 0.000000e+00 0.000000e+00 # tot pos flux tdel gal plim crv ring weak

Source #1
  posn:  6.989343e-01  4.009739e-02
  flux:  2.016298e+00
     h:  7.000000e-01
  zsrc:  1.340000e+00
tscale:  5.029346e+01
images:
   0.0000   0.0000 (3.0e-03)  15.6000 ( 5.00e-01)   0.00 (0.0e+00) ->   0.0079  -0.0022  17.2978   6.2484
   0.0600  -0.1540 (3.0e-03)  13.1040 ( 3.00e-01)   0.00 (0.0e+00) ->   0.0516  -0.1545  12.0959   6.2926
   0.8000  -0.6640 (3.0e-03)   6.5208 ( 6.50e-02)   0.00 (0.0e+00) ->   0.8000  -0.6634   6.4623   0.0000
   1.1600   0.4610 (3.0e-03)   1.2792 ( 1.30e-01)   0.00 (0.0e+00) ->   1.1605   0.4600   2.1317  13.6311


