10% flux err

LENS PARMS:
   alpha 5.368428e-01 7.728642e-01 1.733858e-01 3.168428e-01 -5.400189e+01 0.0 0.0 0.0 0.0 1.000000e+00
 expdisk 3.329285e-01 7.800000e-01 1.100000e-01 8.000000e-01 -5.526935e+01 0.0 0.0 4.790769e-01 0.0 0.0
SOURCE PARMS:
   ptsrc 1.596437e+00 6.855620e-01 2.017795e-02 0.0 0.0 0.0 0.0 0.0
CHISQ: 1.331808e+01 2.628069e+00 1.069002e+01 0.000000e+00 4.398734e-10 0.000000e+00 0.000000e+00 0.000000e+00 0.000000e+00 # tot pos flux tdel gal plim crv ring weak

Source #1
  posn:  6.855620e-01  2.017795e-02
  flux:  1.596437e+00
     h:  7.000000e-01
  zsrc:  1.340000e+00
tscale:  5.029346e+01
images:
   0.0000   0.0000 (1.0e-02)  15.6000 ( 1.50e+00)   0.00 (0.0e+00) ->   0.0094   0.0024  17.6291   4.8919
   0.0510  -0.1600 (1.0e-02)  13.1040 ( 1.30e+00)   0.00 (0.0e+00) ->   0.0517  -0.1693  12.2725   4.9310
   0.8060  -0.6700 (1.0e-02)   6.5208 ( 6.50e-01)   0.00 (0.0e+00) ->   0.8035  -0.6772   4.7333   0.0000
   1.1630   0.4600 (1.0e-02)   1.2792 ( 1.30e-01)   0.00 (0.0e+00) ->   1.1593   0.4633   1.4018  19.0702


