LENS PARMS:
   alpha 5.638382e-01 8.502520e-01 2.544088e-01 5.428155e-01 -4.469556e+01 0.0 0.0 0.0 0.0 1.000000e+00
 expdisk 5.786340e-01 1.104669e+00 3.890651e-01 8.836314e-01 -6.185908e+01 0.0 0.0 2.817546e-01 0.0 0.0
SOURCE PARMS:
   ptsrc 2.071259e+00 6.882420e-01 4.088476e-02 0.0 0.0 0.0 0.0 0.0
CHISQ: 9.996671e-05 9.969441e-05 2.717272e-07 0.000000e+00 5.701792e-10 0.000000e+00 0.000000e+00 0.000000e+00 0.000000e+00 # tot pos flux tdel gal plim crv ring weak

Source #1
  posn:  6.882420e-01  4.088476e-02
  flux:  2.071259e+00
     h:  7.000000e-01
  zsrc:  1.340000e+00
tscale:  5.029346e+01
images:
   0.0000   0.0000 (3.0e-02)  15.6000 ( 1.50e+00)   0.00 (0.0e+00) ->   0.0002   0.0001  15.6001   2.6946
   0.0600  -0.1540 (3.0e-02)  13.1040 ( 1.30e+00)   0.00 (0.0e+00) ->   0.0598  -0.1541  13.1035   2.7416
   0.8000  -0.6640 (3.0e-02)   6.5208 ( 6.50e-01)   0.00 (0.0e+00) ->   0.8000  -0.6640   6.5208   0.0000
   1.1600   0.4610 (3.0e-02)   1.2792 ( 1.30e-01)   0.00 (0.0e+00) ->   1.1600   0.4610   1.2792  31.9890


