LENS PARMS:
   alpha 3.883615e-01 7.148601e-01 1.277269e-01 3.176479e-01 -4.710379e+01 0.0 0.0 0.0 0.0 1.000000e+00
 expdisk 1.184572e+00 7.940000e-01 1.277269e-01 7.242722e-01 -5.682649e+01 0.0 0.0 3.208533e-01 0.0 0.0
SOURCE PARMS:
   ptsrc 1.917536e+00 6.709348e-01 -1.259762e-02 0.0 0.0 0.0 0.0 0.0
CHISQ: 6.674966e+00 1.160510e+00 5.514456e+00 0.000000e+00 4.202341e-10 0.000000e+00 0.000000e+00 0.000000e+00 0.000000e+00 # tot pos flux tdel gal plim crv ring weak

Source #1
  posn:  6.709348e-01 -1.259762e-02
  flux:  1.917536e+00
     h:  7.000000e-01
  zsrc:  1.340000e+00
tscale:  5.029346e+01
images:
   0.0000   0.0000 (3.0e-03)  15.6000 ( 1.50e+00)   0.00 (0.0e+00) ->  -0.0023  -0.0003  16.9930   5.1169
   0.0200  -0.1560 (3.0e-03)  13.1040 ( 1.30e+00)   0.00 (0.0e+00) ->   0.0219  -0.1557  12.9764   5.1491
   0.8120  -0.6630 (3.0e-03)   6.5208 ( 6.50e-01)   0.00 (0.0e+00) ->   0.8124  -0.6628   5.1860   0.0000
   1.1740   0.4590 (3.0e-03)   1.2792 ( 1.30e-01)   0.00 (0.0e+00) ->   1.1747   0.4582   1.3640  18.8225


