LENS PARMS:
   alpha 3.705600e-01 7.134839e-01 1.500810e-01 3.675722e-01 6.146772e+01 0.0 0.0 0.0 0.0 1.000000e+00
 expdisk 4.387314e-01 8.010764e-01 1.558672e-01 6.520863e-01 -4.815067e+01 0.0 0.0 8.176660e-01 0.0 0.0
SOURCE PARMS:
   ptsrc 8.301128e-01 6.955267e-01 6.889916e-02 0.0 0.0 0.0 0.0 0.0
CHISQ: 4.850324e+01 1.250599e+01 3.599725e+01 0.000000e+00 4.244535e-10 0.000000e+00 0.000000e+00 0.000000e+00 0.000000e+00 # tot pos flux tdel gal plim crv ring weak

Source #1
  posn:  6.955267e-01  6.889916e-02
  flux:  8.301128e-01
     h:  7.000000e-01
  zsrc:  1.340000e+00
tscale:  5.029346e+01
images:
   0.0000   0.0000 (3.0e-03)  15.6000 ( 1.50e+00)   0.00 (0.0e+00) ->   0.0084   0.0024  16.3742   3.4644
   0.0600  -0.1540 (3.0e-03)  13.1040 ( 1.30e+00)   0.00 (0.0e+00) ->   0.0566  -0.1555  13.2396   3.4846
   0.8000  -0.6640 (3.0e-03)   6.5208 ( 6.50e-01)   0.00 (0.0e+00) ->   0.7972  -0.6653   2.7722   0.0000
   1.1600   0.4610 (3.0e-03)   1.2792 ( 1.30e-01)   0.00 (0.0e+00) ->   1.1584   0.4641   1.4832  11.9624


