#
# Columns: x1 y1 u1 v1 x2 y2 u2 v2
#
# To plot the image plane curves, connect each (x1,y1)
# to the (x2,y2) on the same line -- do *not* connect
# consecutive lines!
#
# To plot the source plane curves, do the same for
# (u1,v1) and (u2,v2).
#
 -1.375094899686e-02 -4.720533158787e-01  4.565234273217e-01 -1.173911502060e-01  -6.712561840312e-02 -4.067880348782e-01  4.519860957150e-01 -1.212911119831e-01
 -6.712561840312e-02 -4.067880348782e-01  4.519860957150e-01 -1.212911119831e-01  -6.896872498130e-02 -4.016897469931e-01  4.531804767782e-01 -1.205333834047e-01
 -6.896872498130e-02 -4.016897469931e-01  4.531804767782e-01 -1.205333834047e-01  -7.258505558110e-02 -3.891322410586e-01  4.567867600360e-01 -1.183089310381e-01
 -7.258505558110e-02 -3.891322410586e-01  4.567867600360e-01 -1.183089310381e-01  -7.194097192084e-02 -3.016274500739e-01  5.014800630411e-01 -9.482865873105e-02
 -7.194097192084e-02 -3.016274500739e-01  5.014800630411e-01 -9.482865873105e-02  -7.113256273137e-02 -2.976865246734e-01  5.041090539710e-01 -9.360956329479e-02
 -7.113256273137e-02 -2.976865246734e-01  5.041090539710e-01 -9.360956329479e-02  -6.785396021836e-02 -2.836999792646e-01  5.137732313311e-01 -8.925029284145e-02
 -6.785396021836e-02 -2.836999792646e-01  5.137732313311e-01 -8.925029284145e-02  -4.767294626438e-02 -2.238246558033e-01  5.601614375637e-01 -7.069575411256e-02
 -4.767294626438e-02 -2.238246558033e-01  5.601614375637e-01 -7.069575411256e-02  -3.415961479675e-02 -1.930783234512e-01  5.865050717858e-01 -6.171002831077e-02
 -3.415961479675e-02 -1.930783234512e-01  5.865050717858e-01 -6.171002831077e-02  -2.180923332123e-02 -1.678872343807e-01  6.090491836146e-01 -5.483774794000e-02
 -2.180923332123e-02 -1.678872343807e-01  6.090491836146e-01 -5.483774794000e-02  -1.224090569816e-02 -1.496514905061e-01  6.258026879196e-01 -5.020218487813e-02
 -1.224090569816e-02 -1.496514905061e-01  6.258026879196e-01 -5.020218487813e-02   2.196778765585e-03 -1.236652370604e-01  6.501655749041e-01 -4.416415801299e-02
  2.196778765585e-03 -1.236652370604e-01  6.501655749041e-01 -4.416415801299e-02   2.078280515017e-02 -9.219155445229e-02  6.801975334555e-01 -3.785696151858e-02
  2.078280515017e-02 -9.219155445229e-02  6.801975334555e-01 -3.785696151858e-02   2.671243004687e-02 -8.250974474013e-02  6.895032046350e-01 -3.615715737314e-02
  2.671243004687e-02 -8.250974474013e-02  6.895032046350e-01 -3.615715737314e-02   3.095725830938e-02 -7.566786659573e-02  6.960883708822e-01 -3.502743238537e-02
  3.095725830938e-02 -7.566786659573e-02  6.960883708822e-01 -3.502743238537e-02   5.201344088583e-02 -4.264903398008e-02  7.278516218752e-01 -3.043905198259e-02
  5.201344088583e-02 -4.264903398008e-02  7.278516218752e-01 -3.043905198259e-02   7.553844384545e-02 -7.145671192461e-03  7.616203128060e-01 -2.716508288837e-02
  7.553844384545e-02 -7.145671192461e-03  7.616203128060e-01 -2.716508288837e-02   7.644396729768e-02 -5.801650083126e-03  7.628840424119e-01 -2.707565729412e-02
  7.644396729768e-02 -5.801650083126e-03  7.628840424119e-01 -2.707565729412e-02   7.745867228178e-02 -4.297292459196e-03  7.642969368487e-01 -2.697856198005e-02
  7.745867228178e-02 -4.297292459196e-03  7.642969368487e-01 -2.697856198005e-02   1.208094694198e-01  5.865240750508e-02  8.213793644369e-01 -2.571963746781e-02
  1.208094694198e-01  5.865240750508e-02  8.213793644369e-01 -2.571963746781e-02   1.286087908239e-01  6.977895076778e-02  8.309321740507e-01 -2.604794348373e-02
  1.286087908239e-01  6.977895076778e-02  8.309321740507e-01 -2.604794348373e-02   1.663912613754e-01  1.232232975155e-01  8.737594420955e-01 -2.967210325989e-02
  1.663912613754e-01  1.232232975155e-01  8.737594420955e-01 -2.967210325989e-02   1.726845496576e-01  1.320762605243e-01  8.802993366958e-01 -3.056387707778e-02
  1.726845496576e-01  1.320762605243e-01  8.802993366958e-01 -3.056387707778e-02   1.948577304348e-01  1.631964958681e-01  9.018798303530e-01 -3.423097116828e-02
  1.948577304348e-01  1.631964958681e-01  9.018798303530e-01 -3.423097116828e-02   2.113821505940e-01  1.863218702315e-01  9.164154003878e-01 -3.739377314163e-02
  2.113821505940e-01  1.863218702315e-01  9.164154003878e-01 -3.739377314163e-02   2.187251188450e-01  1.965763416675e-01  9.224345613241e-01 -3.888656308463e-02
  2.187251188450e-01  1.965763416675e-01  9.224345613241e-01 -3.888656308463e-02   2.314385749451e-01  2.142895803639e-01  9.322028331717e-01 -4.156117276218e-02
  2.314385749451e-01  2.142895803639e-01  9.322028331717e-01 -4.156117276218e-02   2.417927341197e-01  2.286661794347e-01  9.395407303306e-01 -4.379442316651e-02
  2.417927341197e-01  2.286661794347e-01  9.395407303306e-01 -4.379442316651e-02   2.464814183548e-01  2.351582282242e-01  9.426805278813e-01 -4.481401627508e-02
  2.464814183548e-01  2.351582282242e-01  9.426805278813e-01 -4.481401627508e-02   2.590266397134e-01  2.524599851597e-01  9.505222412048e-01 -4.754382988543e-02
  2.590266397134e-01  2.524599851597e-01  9.505222412048e-01 -4.754382988543e-02   2.786507133699e-01  2.792673938075e-01  9.611793796700e-01 -5.173036763895e-02
  2.786507133699e-01  2.792673938075e-01  9.611793796700e-01 -5.173036763895e-02   2.993744877590e-01  3.071173879910e-01  9.703854146386e-01 -5.588667019901e-02
  2.993744877590e-01  3.071173879910e-01  9.703854146386e-01 -5.588667019901e-02   3.084653626682e-01  3.191479252560e-01  9.737964634907e-01 -5.758351459923e-02
  3.084653626682e-01  3.191479252560e-01  9.737964634907e-01 -5.758351459923e-02   3.298988973569e-01  3.469723298387e-01  9.804417779091e-01 -6.119850402824e-02
  3.298988973569e-01  3.469723298387e-01  9.804417779091e-01 -6.119850402824e-02   3.370923350083e-01  3.561216132107e-01  9.822629999075e-01 -6.227591745584e-02
  3.370923350083e-01  3.561216132107e-01  9.822629999075e-01 -6.227591745584e-02   3.538381426326e-01  3.770135045776e-01  9.857822040811e-01 -6.449467478891e-02
  3.538381426326e-01  3.770135045776e-01  9.857822040811e-01 -6.449467478891e-02   3.654484793536e-01  3.911434333269e-01  9.876802829477e-01 -6.578482299355e-02
  3.654484793536e-01  3.911434333269e-01  9.876802829477e-01 -6.578482299355e-02   3.829948227697e-01  4.119130823477e-01  9.898050959183e-01 -6.733660780013e-02
  3.829948227697e-01  4.119130823477e-01  9.898050959183e-01 -6.733660780013e-02   3.935476081957e-01  4.240538205485e-01  9.906993045868e-01 -6.803697592948e-02
  3.935476081957e-01  4.240538205485e-01  9.906993045868e-01 -6.803697592948e-02   4.192235838534e-01  4.524642498530e-01  9.918575903071e-01 -6.901524867300e-02
  4.192235838534e-01  4.524642498530e-01  9.918575903071e-01 -6.901524867300e-02   4.213228710517e-01  4.547157317707e-01  9.918961832819e-01 -6.905036572890e-02
  4.213228710517e-01  4.547157317707e-01  9.918961832819e-01 -6.905036572890e-02   4.228943699125e-01  4.563940900348e-01  9.919200645537e-01 -6.907227835305e-02
  4.228943699125e-01  4.563940900348e-01  9.919200645537e-01 -6.907227835305e-02   4.494013436527e-01  4.837952109535e-01  9.917413803976e-01 -6.888765758506e-02
  4.494013436527e-01  4.837952109535e-01  9.917413803976e-01 -6.888765758506e-02   4.504945118540e-01  4.848886966854e-01  9.917128213221e-01 -6.885800453879e-02
  4.504945118540e-01  4.848886966854e-01  9.917128213221e-01 -6.885800453879e-02   4.761934761888e-01  5.097780270910e-01  9.906464281880e-01 -6.767663476806e-02
  4.761934761888e-01  5.097780270910e-01  9.906464281880e-01 -6.767663476806e-02   4.782903437594e-01  5.117406869695e-01  9.905295732201e-01 -6.754010597906e-02
  4.782903437594e-01  5.117406869695e-01  9.905295732201e-01 -6.754010597906e-02   4.783817326304e-01  5.118259964702e-01  9.905243890322e-01 -6.753402067201e-02
  4.783817326304e-01  5.118259964702e-01  9.905243890322e-01 -6.753402067201e-02   4.784816148434e-01  5.119192133334e-01  9.905187137383e-01 -6.752735616286e-02
  4.784816148434e-01  5.119192133334e-01  9.905187137383e-01 -6.752735616286e-02   5.080542648590e-01  5.385299389713e-01  9.884873946443e-01 -6.497546158377e-02
  5.080542648590e-01  5.385299389713e-01  9.884873946443e-01 -6.497546158377e-02   5.099246986080e-01  5.401482798994e-01  9.883383913165e-01 -6.477608657853e-02
  5.099246986080e-01  5.401482798994e-01  9.883383913165e-01 -6.477608657853e-02   5.381545048001e-01  5.636808700017e-01  9.858649323651e-01 -6.123852255743e-02
  5.381545048001e-01  5.636808700017e-01  9.858649323651e-01 -6.123852255743e-02   5.678507113882e-01  5.867206729319e-01  9.829284183897e-01 -5.648049926023e-02
  5.678507113882e-01  5.867206729319e-01  9.829284183897e-01 -5.648049926023e-02   5.692291067716e-01  5.877496776158e-01  9.827863944794e-01 -5.623451783709e-02
  5.692291067716e-01  5.877496776158e-01  9.827863944794e-01 -5.623451783709e-02   5.854345580418e-01  5.995905559444e-01  9.810905309871e-01 -5.317822915256e-02
  5.854345580418e-01  5.995905559444e-01  9.810905309871e-01 -5.317822915256e-02   6.018812200443e-01  6.111396741472e-01  9.793346597456e-01 -4.976975100703e-02
  6.018812200443e-01  6.111396741472e-01  9.793346597456e-01 -4.976975100703e-02   6.322706565839e-01  6.313161443566e-01  9.760626016415e-01 -4.267045806188e-02
  6.322706565839e-01  6.313161443566e-01  9.760626016415e-01 -4.267045806188e-02   6.358534767562e-01  6.336004778871e-01  9.756785059666e-01 -4.176555971537e-02
  6.358534767562e-01  6.336004778871e-01  9.756785059666e-01 -4.176555971537e-02   6.657494346021e-01  6.519356609179e-01  9.725257119127e-01 -3.366111059172e-02
  6.657494346021e-01  6.519356609179e-01  9.725257119127e-01 -3.366111059172e-02   6.708372110218e-01  6.549320715140e-01  9.720023257934e-01 -3.218382096227e-02
  6.708372110218e-01  6.549320715140e-01  9.720023257934e-01 -3.218382096227e-02   6.779807062637e-01  6.590810248268e-01  9.712759412068e-01 -3.006171467583e-02
  6.779807062637e-01  6.590810248268e-01  9.712759412068e-01 -3.006171467583e-02   7.074978611794e-01  6.755351964608e-01  9.684031417303e-01 -2.070254061402e-02
  7.074978611794e-01  6.755351964608e-01  9.684031417303e-01 -2.070254061402e-02   7.275472925114e-01  6.861148520551e-01  9.665985762958e-01 -1.380720891970e-02
  7.275472925114e-01  6.861148520551e-01  9.665985762958e-01 -1.380720891970e-02   7.466371704629e-01  6.957700760375e-01  9.650159645533e-01 -6.842336821299e-03
  7.466371704629e-01  6.957700760375e-01  9.650159645533e-01 -6.842336821299e-03   7.592727554320e-01  7.019478678547e-01  9.640510312978e-01 -2.020580125770e-03
  7.592727554320e-01  7.019478678547e-01  9.640510312978e-01 -2.020580125770e-03   7.880788935872e-01  7.154328992929e-01  9.621303765936e-01  9.589926823329e-03
  7.880788935872e-01  7.154328992929e-01  9.621303765936e-01  9.589926823329e-03   7.944217749005e-01  7.182950965571e-01  9.617643308654e-01  1.225964919167e-02
  7.944217749005e-01  7.182950965571e-01  9.617643308654e-01  1.225964919167e-02   8.315901574148e-01  7.343362280990e-01  9.600810382282e-01  2.869397150903e-02
  8.315901574148e-01  7.343362280990e-01  9.600810382282e-01  2.869397150903e-02   8.318546573943e-01  7.344460459507e-01  9.600720604541e-01  2.881562427029e-02
  8.318546573943e-01  7.344460459507e-01  9.600720604541e-01  2.881562427029e-02   8.781750036040e-01  7.527837280647e-01  9.592198194523e-01  5.107664146418e-02
  8.781750036040e-01  7.527837280647e-01  9.592198194523e-01  5.107664146418e-02   9.182398989270e-01  7.672699884504e-01  9.597307713290e-01  7.172983989980e-02
  9.182398989270e-01  7.672699884504e-01  9.597307713290e-01  7.172983989980e-02   9.290938122682e-01  7.709821053570e-01  9.600825799572e-01  7.752078047996e-02
  9.290938122682e-01  7.709821053570e-01  9.600825799572e-01  7.752078047996e-02   9.336994550391e-01  7.725302034490e-01  9.602601717067e-01  8.000105210917e-02
  9.336994550391e-01  7.725302034490e-01  9.602601717067e-01  8.000105210917e-02   9.453518839341e-01  7.763750916159e-01  9.607856687837e-01  8.633435651156e-02
  9.453518839341e-01  7.763750916159e-01  9.607856687837e-01  8.633435651156e-02   9.715966697821e-01  7.846580514817e-01  9.623750186270e-01  1.008783998629e-01
  9.715966697821e-01  7.846580514817e-01  9.623750186270e-01  1.008783998629e-01   9.843564007257e-01  7.884959474594e-01  9.633534140307e-01  1.080735912239e-01
  9.843564007257e-01  7.884959474594e-01  9.633534140307e-01  1.080735912239e-01   1.011633555410e+00  7.962811508719e-01  9.659006164945e-01  1.236812931366e-01
  1.011633555410e+00  7.962811508719e-01  9.659006164945e-01  1.236812931366e-01   1.043759773127e+00  8.047037125720e-01  9.696975006239e-01  1.423698893963e-01
  1.043759773127e+00  8.047037125720e-01  9.696975006239e-01  1.423698893963e-01   1.066902874753e+00  8.102566435709e-01  9.729619838895e-01  1.559703645817e-01
  1.066902874753e+00  8.102566435709e-01  9.729619838895e-01  1.559703645817e-01   1.108579509253e+00  8.191247763489e-01  9.799317254835e-01  1.805905189130e-01
  1.108579509253e+00  8.191247763489e-01  9.799317254835e-01  1.805905189130e-01   1.160282097689e+00  8.279884063340e-01  9.904394954326e-01  2.110385109232e-01
  1.160282097689e+00  8.279884063340e-01  9.904394954326e-01  2.110385109232e-01   1.180133510877e+00  8.307264419743e-01  9.949905991566e-01  2.226174100452e-01
  1.180133510877e+00  8.307264419743e-01  9.949905991566e-01  2.226174100452e-01   1.214567318173e+00  8.345537322931e-01  1.003521929882e+00  2.424660013144e-01
  1.214567318173e+00  8.345537322931e-01  1.003521929882e+00  2.424660013144e-01   1.257392179676e+00  8.376041358854e-01  1.015189429339e+00  2.666146583918e-01
  1.257392179676e+00  8.376041358854e-01  1.015189429339e+00  2.666146583918e-01   1.261424005979e+00  8.377902362072e-01  1.016344903836e+00  2.688526426022e-01
  1.261424005979e+00  8.377902362072e-01  1.016344903836e+00  2.688526426022e-01   1.267835458395e+00  8.380495093291e-01  1.018201840570e+00  2.723979839979e-01
  1.267835458395e+00  8.380495093291e-01  1.018201840570e+00  2.723979839979e-01   1.309404605473e+00  8.386125898652e-01  1.030801514096e+00  2.949560491567e-01
  1.309404605473e+00  8.386125898652e-01  1.030801514096e+00  2.949560491567e-01   1.338397036388e+00  8.378202272318e-01  1.040134663012e+00  3.102180410348e-01
  1.338397036388e+00  8.378202272318e-01  1.040134663012e+00  3.102180410348e-01   1.377071719830e+00  8.351660531100e-01  1.053231161562e+00  3.299205697819e-01
  1.377071719830e+00  8.351660531100e-01  1.053231161562e+00  3.299205697819e-01   1.422687988162e+00  8.295117505267e-01  1.069537901682e+00  3.521008210707e-01
  1.422687988162e+00  8.295117505267e-01  1.069537901682e+00  3.521008210707e-01   1.472956686935e+00  8.196530880741e-01  1.088372476535e+00  3.749893387349e-01
  1.472956686935e+00  8.196530880741e-01  1.088372476535e+00  3.749893387349e-01   1.508516272393e+00  8.098291234542e-01  1.101991085037e+00  3.899398485871e-01
  1.508516272393e+00  8.098291234542e-01  1.101991085037e+00  3.899398485871e-01   1.541081782213e+00  7.980565696306e-01  1.114350442938e+00  4.024257437679e-01
  1.541081782213e+00  7.980565696306e-01  1.114350442938e+00  4.024257437679e-01   1.587448918433e+00  7.742929656646e-01  1.130621478022e+00  4.172750296153e-01
  1.587448918433e+00  7.742929656646e-01  1.130621478022e+00  4.172750296153e-01   1.592892610607e+00  7.707045188881e-01  1.132307034664e+00  4.187003195591e-01
  1.592892610607e+00  7.707045188881e-01  1.132307034664e+00  4.187003195591e-01   1.644762353426e+00  7.179466469502e-01  1.141154530433e+00  4.257156298647e-01
  1.644762353426e+00  7.179466469502e-01  1.141154530433e+00  4.257156298647e-01   1.666906786006e+00  6.518258270665e-01  1.124745031728e+00  4.158254134698e-01
  1.666906786006e+00  6.518258270665e-01  1.124745031728e+00  4.158254134698e-01   1.667876354306e+00  6.398655327982e-01  1.119592800621e+00  4.130056693841e-01
  1.667876354306e+00  6.398655327982e-01  1.119592800621e+00  4.130056693841e-01   1.665924155178e+00  5.963569390340e-01  1.096651471459e+00  4.014709451606e-01
  1.665924155178e+00  5.963569390340e-01  1.096651471459e+00  4.014709451606e-01   1.656097242423e+00  5.489185142537e-01  1.065576075187e+00  3.878774120708e-01
  1.656097242423e+00  5.489185142537e-01  1.065576075187e+00  3.878774120708e-01   1.656003389085e+00  5.485793271533e-01  1.065335076672e+00  3.877797042662e-01
  1.656003389085e+00  5.485793271533e-01  1.065335076672e+00  3.877797042662e-01   1.655913814053e+00  5.482566160322e-01  1.065105561323e+00  3.876867550736e-01
  1.655913814053e+00  5.482566160322e-01  1.065105561323e+00  3.876867550736e-01   1.626158852295e+00  4.677091289604e-01  1.002055049289e+00  3.656439371470e-01
  1.626158852295e+00  4.677091289604e-01  1.002055049289e+00  3.656439371470e-01   1.621412642784e+00  4.573189081016e-01  9.932493334953e-01  3.630805410443e-01
  1.621412642784e+00  4.573189081016e-01  9.932493334953e-01  3.630805410443e-01   1.591229951337e+00  3.978769623865e-01  9.410400377747e-01  3.503059568307e-01
  1.591229951337e+00  3.978769623865e-01  9.410400377747e-01  3.503059568307e-01   1.578992705975e+00  3.759427659263e-01  9.212786812133e-01  3.465390634762e-01
  1.578992705975e+00  3.759427659263e-01  9.212786812133e-01  3.465390634762e-01   1.562751932161e+00  3.480650341847e-01  8.960524807161e-01  3.425873376450e-01
  1.562751932161e+00  3.480650341847e-01  8.960524807161e-01  3.425873376450e-01   1.543739091293e+00  3.167560209319e-01  8.678584107204e-01  3.393323212317e-01
  1.543739091293e+00  3.167560209319e-01  8.678584107204e-01  3.393323212317e-01   1.539391294111e+00  3.097541446857e-01  8.616069647915e-01  3.387809112059e-01
  1.539391294111e+00  3.097541446857e-01  8.616069647915e-01  3.387809112059e-01   1.536213078341e+00  3.046676007366e-01  8.570830502454e-01  3.384212542140e-01
  1.536213078341e+00  3.046676007366e-01  8.570830502454e-01  3.384212542140e-01   1.515731816151e+00  2.724393472856e-01  8.288656194959e-01  3.369440642453e-01
  1.515731816151e+00  2.724393472856e-01  8.288656194959e-01  3.369440642453e-01   1.495740325060e+00  2.417077877283e-01  8.029289323795e-01  3.368078119783e-01
  1.495740325060e+00  2.417077877283e-01  8.029289323795e-01  3.368078119783e-01   1.490387747983e+00  2.335742498724e-01  7.962649717805e-01  3.369730378778e-01
  1.490387747983e+00  2.335742498724e-01  7.962649717805e-01  3.369730378778e-01   1.458883464973e+00  1.863178390698e-01  7.595984410478e-01  3.394765732521e-01
  1.458883464973e+00  1.863178390698e-01  7.595984410478e-01  3.394765732521e-01   1.436765989861e+00  1.536559002666e-01  7.366448442490e-01  3.425667056479e-01
  1.436765989861e+00  1.536559002666e-01  7.366448442490e-01  3.425667056479e-01   1.425690780212e+00  1.374461546766e-01  7.260711662270e-01  3.444401815069e-01
  1.425690780212e+00  1.374461546766e-01  7.260711662270e-01  3.444401815069e-01   1.406396161707e+00  1.094577837943e-01  7.091702003524e-01  3.481002953666e-01
  1.406396161707e+00  1.094577837943e-01  7.091702003524e-01  3.481002953666e-01   1.394931106693e+00  9.299916254270e-02  7.000561259284e-01  3.504520466723e-01
  1.394931106693e+00  9.299916254270e-02  7.000561259284e-01  3.504520466723e-01   1.383452340444e+00  7.667176138826e-02  6.916261042202e-01  3.528922349858e-01
  1.383452340444e+00  7.667176138826e-02  6.916261042202e-01  3.528922349858e-01   1.365486301758e+00  5.147387020591e-02  6.798092453285e-01  3.567964357874e-01
  1.365486301758e+00  5.147387020591e-02  6.798092453285e-01  3.567964357874e-01   1.349017853977e+00  2.882665893828e-02  6.704063944601e-01  3.603690381699e-01
  1.349017853977e+00  2.882665893828e-02  6.704063944601e-01  3.603690381699e-01   1.337137354056e+00  1.279857289088e-02  6.644306636590e-01  3.628910229994e-01
  1.337137354056e+00  1.279857289088e-02  6.644306636590e-01  3.628910229994e-01   1.332783510521e+00  6.995713253290e-03  6.624026544057e-01  3.637969711243e-01
  1.332783510521e+00  6.995713253290e-03  6.624026544057e-01  3.637969711243e-01   1.309720199843e+00 -2.305254586302e-02  6.530151377282e-01  3.683732471742e-01
  1.309720199843e+00 -2.305254586302e-02  6.530151377282e-01  3.683732471742e-01   1.294284361622e+00 -4.246625529836e-02  6.479034360621e-01  3.711785564850e-01
  1.294284361622e+00 -4.246625529836e-02  6.479034360621e-01  3.711785564850e-01   1.282427999770e+00 -5.697498111880e-02  6.445475939531e-01  3.731696370968e-01
  1.282427999770e+00 -5.697498111880e-02  6.445475939531e-01  3.731696370968e-01   1.268748975468e+00 -7.326570923918e-02  6.412334363983e-01  3.752760724624e-01
  1.268748975468e+00 -7.326570923918e-02  6.412334363983e-01  3.752760724624e-01   1.254550385723e+00 -8.965897299806e-02  6.383640334529e-01  3.772359960000e-01
  1.254550385723e+00 -8.965897299806e-02  6.383640334529e-01  3.772359960000e-01   1.236874084687e+00 -1.093292022415e-01  6.355109892443e-01  3.793432092291e-01
  1.236874084687e+00 -1.093292022415e-01  6.355109892443e-01  3.793432092291e-01   1.226194609849e+00 -1.208189139908e-01  6.341309488388e-01  3.804347060688e-01
  1.226194609849e+00 -1.208189139908e-01  6.341309488388e-01  3.804347060688e-01   1.203932656014e+00 -1.438318430895e-01  6.319762491955e-01  3.822678636024e-01
  1.203932656014e+00 -1.438318430895e-01  6.319762491955e-01  3.822678636024e-01   1.197542518574e+00 -1.502081447203e-01  6.315189476990e-01  3.826838003462e-01
  1.197542518574e+00 -1.502081447203e-01  6.315189476990e-01  3.826838003462e-01   1.191577676571e+00 -1.560697301203e-01  6.311507992164e-01  3.830278279910e-01
  1.191577676571e+00 -1.560697301203e-01  6.311507992164e-01  3.830278279910e-01   1.168030312361e+00 -1.783796617623e-01  6.301977661271e-01  3.839711315178e-01
  1.168030312361e+00 -1.783796617623e-01  6.301977661271e-01  3.839711315178e-01   1.159562918389e+00 -1.860881307791e-01  6.300301979000e-01  3.841494788976e-01
  1.159562918389e+00 -1.860881307791e-01  6.300301979000e-01  3.841494788976e-01   1.137065462501e+00 -2.057999441834e-01  6.299699017807e-01  3.842133903528e-01
  1.137065462501e+00 -2.057999441834e-01  6.299699017807e-01  3.842133903528e-01   1.115419148238e+00 -2.237620464335e-01  6.303662331549e-01  3.837160340209e-01
  1.115419148238e+00 -2.237620464335e-01  6.303662331549e-01  3.837160340209e-01   1.104889982604e+00 -2.321620202225e-01  6.306961313360e-01  3.832768394163e-01
  1.104889982604e+00 -2.321620202225e-01  6.306961313360e-01  3.832768394163e-01   1.082571701304e+00 -2.492771575281e-01  6.316470817520e-01  3.819199530710e-01
  1.082571701304e+00 -2.492771575281e-01  6.316470817520e-01  3.819199530710e-01   1.071808957555e+00 -2.572107279151e-01  6.322123149061e-01  3.810585997893e-01
  1.071808957555e+00 -2.572107279151e-01  6.322123149061e-01  3.810585997893e-01   1.058272751845e+00 -2.669072901796e-01  6.330074638983e-01  3.797838553658e-01
  1.058272751845e+00 -2.669072901796e-01  6.330074638983e-01  3.797838553658e-01   1.037221680763e+00 -2.813938075226e-01  6.344028447710e-01  3.773761791191e-01
  1.037221680763e+00 -2.813938075226e-01  6.344028447710e-01  3.773761791191e-01   1.014448439580e+00 -2.963008181577e-01  6.360851911767e-01  3.741860218664e-01
  1.014448439580e+00 -2.963008181577e-01  6.360851911767e-01  3.741860218664e-01   1.000420624214e+00 -3.051116130028e-01  6.371890400689e-01  3.719165443661e-01
  1.000420624214e+00 -3.051116130028e-01  6.371890400689e-01  3.719165443661e-01   9.900625124625e-01 -3.114446923368e-01  6.380289528207e-01  3.700911795020e-01
  9.900625124625e-01 -3.114446923368e-01  6.380289528207e-01  3.700911795020e-01   9.616396714455e-01 -3.281097498655e-01  6.404036936849e-01  3.644270955589e-01
  9.616396714455e-01 -3.281097498655e-01  6.404036936849e-01  3.644270955589e-01   9.556544566653e-01 -3.314919585174e-01  6.409109515319e-01  3.631116583462e-01
  9.556544566653e-01 -3.314919585174e-01  6.409109515319e-01  3.631116583462e-01   9.211744497563e-01 -3.501744960319e-01  6.438226434687e-01  3.547013834396e-01
  9.211744497563e-01 -3.501744960319e-01  6.438226434687e-01  3.547013834396e-01   9.144441391525e-01 -3.536692228826e-01  6.443810433623e-01  3.528945577842e-01
  9.144441391525e-01 -3.536692228826e-01  6.443810433623e-01  3.528945577842e-01   8.781789215175e-01 -3.717075780376e-01  6.472636741841e-01  3.422368111611e-01
  8.781789215175e-01 -3.717075780376e-01  6.472636741841e-01  3.422368111611e-01   8.549480559228e-01 -3.826016156890e-01  6.489469447734e-01  3.346022522678e-01
  8.549480559228e-01 -3.826016156890e-01  6.489469447734e-01  3.346022522678e-01   8.315901574148e-01 -3.930707858488e-01  6.504620184505e-01  3.263045848367e-01
  8.315901574148e-01 -3.930707858488e-01  6.504620184505e-01  3.263045848367e-01   8.198981074094e-01 -3.981370817693e-01  6.511412400151e-01  3.219222127673e-01
  8.198981074094e-01 -3.981370817693e-01  6.511412400151e-01  3.219222127673e-01   7.822326539244e-01 -4.137074405157e-01  6.529041220747e-01  3.068032652119e-01
  7.822326539244e-01 -4.137074405157e-01  6.529041220747e-01  3.068032652119e-01   7.816806260769e-01 -4.139273733574e-01  6.529246432772e-01  3.065706768711e-01
  7.816806260769e-01 -4.139273733574e-01  6.529246432772e-01  3.065706768711e-01   7.814718377465e-01 -4.140105118347e-01  6.529323640136e-01  3.064826044293e-01
  7.814718377465e-01 -4.140105118347e-01  6.529323640136e-01  3.064826044293e-01   7.427771801690e-01 -4.288530366142e-01  6.539335908697e-01  2.894183624457e-01
  7.427771801690e-01 -4.288530366142e-01  6.539335908697e-01  2.894183624457e-01   7.279777486286e-01 -4.342403890664e-01  6.540740809916e-01  2.825181732736e-01
  7.279777486286e-01 -4.342403890664e-01  6.540740809916e-01  2.825181732736e-01   6.741785163857e-01 -4.525236524039e-01  6.533198632686e-01  2.558748350056e-01
  6.741785163857e-01 -4.525236524039e-01  6.533198632686e-01  2.558748350056e-01   6.697526736771e-01 -4.539383910436e-01  6.531641091744e-01  2.535834858313e-01
  6.697526736771e-01 -4.539383910436e-01  6.531641091744e-01  2.535834858313e-01   6.666002747455e-01 -4.549378716543e-01  6.530441179180e-01  2.519429480661e-01
  6.666002747455e-01 -4.549378716543e-01  6.530441179180e-01  2.519429480661e-01   6.050969496693e-01 -4.730774391373e-01  6.491448425086e-01  2.186743285597e-01
  6.050969496693e-01 -4.730774391373e-01  6.491448425086e-01  2.186743285597e-01   5.899670725498e-01 -4.771427458463e-01  6.477174506668e-01  2.101721199711e-01
  5.899670725498e-01 -4.771427458463e-01  6.477174506668e-01  2.101721199711e-01   5.649498377890e-01 -4.835188421812e-01  6.449411696433e-01  1.958924298828e-01
  5.649498377890e-01 -4.835188421812e-01  6.449411696433e-01  1.958924298828e-01   5.469739130308e-01 -4.878324954472e-01  6.426235888194e-01  1.854847526270e-01
  5.469739130308e-01 -4.878324954472e-01  6.426235888194e-01  1.854847526270e-01   5.339555699517e-01 -4.908156875030e-01  6.407759548784e-01  1.778818457849e-01
  5.339555699517e-01 -4.908156875030e-01  6.407759548784e-01  1.778818457849e-01   5.022404342050e-01 -4.975839287882e-01  6.356791830828e-01  1.591714520005e-01
  5.022404342050e-01 -4.975839287882e-01  6.356791830828e-01  1.591714520005e-01   4.567080927049e-01 -5.060466458622e-01  6.268909524438e-01  1.319829105515e-01
  4.567080927049e-01 -5.060466458622e-01  6.268909524438e-01  1.319829105515e-01   4.519060339534e-01 -5.068519647876e-01  6.258636945945e-01  1.291011132066e-01
  4.519060339534e-01 -5.068519647876e-01  6.258636945945e-01  1.291011132066e-01   3.719217025021e-01 -5.177752007162e-01  6.059844584205e-01  8.101341546338e-02
  3.719217025021e-01 -5.177752007162e-01  6.059844584205e-01  8.101341546338e-02   3.686375481697e-01 -5.181220174493e-01  6.050581162141e-01  7.904308792582e-02
  3.686375481697e-01 -5.181220174493e-01  6.050581162141e-01  7.904308792582e-02   3.295560947576e-01 -5.216189139581e-01  5.933835995460e-01  5.568301231135e-02
  3.295560947576e-01 -5.216189139581e-01  5.933835995460e-01  5.568301231135e-02   2.789197333060e-01 -5.243723557988e-01  5.765133941172e-01  2.577937557801e-02
  2.789197333060e-01 -5.243723557988e-01  5.765133941172e-01  2.577937557801e-02   2.781396465044e-01 -5.243984951392e-01  5.762385469847e-01  2.532303608940e-02
  2.781396465044e-01 -5.243984951392e-01  5.762385469847e-01  2.532303608940e-02   2.304508646590e-01 -5.249938886397e-01  5.586160256746e-01 -2.239180199325e-03
  2.304508646590e-01 -5.249938886397e-01  5.586160256746e-01 -2.239180199325e-03   1.797104178797e-01 -5.232351627282e-01  5.382313049292e-01 -3.061442834126e-02
  1.797104178797e-01 -5.232351627282e-01  5.382313049292e-01 -3.061442834126e-02   1.785976516014e-01 -5.231652356108e-01  5.377674976323e-01 -3.122262344213e-02
  1.785976516014e-01 -5.231652356108e-01  5.377674976323e-01 -3.122262344213e-02   1.774573728005e-01 -5.230920566221e-01  5.372915477038e-01 -3.184513511838e-02
  1.774573728005e-01 -5.230920566221e-01  5.372915477038e-01 -3.184513511838e-02   1.258766042923e-01 -5.179968832618e-01  5.151402958538e-01 -5.913179866428e-02
  1.258766042923e-01 -5.179968832618e-01  5.151402958538e-01 -5.913179866428e-02   7.605664180510e-02 -5.088428618118e-01  4.930728739391e-01 -8.335031598837e-02
  7.605664180510e-02 -5.088428618118e-01  4.930728739391e-01 -8.335031598837e-02   6.499579798999e-02 -5.060464919653e-01  4.881862613395e-01 -8.834320712643e-02
  6.499579798999e-02 -5.060464919653e-01  4.881862613395e-01 -8.834320712643e-02  -1.375094899686e-02 -4.720533158787e-01  4.565234273217e-01 -1.173911502060e-01
  6.733028500170e-01  1.876177278685e-02  9.989543911987e-01  5.382175061061e-01   6.754066921032e-01  1.720786331871e-02  9.886669274046e-01  5.491455022034e-01
  6.754066921032e-01  1.720786331871e-02  9.886669274046e-01  5.491455022034e-01   6.892762710889e-01  8.906752828795e-03  9.268809854403e-01  6.096823698788e-01
  6.892762710889e-01  8.906752828795e-03  9.268809854403e-01  6.096823698788e-01   6.921614178717e-01  7.536687587991e-03  9.151385955331e-01  6.202187956997e-01
  6.921614178717e-01  7.536687587991e-03  9.151385955331e-01  6.202187956997e-01   6.954881955409e-01  6.086214334594e-03  9.019956736576e-01  6.316500900471e-01
  6.954881955409e-01  6.086214334594e-03  9.019956736576e-01  6.316500900471e-01   7.104650410053e-01  1.048379133307e-03  8.472648760504e-01  6.751665052398e-01
  7.104650410053e-01  1.048379133307e-03  8.472648760504e-01  6.751665052398e-01   7.160414418706e-01 -2.850852028833e-04  8.284225853163e-01  6.886255979649e-01
  7.160414418706e-01 -2.850852028833e-04  8.284225853163e-01  6.886255979649e-01   7.292410359245e-01 -2.449875699848e-03  7.863887380190e-01  7.158291093780e-01
  7.292410359245e-01 -2.449875699848e-03  7.863887380190e-01  7.158291093780e-01   7.397792457996e-01 -3.288588003482e-03  7.549262064665e-01  7.336206914844e-01
  7.397792457996e-01 -3.288588003482e-03  7.549262064665e-01  7.336206914844e-01   7.480643469509e-01 -3.450804269111e-03  7.312285894589e-01  7.455504726875e-01
  7.480643469509e-01 -3.450804269111e-03  7.312285894589e-01  7.455504726875e-01   7.568054416942e-01 -3.182674762482e-03  7.070422585317e-01  7.564059172789e-01
  7.568054416942e-01 -3.182674762482e-03  7.070422585317e-01  7.564059172789e-01   7.666915118991e-01 -2.368560258154e-03  6.805231771868e-01  7.667520814828e-01
  7.666915118991e-01 -2.368560258154e-03  6.805231771868e-01  7.667520814828e-01   7.795369772993e-01 -5.461715113190e-04  6.471253881958e-01  7.774174766637e-01
  7.795369772993e-01 -5.461715113190e-04  6.471253881958e-01  7.774174766637e-01   7.845281830848e-01  3.858870553140e-04  6.344118260075e-01  7.807700024512e-01
  7.845281830848e-01  3.858870553140e-04  6.344118260075e-01  7.807700024512e-01   8.002037327489e-01  4.101340301105e-03  5.952271676276e-01  7.885731207515e-01
  8.002037327489e-01  4.101340301105e-03  5.952271676276e-01  7.885731207515e-01   8.011686385893e-01  4.368568224643e-03  5.928462127609e-01  7.889213452694e-01
  8.011686385893e-01  4.368568224643e-03  5.928462127609e-01  7.889213452694e-01   8.018672885438e-01  4.564817965217e-03  5.911241997216e-01  7.891640282359e-01
  8.018672885438e-01  4.564817965217e-03  5.911241997216e-01  7.891640282359e-01   8.085527800275e-01  6.560082915864e-03  5.747230702857e-01  7.910856444565e-01
  8.085527800275e-01  6.560082915864e-03  5.747230702857e-01  7.910856444565e-01   8.163458367533e-01  9.153840681914e-03  5.557600374368e-01  7.924098296646e-01
  8.163458367533e-01  9.153840681914e-03  5.557600374368e-01  7.924098296646e-01   8.167917709545e-01  9.310999470468e-03  5.546793743464e-01  7.924556707349e-01
  8.167917709545e-01  9.310999470468e-03  5.546793743464e-01  7.924556707349e-01   8.302637742282e-01  1.450866158073e-02  5.222199369731e-01  7.922900810492e-01
  8.302637742282e-01  1.450866158073e-02  5.222199369731e-01  7.922900810492e-01   8.315901574148e-01  1.506793394511e-02  5.190414573146e-01  7.921089077760e-01
  8.315901574148e-01  1.506793394511e-02  5.190414573146e-01  7.921089077760e-01   8.331192430422e-01  1.572339071290e-02  5.153805844465e-01  7.918626083567e-01
  8.331192430422e-01  1.572339071290e-02  5.153805844465e-01  7.918626083567e-01   8.453798104529e-01  2.140101544561e-02  4.861433725174e-01  7.884009261537e-01
  8.453798104529e-01  2.140101544561e-02  4.861433725174e-01  7.884009261537e-01   8.479643505584e-01  2.269574983337e-02  4.800040095684e-01  7.873231053466e-01
  8.479643505584e-01  2.269574983337e-02  4.800040095684e-01  7.873231053466e-01   8.580532926371e-01  2.808986066511e-02  4.561104988038e-01  7.818886986889e-01
  8.580532926371e-01  2.808986066511e-02  4.561104988038e-01  7.818886986889e-01   8.663971419869e-01  3.297862352098e-02  4.364359535625e-01  7.758320345169e-01
  8.663971419869e-01  3.297862352098e-02  4.364359535625e-01  7.758320345169e-01   8.698732579527e-01  3.513594408979e-02  4.282638234631e-01  7.728630255799e-01
  8.698732579527e-01  3.513594408979e-02  4.282638234631e-01  7.728630255799e-01   8.772704594602e-01  3.997674961937e-02  4.109272146029e-01  7.656129801420e-01
  8.772704594602e-01  3.997674961937e-02  4.109272146029e-01  7.656129801420e-01   8.810541311128e-01  4.259110278291e-02  4.020912525088e-01  7.613864785418e-01
  8.810541311128e-01  4.259110278291e-02  4.020912525088e-01  7.613864785418e-01   8.851931150186e-01  4.556447458911e-02  3.924537911508e-01  7.563356532494e-01
  8.851931150186e-01  4.556447458911e-02  3.924537911508e-01  7.563356532494e-01   8.914892750925e-01  5.032943086316e-02  3.778584233575e-01  7.477393894611e-01
  8.914892750925e-01  5.032943086316e-02  3.778584233575e-01  7.477393894611e-01   8.960137288225e-01  5.394722492631e-02  3.674263879810e-01  7.408300658199e-01
  8.960137288225e-01  5.394722492631e-02  3.674263879810e-01  7.408300658199e-01   9.011025671643e-01  5.822705304140e-02  3.557591392144e-01  7.322621080336e-01
  9.011025671643e-01  5.822705304140e-02  3.557591392144e-01  7.322621080336e-01   9.055810885765e-01  6.219470394289e-02  3.455578175579e-01  7.239624317495e-01
  9.055810885765e-01  6.219470394289e-02  3.455578175579e-01  7.239624317495e-01   9.100794785329e-01  6.638848016897e-02  3.353834238288e-01  7.148402926464e-01
  9.100794785329e-01  6.638848016897e-02  3.353834238288e-01  7.148402926464e-01   9.141478668583e-01  7.038014288693e-02  3.262522995650e-01  7.058431688267e-01
  9.141478668583e-01  7.038014288693e-02  3.262522995650e-01  7.058431688267e-01   9.185550497563e-01  7.494223985048e-02  3.164465141275e-01  6.952048221041e-01
  9.185550497563e-01  7.494223985048e-02  3.164465141275e-01  6.952048221041e-01   9.230753583119e-01  7.991307253304e-02  3.064936928953e-01  6.832034477004e-01
  9.230753583119e-01  7.991307253304e-02  3.064936928953e-01  6.832034477004e-01   9.264073968993e-01  8.379328801184e-02  2.992332972162e-01  6.735508817129e-01
  9.264073968993e-01  8.379328801184e-02  2.992332972162e-01  6.735508817129e-01   9.308738488497e-01  8.933006619952e-02  2.896149314198e-01  6.593615100752e-01
  9.308738488497e-01  8.933006619952e-02  2.896149314198e-01  6.593615100752e-01   9.335292556816e-01  9.283318508844e-02  2.839650280830e-01  6.501374652470e-01
  9.335292556816e-01  9.283318508844e-02  2.839650280830e-01  6.501374652470e-01   9.359715170607e-01  9.621716049922e-02  2.788184129463e-01  6.410484357474e-01
  9.359715170607e-01  9.621716049922e-02  2.788184129463e-01  6.410484357474e-01   9.399980143305e-01  1.021984269821e-01  2.704488106738e-01  6.245560527394e-01
  9.399980143305e-01  1.021984269821e-01  2.704488106738e-01  6.245560527394e-01   9.422288450010e-01  1.057715800515e-01  2.658808988022e-01  6.144420207718e-01
  9.422288450010e-01  1.057715800515e-01  2.658808988022e-01  6.144420207718e-01   9.458295488418e-01  1.120384163393e-01  2.586289119015e-01  5.962212533220e-01
  9.458295488418e-01  1.120384163393e-01  2.586289119015e-01  5.962212533220e-01   9.492170674861e-01  1.186864044649e-01  2.519700216915e-01  5.761953239346e-01
  9.492170674861e-01  1.186864044649e-01  2.519700216915e-01  5.761953239346e-01   9.508398266035e-01  1.222277320088e-01  2.488504503717e-01  5.652191572330e-01
  9.508398266035e-01  1.222277320088e-01  2.488504503717e-01  5.652191572330e-01   9.537547683883e-01  1.294502598520e-01  2.434013116902e-01  5.421193002407e-01
  9.537547683883e-01  1.294502598520e-01  2.434013116902e-01  5.421193002407e-01   9.548595154149e-01  1.326037821552e-01  2.414064318819e-01  5.317118772491e-01
  9.548595154149e-01  1.326037821552e-01  2.414064318819e-01  5.317118772491e-01   9.558290315519e-01  1.356525608474e-01  2.397012733182e-01  5.214504539487e-01
  9.558290315519e-01  1.356525608474e-01  2.397012733182e-01  5.214504539487e-01   9.578170454309e-01  1.432606943727e-01  2.364187357263e-01  4.949125000044e-01
  9.578170454309e-01  1.432606943727e-01  2.364187357263e-01  4.949125000044e-01   9.584559628947e-01  1.464148351660e-01  2.354744635730e-01  4.834844047104e-01
  9.584559628947e-01  1.464148351660e-01  2.354744635730e-01  4.834844047104e-01   9.595544312925e-01  1.542697806967e-01  2.342333043905e-01  4.537879035321e-01
  9.595544312925e-01  1.542697806967e-01  2.342333043905e-01  4.537879035321e-01   9.599039195782e-01  1.627636291622e-01  2.348014575809e-01  4.193697589056e-01
  9.599039195782e-01  1.627636291622e-01  2.348014575809e-01  4.193697589056e-01   9.598252650178e-01  1.653510645397e-01  2.354035787586e-01  4.083310039659e-01
  9.598252650178e-01  1.653510645397e-01  2.354035787586e-01  4.083310039659e-01   9.587686684370e-01  1.746071719897e-01  2.394035997948e-01  3.663082339789e-01
  9.587686684370e-01  1.746071719897e-01  2.394035997948e-01  3.663082339789e-01   9.584636385790e-01  1.761616994335e-01  2.403857940150e-01  3.588104792627e-01
  9.584636385790e-01  1.761616994335e-01  2.403857940150e-01  3.588104792627e-01   9.581689466389e-01  1.775022426601e-01  2.413114142119e-01  3.522305016957e-01
  9.581689466389e-01  1.775022426601e-01  2.413114142119e-01  3.522305016957e-01   9.553233310806e-01  1.866043381774e-01  2.497464188683e-01  3.043634228250e-01
  9.553233310806e-01  1.866043381774e-01  2.497464188683e-01  3.043634228250e-01   9.550191517688e-01  1.873495131303e-01  2.506224235840e-01  3.001653048350e-01
  9.550191517688e-01  1.873495131303e-01  2.506224235840e-01  3.001653048350e-01   9.514248277236e-01  1.945588030483e-01  2.608562067243e-01  2.568567652200e-01
  9.514248277236e-01  1.945588030483e-01  2.608562067243e-01  2.568567652200e-01   9.502788262694e-01  1.964268574608e-01  2.641000490010e-01  2.447224095924e-01
  9.502788262694e-01  1.964268574608e-01  2.641000490010e-01  2.447224095924e-01   9.502284935360e-01  1.965053886233e-01  2.642424796193e-01  2.442029143668e-01
  9.502284935360e-01  1.965053886233e-01  2.642424796193e-01  2.442029143668e-01   9.501732939741e-01  1.965911855164e-01  2.643986672471e-01  2.436344534087e-01
  9.501732939741e-01  1.965911855164e-01  2.643986672471e-01  2.436344534087e-01   9.432333533172e-01  2.053699842129e-01  2.841127274145e-01  1.796861160323e-01
  9.432333533172e-01  2.053699842129e-01  2.841127274145e-01  1.796861160323e-01   9.426858296445e-01  2.059333281372e-01  2.856796916481e-01  1.751150481556e-01
  9.426858296445e-01  2.059333281372e-01  2.856796916481e-01  1.751150481556e-01   9.269638070721e-01  2.175694466661e-01  3.320288562899e-01  5.934902117684e-02
  9.269638070721e-01  2.175694466661e-01  3.320288562899e-01  5.934902117684e-02   9.248853642502e-01  2.186436965626e-01  3.384288608290e-01  4.548927710006e-02
  9.248853642502e-01  2.186436965626e-01  3.384288608290e-01  4.548927710006e-02   9.175151507335e-01  2.218825948591e-01  3.619438761527e-01 -2.326966853555e-03
  9.175151507335e-01  2.218825948591e-01  3.619438761527e-01 -2.326966853555e-03   9.144447706226e-01  2.230181387820e-01  3.722375107194e-01 -2.190690490455e-02
  9.144447706226e-01  2.230181387820e-01  3.722375107194e-01 -2.190690490455e-02   9.106080845119e-01  2.243051804696e-01  3.856734449765e-01 -4.637479116860e-02
  9.106080845119e-01  2.243051804696e-01  3.856734449765e-01 -4.637479116860e-02   9.044697995410e-01  2.261688506550e-01  4.090536171738e-01 -8.629629945845e-02
  9.044697995410e-01  2.261688506550e-01  4.090536171738e-01 -8.629629945845e-02   8.998409701076e-01  2.275523685936e-01  4.290583105495e-01 -1.180425522338e-01
  8.998409701076e-01  2.275523685936e-01  4.290583105495e-01 -1.180425522338e-01   8.960773924878e-01  2.288063492534e-01  4.477795524092e-01 -1.459292036397e-01
  8.960773924878e-01  2.288063492534e-01  4.477795524092e-01 -1.459292036397e-01   8.933416756172e-01  2.299036675777e-01  4.635345832161e-01 -1.681374027108e-01
  8.933416756172e-01  2.299036675777e-01  4.635345832161e-01 -1.681374027108e-01   8.897123294790e-01  2.318599603899e-01  4.889335439388e-01 -2.017129224437e-01
  8.897123294790e-01  2.318599603899e-01  4.889335439388e-01 -2.017129224437e-01   8.879257466960e-01  2.331911383811e-01  5.043243361014e-01 -2.208238873017e-01
  8.879257466960e-01  2.331911383811e-01  5.043243361014e-01 -2.208238873017e-01   8.852028551608e-01  2.360287008851e-01  5.334641870547e-01 -2.546934199976e-01
  8.852028551608e-01  2.360287008851e-01  5.334641870547e-01 -2.546934199976e-01   8.830180651810e-01  2.393017530154e-01  5.632356750427e-01 -2.864671415481e-01
  8.830180651810e-01  2.393017530154e-01  5.632356750427e-01 -2.864671415481e-01   8.818811474326e-01  2.413677294421e-01  5.808125298659e-01 -3.040077263423e-01
  8.818811474326e-01  2.413677294421e-01  5.808125298659e-01 -3.040077263423e-01   8.800781540431e-01  2.449284265100e-01  6.099224887929e-01 -3.312331484815e-01
  8.800781540431e-01  2.449284265100e-01  6.099224887929e-01 -3.312331484815e-01   8.788402041356e-01  2.473815970832e-01  6.295430088760e-01 -3.483815027108e-01
  8.788402041356e-01  2.473815970832e-01  6.295430088760e-01 -3.483815027108e-01   8.773492257389e-01  2.501802688742e-01  6.518367650250e-01 -3.667608808604e-01
  8.773492257389e-01  2.501802688742e-01  6.518367650250e-01 -3.667608808604e-01   8.753457663152e-01  2.535645361502e-01  6.790449354789e-01 -3.876744499470e-01
  8.753457663152e-01  2.535645361502e-01  6.790449354789e-01 -3.876744499470e-01   8.731770514118e-01  2.567434031398e-01  7.052235609413e-01 -4.062889620022e-01
  8.731770514118e-01  2.567434031398e-01  7.052235609413e-01 -4.062889620022e-01   8.710007702013e-01  2.594991697165e-01  7.287083823315e-01 -4.217720787533e-01
  8.710007702013e-01  2.594991697165e-01  7.287083823315e-01 -4.217720787533e-01   8.688499507994e-01  2.618722753139e-01  7.497562639227e-01 -4.346938512018e-01
  8.688499507994e-01  2.618722753139e-01  7.497562639227e-01 -4.346938512018e-01   8.657913418907e-01  2.647663316276e-01  7.768255238678e-01 -4.500068338998e-01
  8.657913418907e-01  2.647663316276e-01  7.768255238678e-01 -4.500068338998e-01   8.634790444322e-01  2.666500570622e-01  7.955362873121e-01 -4.597408289587e-01
  8.634790444322e-01  2.666500570622e-01  7.955362873121e-01 -4.597408289587e-01   8.558961362975e-01  2.714640986957e-01  8.494038057552e-01 -4.838956401665e-01
  8.558961362975e-01  2.714640986957e-01  8.494038057552e-01 -4.838956401665e-01   8.534220304614e-01  2.726811990535e-01  8.651213010361e-01 -4.898558842521e-01
  8.534220304614e-01  2.726811990535e-01  8.651213010361e-01 -4.898558842521e-01   8.488411465458e-01  2.745756710695e-01  8.924306777448e-01 -4.990274064863e-01
  8.488411465458e-01  2.745756710695e-01  8.924306777448e-01 -4.990274064863e-01   8.463989072249e-01  2.754187081391e-01  9.061816946804e-01 -5.030692811646e-01
  8.463989072249e-01  2.754187081391e-01  9.061816946804e-01 -5.030692811646e-01   8.440009917000e-01  2.761460254574e-01  9.192107292435e-01 -5.065376878032e-01
  8.440009917000e-01  2.761460254574e-01  9.192107292435e-01 -5.065376878032e-01   8.390529411773e-01  2.773640766796e-01  9.448013820161e-01 -5.123093766677e-01
  8.390529411773e-01  2.773640766796e-01  9.448013820161e-01 -5.123093766677e-01   8.366444430167e-01  2.778317919269e-01  9.566992152992e-01 -5.145142684458e-01
  8.366444430167e-01  2.778317919269e-01  9.566992152992e-01 -5.145142684458e-01   8.263351885757e-01  2.790344206342e-01  1.004196856513e+00 -5.201721969672e-01
  8.263351885757e-01  2.790344206342e-01  1.004196856513e+00 -5.201721969672e-01   8.239807375652e-01  2.791460297024e-01  1.014364624152e+00 -5.207054096576e-01
  8.239807375652e-01  2.791460297024e-01  1.014364624152e+00 -5.207054096576e-01   8.184055001383e-01  2.791944940201e-01  1.037565898281e+00 -5.209811677543e-01
  8.184055001383e-01  2.791944940201e-01  1.037565898281e+00 -5.209811677543e-01   8.161616299431e-01  2.791328320415e-01  1.046577977001e+00 -5.207245916442e-01
  8.161616299431e-01  2.791328320415e-01  1.046577977001e+00 -5.207245916442e-01   8.139726310975e-01  2.790299091762e-01  1.055199457031e+00 -5.202825587905e-01
  8.139726310975e-01  2.790299091762e-01  1.055199457031e+00 -5.202825587905e-01   8.082631855435e-01  2.785711271334e-01  1.076933112421e+00 -5.182856972986e-01
  8.082631855435e-01  2.785711271334e-01  1.076933112421e+00 -5.182856972986e-01   8.061379977039e-01  2.783327838304e-01  1.084756451488e+00 -5.172463692803e-01
  8.061379977039e-01  2.783327838304e-01  1.084756451488e+00 -5.172463692803e-01   8.004045533802e-01  2.775152969683e-01  1.105176450138e+00 -5.136920055895e-01
  8.004045533802e-01  2.775152969683e-01  1.105176450138e+00 -5.136920055895e-01   7.944237341623e-01  2.764020898659e-01  1.125453219245e+00 -5.088885037042e-01
  7.944237341623e-01  2.764020898659e-01  1.125453219245e+00 -5.088885037042e-01   7.924759935765e-01  2.759841419015e-01  1.131838489643e+00 -5.070968141050e-01
  7.924759935765e-01  2.759841419015e-01  1.131838489643e+00 -5.070968141050e-01   7.861127611319e-01  2.744346377379e-01  1.151973393545e+00 -5.005109056707e-01
  7.861127611319e-01  2.744346377379e-01  1.151973393545e+00 -5.005109056707e-01   7.843549285640e-01  2.739577938047e-01  1.157343152903e+00 -4.985020239168e-01
  7.843549285640e-01  2.739577938047e-01  1.157343152903e+00 -4.985020239168e-01   7.826724298620e-01  2.734819021062e-01  1.162405936846e+00 -4.965054706677e-01
  7.826724298620e-01  2.734819021062e-01  1.162405936846e+00 -4.965054706677e-01   7.761326462979e-01  2.714533948008e-01  1.181380641048e+00 -4.880871941864e-01
  7.761326462979e-01  2.714533948008e-01  1.181380641048e+00 -4.880871941864e-01   7.745982690591e-01  2.709367022832e-01  1.185672350324e+00 -4.859664639971e-01
  7.745982690591e-01  2.709367022832e-01  1.185672350324e+00 -4.859664639971e-01   7.679013544716e-01  2.685021115093e-01  1.203703915892e+00 -4.760999342077e-01
  7.679013544716e-01  2.685021115093e-01  1.203703915892e+00 -4.760999342077e-01   7.606931883741e-01  2.655573388422e-01  1.221861719379e+00 -4.644355675510e-01
  7.606931883741e-01  2.655573388422e-01  1.221861719379e+00 -4.644355675510e-01   7.595245678527e-01  2.650482740820e-01  1.224685545099e+00 -4.624482159870e-01
  7.595245678527e-01  2.650482740820e-01  1.224685545099e+00 -4.624482159870e-01   7.517139068121e-01  2.614180076940e-01  1.242715599437e+00 -4.485147480910e-01
  7.517139068121e-01  2.614180076940e-01  1.242715599437e+00 -4.485147480910e-01   7.508565658246e-01  2.609952424643e-01  1.244606375427e+00 -4.469186236815e-01
  7.508565658246e-01  2.609952424643e-01  1.244606375427e+00 -4.469186236815e-01   7.500555280534e-01  2.605958671014e-01  1.246357382297e+00 -4.454157478385e-01
  7.500555280534e-01  2.605958671014e-01  1.246357382297e+00 -4.454157478385e-01   7.419861577076e-01  2.563345008543e-01  1.263166463676e+00 -4.296691755700e-01
  7.419861577076e-01  2.563345008543e-01  1.263166463676e+00 -4.296691755700e-01   7.414509664988e-01  2.560363612571e-01  1.264228571593e+00 -4.285866382279e-01
  7.414509664988e-01  2.560363612571e-01  1.264228571593e+00 -4.285866382279e-01   7.330166461677e-01  2.510760249448e-01  1.280120294010e+00 -4.109191649888e-01
  7.330166461677e-01  2.510760249448e-01  1.280120294010e+00 -4.109191649888e-01   7.270432653761e-01  2.472559091594e-01  1.290431690031e+00 -3.977253868935e-01
  7.270432653761e-01  2.472559091594e-01  1.290431690031e+00 -3.977253868935e-01   7.238135478226e-01  2.450798222303e-01  1.295688699733e+00 -3.903567147167e-01
  7.238135478226e-01  2.450798222303e-01  1.295688699733e+00 -3.903567147167e-01   7.232499265184e-01  2.446918973862e-01  1.296583504398e+00 -3.890537476651e-01
  7.232499265184e-01  2.446918973862e-01  1.296583504398e+00 -3.890537476651e-01   7.142418600197e-01  2.381484714901e-01  1.309986704945e+00 -3.675234417100e-01
  7.142418600197e-01  2.381484714901e-01  1.309986704945e+00 -3.675234417100e-01   7.071837876048e-01  2.325412848538e-01  1.319326020525e+00 -3.496737718992e-01
  7.071837876048e-01  2.325412848538e-01  1.319326020525e+00 -3.496737718992e-01   7.044451896820e-01  2.302428098949e-01  1.322678113157e+00 -3.424956273429e-01
  7.044451896820e-01  2.302428098949e-01  1.322678113157e+00 -3.424956273429e-01   6.983163687618e-01  2.248300295749e-01  1.329630669819e+00 -3.258677989814e-01
  6.983163687618e-01  2.248300295749e-01  1.329630669819e+00 -3.258677989814e-01   6.946096097741e-01  2.213629215397e-01  1.333464981193e+00 -3.153959953413e-01
  6.946096097741e-01  2.213629215397e-01  1.333464981193e+00 -3.153959953413e-01   6.897204761275e-01  2.165457711829e-01  1.338087650623e+00 -3.010411750210e-01
  6.897204761275e-01  2.165457711829e-01  1.338087650623e+00 -3.010411750210e-01   6.846927811989e-01  2.112734846698e-01  1.342310102777e+00 -2.855427379844e-01
  6.846927811989e-01  2.112734846698e-01  1.342310102777e+00 -2.855427379844e-01   6.780118629550e-01  2.036963758078e-01  1.347037294707e+00 -2.635532593580e-01
  6.780118629550e-01  2.036963758078e-01  1.347037294707e+00 -2.635532593580e-01   6.747089565489e-01  1.996742827430e-01  1.348971738071e+00 -2.519714120415e-01
  6.747089565489e-01  1.996742827430e-01  1.348971738071e+00 -2.519714120415e-01   6.721844692269e-01  1.964600493266e-01  1.350254428818e+00 -2.427419344206e-01
  6.721844692269e-01  1.964600493266e-01  1.350254428818e+00 -2.427419344206e-01   6.650312503008e-01  1.865799725981e-01  1.352844712813e+00 -2.143993501876e-01
  6.650312503008e-01  1.865799725981e-01  1.352844712813e+00 -2.143993501876e-01   6.635958962721e-01  1.844374842463e-01  1.353152505132e+00 -2.082384161592e-01
  6.635958962721e-01  1.844374842463e-01  1.353152505132e+00 -2.082384161592e-01   6.561085547309e-01  1.721339156501e-01  1.353280965030e+00 -1.725370560444e-01
  6.561085547309e-01  1.721339156501e-01  1.353280965030e+00 -1.725370560444e-01   6.516354764567e-01  1.635917528352e-01  1.351782506356e+00 -1.472238178203e-01
  6.516354764567e-01  1.635917528352e-01  1.351782506356e+00 -1.472238178203e-01   6.482171700392e-01  1.561824207489e-01  1.349440231996e+00 -1.247506292231e-01
  6.482171700392e-01  1.561824207489e-01  1.349440231996e+00 -1.247506292231e-01   6.471820965848e-01  1.537393359891e-01  1.348453087053e+00 -1.172127128567e-01
  6.471820965848e-01  1.537393359891e-01  1.348453087053e+00 -1.172127128567e-01   6.417678107040e-01  1.386051892204e-01  1.339866600086e+00 -6.875618184304e-02
  6.417678107040e-01  1.386051892204e-01  1.339866600086e+00 -6.875618184304e-02   6.389478267325e-01  1.278313010410e-01  1.330971631698e+00 -3.197869454493e-02
  6.389478267325e-01  1.278313010410e-01  1.330971631698e+00 -3.197869454493e-02   6.374197937453e-01  1.198924491904e-01  1.322768594635e+00 -3.375280434922e-03
  6.374197937453e-01  1.198924491904e-01  1.322768594635e+00 -3.375280434922e-03   6.362688625012e-01  1.109949512960e-01  1.311725852847e+00  3.045067349056e-02
  6.362688625012e-01  1.109949512960e-01  1.311725852847e+00  3.045067349056e-02   6.356985118691e-01  1.007486933622e-01  1.296287810224e+00  7.205970202319e-02
  6.356985118691e-01  1.007486933622e-01  1.296287810224e+00  7.205970202319e-02   6.362313293536e-01  8.742400052449e-02  1.271141986918e+00  1.310908622621e-01
  6.362313293536e-01  8.742400052449e-02  1.271141986918e+00  1.310908622621e-01   6.369650561930e-01  8.149201518730e-02  1.257822440041e+00  1.593769266188e-01
  6.369650561930e-01  8.149201518730e-02  1.257822440041e+00  1.593769266188e-01   6.404799726424e-01  6.605934960502e-02  1.215906471930e+00  2.393658080287e-01
  6.404799726424e-01  6.605934960502e-02  1.215906471930e+00  2.393658080287e-01   6.416313777070e-01  6.256847095850e-02  1.204791455742e+00  2.587923304837e-01
  6.416313777070e-01  6.256847095850e-02  1.204791455742e+00  2.587923304837e-01   6.427443501301e-01  5.955016255640e-02  1.194647449504e+00  2.759865741085e-01
  6.427443501301e-01  5.955016255640e-02  1.194647449504e+00  2.759865741085e-01   6.498193895097e-01  4.503072620904e-02  1.138368652228e+00  3.635779622015e-01
  6.498193895097e-01  4.503072620904e-02  1.138368652228e+00  3.635779622015e-01   6.511939189796e-01  4.280055345574e-02  1.128552265145e+00  3.776829277120e-01
  6.511939189796e-01  4.280055345574e-02  1.128552265145e+00  3.776829277120e-01   6.611753963842e-01  2.979689685321e-02  1.064405199686e+00  4.627075403503e-01
  6.611753963842e-01  2.979689685321e-02  1.064405199686e+00  4.627075403503e-01   6.733028500170e-01  1.876177278685e-02  9.989543911987e-01  5.382175061061e-01
