LENS PARMS:
   alpha 3.155089e-01 7.387719e-01 1.765869e-01 3.544277e-01 -4.726249e+01 0.0 0.0 0.0 0.0 1.000000e+00
 expdisk 1.207415e+00 8.045049e-01 1.625982e-01 8.054193e-01 -5.737804e+01 0.0 0.0 3.670017e-01 0.0 0.0
SOURCE PARMS:
   ptsrc 3.100101e+00 6.809036e-01 -2.352570e-02 0.0 0.0 0.0 0.0 0.0
CHISQ: 3.811289e+00 1.983681e-01 3.612921e+00 0.000000e+00 4.362030e-10 0.000000e+00 0.000000e+00 0.000000e+00 0.000000e+00 # tot pos flux tdel gal plim crv ring weak

Source #1
  posn:  6.809036e-01 -2.352570e-02
  flux:  3.100101e+00
     h:  7.000000e-01
  zsrc:  1.340000e+00
tscale:  5.029346e+01
images:
   0.0000   0.0000 (3.0e-03)  15.6000 ( 1.50e+00)   0.00 (0.0e+00) ->  -0.0008   0.0002  16.8375   7.9386
   0.0200  -0.1560 (3.0e-03)  13.1040 ( 1.30e+00)   0.00 (0.0e+00) ->   0.0209  -0.1554  10.9531   7.9937
   0.8120  -0.6630 (3.0e-03)   6.5208 ( 6.50e-01)   0.00 (0.0e+00) ->   0.8118  -0.6631   6.5301   0.0000
   1.1740   0.4590 (3.0e-03)   1.2792 ( 1.30e-01)   0.00 (0.0e+00) ->   1.1742   0.4588   1.3366  25.5164


