LENS PARMS:
   alpha 4.186820e-01 8.654573e-01 1.015647e-01 5.004034e-01 -4.603892e+01 0.0 0.0 0.0 0.0 1.000000e+00
 expdisk 3.126149e+00 6.777844e-01 1.289135e-01 6.785710e-01 -5.800000e+01 0.0 0.0 1.584139e-01 0.0 0.0
SOURCE PARMS:
   ptsrc 2.017098e+00 7.010226e-01 -3.510815e-02 0.0 0.0 0.0 0.0 0.0
CHISQ: 1.937344e+00 1.817256e+00 1.200888e-01 0.000000e+00 4.566502e-10 0.000000e+00 0.000000e+00 0.000000e+00 0.000000e+00 # tot pos flux tdel gal plim crv ring weak

Source #1
  posn:  7.010226e-01 -3.510815e-02
  flux:  2.017098e+00
     h:  7.000000e-01
  zsrc:  1.340000e+00
tscale:  5.029346e+01
images:
   0.0000   0.0000 (1.0e-02)  15.6000 ( 1.50e+00)   0.00 (0.0e+00) ->   0.0098   0.0020  15.7800   2.7297
   0.0510  -0.1600 (1.0e-02)  13.1040 ( 1.30e+00)   0.00 (0.0e+00) ->   0.0429  -0.1639  13.1867   2.7665
   0.8060  -0.6700 (1.0e-02)   6.5208 ( 6.50e-01)   0.00 (0.0e+00) ->   0.8057  -0.6705   6.5841   0.0000
   1.1630   0.4600 (1.0e-02)   1.2792 ( 1.30e-01)   0.00 (0.0e+00) ->   1.1625   0.4614   1.2397  18.1231


