LENS PARMS:
   alpha 5.252421e-01 7.648620e-01 1.205392e-01 3.469601e-01 -4.696779e+01 0.0 0.0 0.0 0.0 1.000000e+00
 expdisk 6.614627e-01 7.800000e-01 1.277269e-01 7.054193e-01 -5.737804e+01 0.0 0.0 3.050341e-01 0.0 0.0
SOURCE PARMS:
   ptsrc 1.474406e+00 6.809603e-01 -5.229651e-03 0.0 0.0 0.0 0.0 0.0
CHISQ: 9.397720e+00 5.168735e+00 4.228984e+00 0.000000e+00 4.356919e-10 0.000000e+00 0.000000e+00 0.000000e+00 0.000000e+00 # tot pos flux tdel gal plim crv ring weak

Source #1
  posn:  6.809603e-01 -5.229651e-03
  flux:  1.474406e+00
     h:  7.000000e-01
  zsrc:  1.340000e+00
tscale:  5.029346e+01
images:
   0.0000   0.0000 (1.0e-06)  15.6000 ( 1.50e+00)   0.00 (0.0e+00) ->   0.0000  -0.0000  15.8653   3.1984
   0.0510  -0.1600 (1.0e-02)  13.1040 ( 1.30e+00)   0.00 (0.0e+00) ->   0.0358  -0.1682  13.1865   3.2315
   0.8060  -0.6700 (1.0e-02)   6.5208 ( 6.50e-01)   0.00 (0.0e+00) ->   0.8004  -0.6784   5.3929   0.0000
   1.1630   0.4600 (1.0e-02)   1.2792 ( 1.30e-01)   0.00 (0.0e+00) ->   1.1562   0.4684   1.4206  16.9246


