LENS PARMS:
   alpha 1.163484e+00 -2.176496e-02 -2.066722e-03 1.698636e-01 5.155515e+00 3.935451e-02 5.910365e+01 0.0 0.0 1.000000e+00
SOURCE PARMS:
   ptsrc 7.011115e-02 -4.323723e-02 8.281401e-02 0.0 0.0 0.0 0.0 0.0
CHISQ: 9.839687e-05 9.653979e-05 1.857083e-06 0.000000e+00 4.779848e-14 0.000000e+00 0.000000e+00 0.000000e+00 0.000000e+00 # tot pos flux tdel gal plim crv ring weak

Source #1
  posn: -4.323723e-02  8.281401e-02
  flux:  7.011115e-02
     h:  7.000000e-01
tscale:  1.000000e+00
images:
   0.3087  -0.9931 (6.0e-03)   1.3680 ( 1.00e+03)   0.00 (0.0e+00) ->   0.3087  -0.9931   0.3086   0.3267
  -1.1407   0.4294 (6.0e-03)   1.4450 ( 1.00e+03)   0.00 (0.0e+00) ->  -1.1407   0.4294   1.5782   0.0455
  -0.7515   0.9528 (6.0e-03)   1.4280 ( 1.00e+03)   0.00 (0.0e+00) ->  -0.7515   0.9528   1.7836   0.0497
   0.6978   1.0470 (6.0e-03)   1.4420 ( 1.00e+03)   0.00 (0.0e+00) ->   0.6978   1.0470   0.6736   0.0000


