LENS PARMS:
   alpha 1.776548e-01 -1.772157e-01 -2.049533e-01 2.500000e-01 -4.890300e+00 0.0 0.0 0.0 0.0 1.000000e+00
 expdisk 2.734703e-01 -1.615516e-01 -2.056755e-01 8.280000e-01 -8.000000e+00 0.0 0.0 2.355863e-01 0.0 0.0
SOURCE PARMS:
   ptsrc 2.461071e+00 -1.971670e-01 -1.512136e-01 0.0 0.0 0.0 0.0 0.0
CHISQ: 3.881480e+01 3.634849e+00 3.517995e+01 0.000000e+00 4.825911e-13 0.000000e+00 0.000000e+00 0.000000e+00 0.000000e+00 # tot pos flux tdel gal plim crv ring weak

Source #1
  posn: -1.971670e-01 -1.512136e-01
  flux:  2.461071e+00
     h:  7.000000e-01
  zsrc:  1.500000e+00
tscale:  2.663911e+02
images:
   0.0000   0.0000 (1.0e-06)  17.0000 ( 1.07e+00)   0.00 (0.0e+00) ->   0.0000  -0.0000  15.3980   4.9727
  -0.0726   0.0480 (1.0e-03) -10.5400 ( 6.64e-01)   0.00 (0.0e+00) ->  -0.0715   0.0487  -9.3261   5.0706
  -0.4117  -0.0280 (1.0e-03)   8.6190 ( 5.43e-01)   0.00 (0.0e+00) ->  -0.4115  -0.0278   6.8510   0.0000
  -0.1619  -0.3680 (6.0e-03)  -1.4620 ( 9.20e-02)   0.00 (0.0e+00) ->  -0.1693  -0.3704  -1.8630  13.4082


