LENS PARMS:
   alpha 1.939015e-01 -1.758172e-01 -2.123089e-01 4.023891e-01 -4.433058e+00 0.0 0.0 0.0 0.0 1.000000e+00
 expdisk 1.904738e-01 -1.615516e-01 -2.056755e-01 8.280000e-01 -8.000000e+00 0.0 0.0 2.124342e-01 0.0 0.0
SOURCE PARMS:
   ptsrc 2.418984e+00 -1.933061e-01 -1.487563e-01 0.0 0.0 0.0 0.0 0.0
CHISQ: 2.251318e+01 4.090241e+00 1.842294e+01 0.000000e+00 5.564203e-13 0.000000e+00 0.000000e+00 0.000000e+00 0.000000e+00 # tot pos flux tdel gal plim crv ring weak

Source #1
  posn: -1.933061e-01 -1.487563e-01
  flux:  2.418984e+00
     h:  7.000000e-01
  zsrc:  1.500000e+00
tscale:  2.663911e+02
images:
   0.0000   0.0000 (1.0e-06)  17.0000 ( 1.07e+00)   0.00 (0.0e+00) ->  -0.0000   0.0000  16.5905   4.1835
  -0.0726   0.0480 (1.0e-03) -10.5400 ( 6.64e-01)   0.00 (0.0e+00) ->  -0.0734   0.0470 -10.9999   4.2690
  -0.4117  -0.0280 (1.0e-03)   8.6190 ( 5.43e-01)   0.00 (0.0e+00) ->  -0.4118  -0.0278   6.6493   0.0000
  -0.1619  -0.3680 (6.0e-03)  -1.4620 ( 9.20e-02)   0.00 (0.0e+00) ->  -0.1710  -0.3650  -1.6602  14.0163


