flux err 100%

alpha 2.360988e-01 1.934014e-01 -1.621475e-01 2.702767e-03 1.787112e+01 0.0 0.0 0.0 0.0 1.000000e+00
 expdisk 0.06 1.571102e-01 -2.056755e-01 8.20000e-01 7.00000e+00 0.0 0.0 2.367490e-01 0.0 0.0



findimg results:
 1.958221e-01 -1.577737e-01  # source
# 4 images:  x  y  mag  tdel
 4.099502e-01 -2.898854e-02  1.981170e+01  0.000000e+00
 6.203230e-07  8.859587e-07  4.179316e+01  2.425683e-03
 6.704321e-02  5.626095e-02  2.260721e+01  2.468020e-03
 1.640438e-01 -4.031915e-01  4.902526e+00  5.241274e-03
