flux err 20%

alpha 2.048833e-01 1.781446e-01 -2.199792e-01 4.818212e-01 2.640589e+00 0.0 0.0 0.0 0.0 1.000000e+00
 expdisk 1.100000e-01 1.442279e-01 -2.056755e-01 8.797419e-01 1.008464e+01 0.0 0.0 1.888360e-01 0.0 0.0



findimg results:
 1.928482e-01 -1.468203e-01  # source
# 4 images:  x  y  mag  tdel
 4.118851e-01 -2.754455e-02  2.827650e+00  0.000000e+00
-2.445490e-08 -1.113435e-08  6.029947e+00  9.265001e-03
 7.391455e-02  4.449285e-02  3.489714e+00  9.531965e-03
 1.695358e-01 -3.585499e-01  5.497524e-01  3.892723e-02
