flux err 30%

alpha 0.23 1.951811e-01 -1.351362e-01 2.096239e-02 2.444065e+00  0.0 0.0 0.0 0.0 1.000000e+00
 expdisk 6.000000e-02 1.386623e-01 -2.020871e-01 8.226673e-01 7.5 0.0 0.0 8.277017e-02 0.0 0.0



findimg results:
 1.953597e-01 -1.337697e-01  # source
# 4 images:  x  y  mag  tdel
 4.040241e-01 -3.054465e-02  6.056755e+01  0.000000e+00
 6.632303e-03  3.536158e-03  1.264414e+02  3.901322e-04
 7.703194e-02  6.657081e-02  7.435918e+01  4.052592e-04
 1.544598e-01 -3.635260e-01  1.073536e+01  1.469934e-03
