LENS PARMS:
   alpha 6.163810e-01 7.902072e-01 1.464232e-01 1.136780e-01 -7.404531e+01 1.010000e-01 -3.604374e+01 0.0 0.0 1.000000e+00
expdiskA 3.341240e-01 9.006939e-01 2.044992e-01 7.581240e-01 -5.995461e+01 0.0 0.0 4.114300e-01 0.0 0.0
SOURCE PARMS:
   ptsrc 1.335913e+00 6.925168e-01 9.702176e-03 0.0 0.0 0.0 0.0 0.0
CHISQ: 3.289910e+02 3.289041e+02 8.698560e-02 0.000000e+00 4.753625e-10 0.000000e+00 0.000000e+00 0.000000e+00 0.000000e+00 # tot pos flux tdel gal plim crv ring weak

Source #1
  posn:  6.925168e-01  9.702176e-03
  flux:  1.335913e+00
     h:  7.000000e-01
tscale:  1.000000e+00
images:
   0.0000   0.0000 (3.0e-03)  15.6000 ( 3.00e+00)   0.00 (0.0e+00) ->  -0.0276   0.0096  16.1515   0.0490
   0.0560  -0.1560 (3.0e-03)  13.1510 ( 2.60e+00)   0.00 (0.0e+00) ->   0.0270  -0.1511  13.3822   0.0496
   0.8120  -0.6630 (3.0e-03)   6.5208 ( 1.30e+00)   0.00 (0.0e+00) ->   0.8108  -0.6941   6.3125   0.0000
   1.1740   0.4590 (3.0e-03)   1.2792 ( 2.60e-01)   0.00 (0.0e+00) ->   1.1897   0.4642   1.2428   0.3875


