LENS PARMS:
   alpha 6.447399e-01 8.544842e-01 1.679793e-01 5.043076e-01 -5.877872e+01 9.000000e-02 5.367862e+00 0.0 0.0 1.000000e+00
SOURCE PARMS:
   ptsrc 1.128240e+00 7.305192e-01 3.436868e-03 0.0 0.0 0.0 0.0 0.0
CHISQ: 5.470935e+00 3.570025e-01 5.113933e+00 0.000000e+00 3.817089e-10 0.000000e+00 0.000000e+00 0.000000e+00 0.000000e+00 # tot pos flux tdel gal plim crv ring weak

Source #1
  posn:  7.305192e-01  3.436868e-03
  flux:  1.128240e+00
     h:  7.000000e-01
tscale:  1.000000e+00
images:
   0.0000   0.0000 (3.0e-03)  15.6000 ( 3.00e+00)   0.00 (0.0e+00) ->   0.0011   0.0003  16.1211   0.0445
   0.0560  -0.1560 (3.0e-03)  13.1510 ( 2.60e+00)   0.00 (0.0e+00) ->   0.0548  -0.1566  16.6199   0.0450
   0.8120  -0.6630 (3.0e-03)   6.5208 ( 1.30e+00)   0.00 (0.0e+00) ->   0.8120  -0.6629   4.8820   0.0000
   1.1740   0.4590 (3.0e-03)   1.2792 ( 2.60e-01)   0.00 (0.0e+00) ->   1.1739   0.4591   0.9388   0.4070


