#
# Columns: x1 y1 u1 v1 x2 y2 u2 v2
#
# To plot the image plane curves, connect each (x1,y1)
# to the (x2,y2) on the same line -- do *not* connect
# consecutive lines!
#
# To plot the source plane curves, do the same for
# (u1,v1) and (u2,v2).
#
  1.193799306726e-01 -4.138015747941e-01  5.921583609240e-01 -3.405275490486e-02   1.349915303042e-01 -4.202883689416e-01  5.976339392903e-01 -2.871590370442e-02
  1.349915303042e-01 -4.202883689416e-01  5.976339392903e-01 -2.871590370442e-02   1.440477617021e-01 -4.238575685826e-01  6.007907204145e-01 -2.555825913090e-02
  1.440477617021e-01 -4.238575685826e-01  6.007907204145e-01 -2.555825913090e-02   1.193799306726e-01 -4.138015747941e-01  5.921583609240e-01 -3.405275490486e-02
  9.549362504494e-02 -4.027434107949e-01  5.838596170171e-01 -4.180687833764e-02   8.524355428911e-02 -3.974159397244e-01  5.804098099838e-01 -4.491027509640e-02
  8.524355428911e-02 -3.974159397244e-01  5.804098099838e-01 -4.491027509640e-02   6.588039258095e-02 -3.859693842433e-01  5.742887992549e-01 -5.023230089019e-02
  6.588039258095e-02 -3.859693842433e-01  5.742887992549e-01 -5.023230089019e-02   4.437702610413e-02 -3.700566762430e-01  5.686295300634e-01 -5.491162316224e-02
  4.437702610413e-02 -3.700566762430e-01  5.686295300634e-01 -5.491162316224e-02   3.293550295959e-02 -3.593714644607e-01  5.665185300600e-01 -5.657768849675e-02
  3.293550295959e-02 -3.593714644607e-01  5.665185300600e-01 -5.657768849675e-02   6.005270865018e-03 -3.200496312150e-01  5.679415251001e-01 -5.562339340332e-02
  6.005270865018e-03 -3.200496312150e-01  5.679415251001e-01 -5.562339340332e-02   2.248543815008e-03 -3.107326036635e-01  5.699442686042e-01 -5.425335744294e-02
  2.248543815008e-03 -3.107326036635e-01  5.699442686042e-01 -5.425335744294e-02  -5.738439034965e-03 -2.757288460991e-01  5.815270244864e-01 -4.677819445398e-02
 -5.738439034965e-03 -2.757288460991e-01  5.815270244864e-01 -4.677819445398e-02  -6.976359807636e-03 -2.489135453975e-01  5.936842760403e-01 -3.948158962202e-02
 -6.976359807636e-03 -2.489135453975e-01  5.936842760403e-01 -3.948158962202e-02  -6.886082935121e-03 -2.449311648056e-01  5.956746688533e-01 -3.832939184635e-02
 -6.886082935121e-03 -2.449311648056e-01  5.956746688533e-01 -3.832939184635e-02  -6.779946880072e-03 -2.419945769712e-01  5.971688929783e-01 -3.747158598497e-02
 -6.779946880072e-03 -2.419945769712e-01  5.971688929783e-01 -3.747158598497e-02  -4.772534075458e-03 -2.177879643516e-01  6.102356754534e-01 -3.021545551037e-02
 -4.772534075458e-03 -2.177879643516e-01  6.102356754534e-01 -3.021545551037e-02  -2.106235056654e-03 -1.993035347091e-01  6.209417190415e-01 -2.457391559189e-02
 -2.106235056654e-03 -1.993035347091e-01  6.209417190415e-01 -2.457391559189e-02  -1.011397612105e-03 -1.929815439573e-01  6.247146271117e-01 -2.264691070760e-02
 -1.011397612105e-03 -1.929815439573e-01  6.247146271117e-01 -2.264691070760e-02   1.059354299846e-03 -1.821015559123e-01  6.313142096147e-01 -1.935019343334e-02
  1.059354299846e-03 -1.821015559123e-01  6.313142096147e-01 -1.935019343334e-02   5.191258415751e-03 -1.629468616887e-01  6.431850232475e-01 -1.365139356043e-02
  5.191258415751e-03 -1.629468616887e-01  6.431850232475e-01 -1.365139356043e-02   1.028932163572e-02 -1.418970360102e-01  6.564579529018e-01 -7.623020459034e-03
  1.028932163572e-02 -1.418970360102e-01  6.564579529018e-01 -7.623020459034e-03   1.357330698123e-02 -1.292085362831e-01  6.645059571745e-01 -4.142227605096e-03
  1.357330698123e-02 -1.292085362831e-01  6.645059571745e-01 -4.142227605096e-03   1.677473919443e-02 -1.172616260746e-01  6.720799144858e-01 -9.866247647889e-04
  1.677473919443e-02 -1.172616260746e-01  6.720799144858e-01 -9.866247647889e-04   2.246608947220e-02 -9.670323164718e-02  6.850331460571e-01  4.138365132748e-03
  2.246608947220e-02 -9.670323164718e-02  6.850331460571e-01  4.138365132748e-03   2.910857431664e-02 -7.336147055093e-02  6.995004333270e-01  9.450011196585e-03
  2.910857431664e-02 -7.336147055093e-02  6.995004333270e-01  9.450011196585e-03   3.158826493629e-02 -6.475173063810e-02  7.047476859267e-01  1.126657569844e-02
  3.158826493629e-02 -6.475173063810e-02  7.047476859267e-01  1.126657569844e-02   3.371120457381e-02 -5.740950683738e-02  7.091780649861e-01  1.275382291900e-02
  3.371120457381e-02 -5.740950683738e-02  7.091780649861e-01  1.275382291900e-02   3.964486163794e-02 -3.698621735090e-02  7.212644110166e-01  1.658972565198e-02
  3.964486163794e-02 -3.698621735090e-02  7.212644110166e-01  1.658972565198e-02   4.474420820775e-02 -1.952133626406e-02  7.312988746095e-01  1.952074905801e-02
  4.474420820775e-02 -1.952133626406e-02  7.312988746095e-01  1.952074905801e-02   4.722349875661e-02 -1.105911471126e-02  7.360554973724e-01  2.082702879172e-02
  4.722349875661e-02 -1.105911471126e-02  7.360554973724e-01  2.082702879172e-02   4.990443931966e-02 -1.935262688802e-03  7.411053809725e-01  2.215377652076e-02
  4.990443931966e-02 -1.935262688802e-03  7.411053809725e-01  2.215377652076e-02   5.477644588506e-02  1.455123175835e-02  7.500224342922e-01  2.434140039176e-02
  5.477644588506e-02  1.455123175835e-02  7.500224342922e-01  2.434140039176e-02   5.915843404492e-02  2.923662589990e-02  7.577419464371e-01  2.607001553560e-02
  5.915843404492e-02  2.923662589990e-02  7.577419464371e-01  2.607001553560e-02   6.228352016092e-02  3.960009958015e-02  7.630658210614e-01  2.716976703611e-02
  6.228352016092e-02  3.960009958015e-02  7.630658210614e-01  2.716976703611e-02   6.556932272779e-02  5.037604220174e-02  7.684962335699e-01  2.821147785904e-02
  6.556932272779e-02  5.037604220174e-02  7.684962335699e-01  2.821147785904e-02   7.375960884970e-02  7.657456967431e-02  7.812739996981e-01  3.033103649289e-02
  7.375960884970e-02  7.657456967431e-02  7.812739996981e-01  3.033103649289e-02   8.131810472298e-02  9.974933078320e-02  7.921149720170e-01  3.174583883807e-02
  8.131810472298e-02  9.974933078320e-02  7.921149720170e-01  3.174583883807e-02   8.869980708271e-02  1.213373748494e-01  8.018640054345e-01  3.269934960142e-02
  8.869980708271e-02  1.213373748494e-01  8.018640054345e-01  3.269934960142e-02   9.771079976456e-02  1.462434000000e-01  8.127358189102e-01  3.338552636561e-02
  9.771079976456e-02  1.462434000000e-01  8.127358189102e-01  3.338552636561e-02   1.023285512326e-01  1.584008439367e-01  8.179083745071e-01  3.356534808731e-02
  1.023285512326e-01  1.584008439367e-01  8.179083745071e-01  3.356534808731e-02   1.105901509369e-01  1.791782171613e-01  8.265574550337e-01  3.364405271485e-02
  1.105901509369e-01  1.791782171613e-01  8.265574550337e-01  3.364405271485e-02   1.135723379457e-01  1.863865301162e-01  8.295035801396e-01  3.360513877950e-02
  1.135723379457e-01  1.863865301162e-01  8.295035801396e-01  3.360513877950e-02   1.153102294758e-01  1.905191197935e-01  8.311801737730e-01  3.356764055857e-02
  1.153102294758e-01  1.905191197935e-01  8.311801737730e-01  3.356764055857e-02   1.251394095180e-01  2.130006356202e-01  8.401427911749e-01  3.317217045543e-02
  1.251394095180e-01  2.130006356202e-01  8.401427911749e-01  3.317217045543e-02   1.344630665465e-01  2.330407243564e-01  8.479044948210e-01  3.255167009855e-02
  1.344630665465e-01  2.330407243564e-01  8.479044948210e-01  3.255167009855e-02   1.400153662028e-01  2.444400396868e-01  8.522205729852e-01  3.208847257588e-02
  1.400153662028e-01  2.444400396868e-01  8.522205729852e-01  3.208847257588e-02   1.550171589926e-01  2.734830733175e-01  8.628699011288e-01  3.055833079217e-02
  1.550171589926e-01  2.734830733175e-01  8.628699011288e-01  3.055833079217e-02   1.676683376904e-01  2.962403342442e-01  8.708313586602e-01  2.902408217993e-02
  1.676683376904e-01  2.962403342442e-01  8.708313586602e-01  2.902408217993e-02   1.766649065097e-01  3.115919778486e-01  8.759886167731e-01  2.783411824913e-02
  1.766649065097e-01  3.115919778486e-01  8.759886167731e-01  2.783411824913e-02   1.880551821783e-01  3.301553199298e-01  8.819694904324e-01  2.624260428759e-02
  1.880551821783e-01  3.301553199298e-01  8.819694904324e-01  2.624260428759e-02   1.994172064792e-01  3.478070099472e-01  8.873705525674e-01  2.459125775957e-02
  1.994172064792e-01  3.478070099472e-01  8.873705525674e-01  2.459125775957e-02   2.048740091842e-01  3.560061144211e-01  8.897761987738e-01  2.378433010187e-02
  2.048740091842e-01  3.560061144211e-01  8.897761987738e-01  2.378433010187e-02   2.175750533175e-01  3.744553117076e-01  8.949298532459e-01  2.189248272303e-02
  2.175750533175e-01  3.744553117076e-01  8.949298532459e-01  2.189248272303e-02   2.215660681923e-01  3.800815863199e-01  8.964258686427e-01  2.129833945532e-02
  2.215660681923e-01  3.800815863199e-01  8.964258686427e-01  2.129833945532e-02   2.233173543189e-01  3.825260779584e-01  8.970643148536e-01  2.103819257174e-02
  2.233173543189e-01  3.825260779584e-01  8.970643148536e-01  2.103819257174e-02   2.280020787200e-01  3.889942186694e-01  8.987191792495e-01  2.034481860481e-02
  2.280020787200e-01  3.889942186694e-01  8.987191792495e-01  2.034481860481e-02   2.480241444952e-01  4.155587384788e-01  9.049604117719e-01  1.745614716438e-02
  2.480241444952e-01  4.155587384788e-01  9.049604117719e-01  1.745614716438e-02   2.665758578316e-01  4.387793377999e-01  9.096232979907e-01  1.496100605920e-02
  2.665758578316e-01  4.387793377999e-01  9.096232979907e-01  1.496100605920e-02   2.732027623470e-01  4.467839126560e-01  9.110465150251e-01  1.412851457223e-02
  2.732027623470e-01  4.467839126560e-01  9.110465150251e-01  1.412851457223e-02   2.931698771997e-01  4.700674219328e-01  9.146190250162e-01  1.185442463338e-02
  2.931698771997e-01  4.700674219328e-01  9.146190250162e-01  1.185442463338e-02   2.989895886602e-01  4.766330732023e-01  9.154690152170e-01  1.126650880654e-02
  2.989895886602e-01  4.766330732023e-01  9.154690152170e-01  1.126650880654e-02   3.160753394342e-01  4.953779187055e-01  9.175030466053e-01  9.762867062515e-03
  3.160753394342e-01  4.953779187055e-01  9.175030466053e-01  9.762867062515e-03   3.255827993440e-01  5.054839507232e-01  9.183549330626e-01  9.081465157446e-03
  3.255827993440e-01  5.054839507232e-01  9.183549330626e-01  9.081465157446e-03   3.401067589190e-01  5.205016562399e-01  9.193014891250e-01  8.272734657095e-03
  3.401067589190e-01  5.205016562399e-01  9.193014891250e-01  8.272734657095e-03   3.527674275255e-01  5.331981403262e-01  9.198045270782e-01  7.809739516513e-03
  3.527674275255e-01  5.331981403262e-01  9.198045270782e-01  7.809739516513e-03   3.777086876412e-01  5.571984567988e-01  9.200248414482e-01  7.595354789061e-03
  3.777086876412e-01  5.571984567988e-01  9.200248414482e-01  7.595354789061e-03   3.803411379839e-01  5.596564620161e-01  9.199947732343e-01  7.628383065017e-03
  3.803411379839e-01  5.596564620161e-01  9.199947732343e-01  7.628383065017e-03   3.825516680733e-01  5.617097177214e-01  9.199623447032e-01  7.664451203612e-03
  3.825516680733e-01  5.617097177214e-01  9.199623447032e-01  7.664451203612e-03   4.085988400890e-01  5.851795374026e-01  9.191340719489e-01  8.666751193094e-03
  4.085988400890e-01  5.851795374026e-01  9.191340719489e-01  8.666751193094e-03   4.156854602545e-01  5.913394994408e-01  9.187833827103e-01  9.124022527695e-03
  4.156854602545e-01  5.913394994408e-01  9.187833827103e-01  9.124022527695e-03   4.378799709153e-01  6.100277248835e-01  9.174088374127e-01  1.106175930183e-02
  4.378799709153e-01  6.100277248835e-01  9.174088374127e-01  1.106175930183e-02   4.577605469965e-01  6.260077506361e-01  9.158975908994e-01  1.343290797943e-02
  4.577605469965e-01  6.260077506361e-01  9.158975908994e-01  1.343290797943e-02   4.680452133484e-01  6.339985971544e-01  9.150398547476e-01  1.488666375150e-02
  4.680452133484e-01  6.339985971544e-01  9.150398547476e-01  1.488666375150e-02   4.887395439125e-01  6.495166788766e-01  9.132079065624e-01  1.825882952544e-02
  4.887395439125e-01  6.495166788766e-01  9.132079065624e-01  1.825882952544e-02   4.989331338643e-01  6.568884656886e-01  9.122718483773e-01  2.012920863127e-02
  4.989331338643e-01  6.568884656886e-01  9.122718483773e-01  2.012920863127e-02   5.154701956432e-01  6.684704912703e-01  9.107329389955e-01  2.343934274411e-02
  5.154701956432e-01  6.684704912703e-01  9.107329389955e-01  2.343934274411e-02   5.309075936200e-01  6.788654700954e-01  9.092973514974e-01  2.681823114551e-02
  5.309075936200e-01  6.788654700954e-01  9.092973514974e-01  2.681823114551e-02   5.620025501848e-01  6.985994186309e-01  9.064975298565e-01  3.438377943297e-02
  5.620025501848e-01  6.985994186309e-01  9.064975298565e-01  3.438377943297e-02   5.643664140232e-01  7.000345039479e-01  9.062929314162e-01  3.499668972033e-02
  5.643664140232e-01  7.000345039479e-01  9.062929314162e-01  3.499668972033e-02   5.910844577025e-01  7.156237335981e-01  9.040934373579e-01  4.225023142185e-02
  5.910844577025e-01  7.156237335981e-01  9.040934373579e-01  4.225023142185e-02   5.991373924512e-01  7.200968268040e-01  9.034770582285e-01  4.454414000671e-02
  5.991373924512e-01  7.200968268040e-01  9.034770582285e-01  4.454414000671e-02   6.207096454991e-01  7.315709370734e-01  9.019489020749e-01  5.090175736729e-02
  6.207096454991e-01  7.315709370734e-01  9.019489020749e-01  5.090175736729e-02   6.349891217738e-01  7.387627384080e-01  9.010439990200e-01  5.526074326200e-02
  6.349891217738e-01  7.387627384080e-01  9.010439990200e-01  5.526074326200e-02   6.696532770594e-01  7.549052035420e-01  8.992320060498e-01  6.624278917032e-02
  6.696532770594e-01  7.549052035420e-01  8.992320060498e-01  6.624278917032e-02   6.722772033499e-01  7.560520812682e-01  8.991179432936e-01  6.709326497335e-02
  6.722772033499e-01  7.560520812682e-01  8.991179432936e-01  6.709326497335e-02   6.758093736117e-01  7.575794096653e-01  8.989696451618e-01  6.824173510450e-02
  6.758093736117e-01  7.575794096653e-01  8.989696451618e-01  6.824173510450e-02   7.113831587249e-01  7.719135755346e-01  8.978154722818e-01  8.000008273728e-02
  7.113831587249e-01  7.719135755346e-01  8.978154722818e-01  8.000008273728e-02   7.235394151869e-01  7.763793352309e-01  8.975634379430e-01  8.407908290214e-02
  7.235394151869e-01  7.763793352309e-01  8.975634379430e-01  8.407908290214e-02   7.520040685202e-01  7.859873748725e-01  8.972552949932e-01  9.370045668814e-02
  7.520040685202e-01  7.859873748725e-01  8.972552949932e-01  9.370045668814e-02   7.528439642082e-01  7.862529508609e-01  8.972521472783e-01  9.398530404697e-02
  7.528439642082e-01  7.862529508609e-01  8.972521472783e-01  9.398530404697e-02   7.552470823584e-01  7.870071751209e-01  8.972450046792e-01  9.480048783505e-02
  7.552470823584e-01  7.870071751209e-01  8.972450046792e-01  9.480048783505e-02   7.841882151066e-01  7.954373634614e-01  8.973730990136e-01  1.046250627913e-01
  7.841882151066e-01  7.954373634614e-01  8.973730990136e-01  1.046250627913e-01   7.937542000000e-01  7.979604794885e-01  8.975007482412e-01  1.078687323468e-01
  7.937542000000e-01  7.979604794885e-01  8.975007482412e-01  1.078687323468e-01   8.353631094090e-01  8.074321498211e-01  8.985273459217e-01  1.218899069901e-01
  8.353631094090e-01  8.074321498211e-01  8.985273459217e-01  1.218899069901e-01   8.369239391433e-01  8.077402512646e-01  8.985802654792e-01  1.224118657497e-01
  8.369239391433e-01  8.077402512646e-01  8.985802654792e-01  1.224118657497e-01   8.407799430477e-01  8.084868751052e-01  8.987153222275e-01  1.236998073353e-01
  8.407799430477e-01  8.084868751052e-01  8.987153222275e-01  1.236998073353e-01   8.818184900164e-01  8.151580930762e-01  9.005202429227e-01  1.372470279644e-01
  8.818184900164e-01  8.151580930762e-01  9.005202429227e-01  1.372470279644e-01   8.914468567304e-01  8.163878589856e-01  9.010367765035e-01  1.403765709544e-01
  8.914468567304e-01  8.163878589856e-01  9.010367765035e-01  1.403765709544e-01   9.101697358070e-01  8.184170039530e-01  9.021365466180e-01  1.464012221500e-01
  9.101697358070e-01  8.184170039530e-01  9.021365466180e-01  1.464012221500e-01   9.220031943309e-01  8.194538010956e-01  9.028942749098e-01  1.501650200221e-01
  9.220031943309e-01  8.194538010956e-01  9.028942749098e-01  1.501650200221e-01   9.279506841949e-01  8.199032970541e-01  9.032928221377e-01  1.520432516765e-01
  9.279506841949e-01  8.199032970541e-01  9.032928221377e-01  1.520432516765e-01   9.546598502036e-01  8.213342102734e-01  9.052229045246e-01  1.603626416269e-01
  9.546598502036e-01  8.213342102734e-01  9.052229045246e-01  1.603626416269e-01   9.747638908679e-01  8.217807629815e-01  9.068199555327e-01  1.664958209397e-01
  9.747638908679e-01  8.217807629815e-01  9.068199555327e-01  1.664958209397e-01   9.983808246016e-01  8.216195745552e-01  9.088449649685e-01  1.735561051250e-01
  9.983808246016e-01  8.216195745552e-01  9.088449649685e-01  1.735561051250e-01   1.022489172463e+00  8.206987537343e-01  9.110696949190e-01  1.806031388041e-01
  1.022489172463e+00  8.206987537343e-01  9.110696949190e-01  1.806031388041e-01   1.062183422595e+00  8.175485936720e-01  9.150640551613e-01  1.918727476159e-01
  1.062183422595e+00  8.175485936720e-01  9.150640551613e-01  1.918727476159e-01   1.071397180986e+00  8.165328501937e-01  9.160493228529e-01  1.944347578834e-01
  1.071397180986e+00  8.165328501937e-01  9.160493228529e-01  1.944347578834e-01   1.097826092271e+00  8.130431494256e-01  9.189993895717e-01  2.016894906778e-01
  1.097826092271e+00  8.130431494256e-01  9.189993895717e-01  2.016894906778e-01   1.120974267145e+00  8.093093301256e-01  9.217418040921e-01  2.079538479189e-01
  1.120974267145e+00  8.093093301256e-01  9.217418040921e-01  2.079538479189e-01   1.129966680503e+00  8.076959326189e-01  9.228501180722e-01  2.103724535847e-01
  1.129966680503e+00  8.076959326189e-01  9.228501180722e-01  2.103724535847e-01   1.148756932382e+00  8.040455922959e-01  9.252507410124e-01  2.154142371928e-01
  1.148756932382e+00  8.040455922959e-01  9.252507410124e-01  2.154142371928e-01   1.163824284664e+00  8.008609225300e-01  9.272662881225e-01  2.194596227088e-01
  1.163824284664e+00  8.008609225300e-01  9.272662881225e-01  2.194596227088e-01   1.170804070829e+00  7.993129332636e-01  9.282299734986e-01  2.213389375019e-01
  1.170804070829e+00  7.993129332636e-01  9.282299734986e-01  2.213389375019e-01   1.210541987736e+00  7.897327409108e-01  9.341419895646e-01  2.321988094263e-01
  1.210541987736e+00  7.897327409108e-01  9.341419895646e-01  2.321988094263e-01   1.221554925979e+00  7.868828542195e-01  9.359301575406e-01  2.352865256839e-01
  1.221554925979e+00  7.868828542195e-01  9.359301575406e-01  2.352865256839e-01   1.262701897033e+00  7.757442201872e-01  9.433464814545e-01  2.473164725329e-01
  1.262701897033e+00  7.757442201872e-01  9.433464814545e-01  2.473164725329e-01   1.274311210520e+00  7.725174892063e-01  9.456847747347e-01  2.508891655781e-01
  1.274311210520e+00  7.725174892063e-01  9.456847747347e-01  2.508891655781e-01   1.295214382634e+00  7.666863412540e-01  9.502150878087e-01  2.575627449223e-01
  1.295214382634e+00  7.666863412540e-01  9.502150878087e-01  2.575627449223e-01   1.315920506199e+00  7.609433304818e-01  9.551489706342e-01  2.645070481326e-01
  1.315920506199e+00  7.609433304818e-01  9.551489706342e-01  2.645070481326e-01   1.322524888470e+00  7.591284095882e-01  9.568229074644e-01  2.667954131939e-01
  1.322524888470e+00  7.591284095882e-01  9.568229074644e-01  2.667954131939e-01   1.329801720810e+00  7.571413719321e-01  9.587256962928e-01  2.693585527081e-01
  1.329801720810e+00  7.571413719321e-01  9.587256962928e-01  2.693585527081e-01   1.349881679870e+00  7.517395100525e-01  9.643030551320e-01  2.766575236822e-01
  1.349881679870e+00  7.517395100525e-01  9.643030551320e-01  2.766575236822e-01   1.368073599010e+00  7.469600402317e-01  9.697795748886e-01  2.835473832723e-01
  1.368073599010e+00  7.469600402317e-01  9.697795748886e-01  2.835473832723e-01   1.377545876987e+00  7.445148219629e-01  9.727915864049e-01  2.872322702998e-01
  1.377545876987e+00  7.445148219629e-01  9.727915864049e-01  2.872322702998e-01   1.389083810630e+00  7.415730106296e-01  9.766073230454e-01  2.918031260854e-01
  1.389083810630e+00  7.415730106296e-01  9.766073230454e-01  2.918031260854e-01   1.408039403003e+00  7.368096178937e-01  9.832168502090e-01  2.994846961272e-01
  1.408039403003e+00  7.368096178937e-01  9.832168502090e-01  2.994846961272e-01   1.427183106926e+00  7.320440510960e-01  9.902976013138e-01  3.074137003422e-01
  1.427183106926e+00  7.320440510960e-01  9.902976013138e-01  3.074137003422e-01   1.440230667274e+00  7.287868596734e-01  9.953369659531e-01  3.128846269182e-01
  1.440230667274e+00  7.287868596734e-01  9.953369659531e-01  3.128846269182e-01   1.453746508138e+00  7.253699592381e-01  1.000719575260e+00  3.185815584855e-01
  1.453746508138e+00  7.253699592381e-01  1.000719575260e+00  3.185815584855e-01   1.472672710684e+00  7.204372797164e-01  1.008492132313e+00  3.265575575336e-01
  1.472672710684e+00  7.204372797164e-01  1.008492132313e+00  3.265575575336e-01   1.489857832665e+00  7.157069214741e-01  1.015730738368e+00  3.337346989002e-01
  1.489857832665e+00  7.157069214741e-01  1.015730738368e+00  3.337346989002e-01   1.506004929946e+00  7.109276000022e-01  1.022625637257e+00  3.403562756199e-01
  1.506004929946e+00  7.109276000022e-01  1.022625637257e+00  3.403562756199e-01   1.522623458056e+00  7.055244524149e-01  1.029739119397e+00  3.469738881107e-01
  1.522623458056e+00  7.055244524149e-01  1.029739119397e+00  3.469738881107e-01   1.534808102164e+00  7.011410907935e-01  1.034908955888e+00  3.516478130120e-01
  1.534808102164e+00  7.011410907935e-01  1.034908955888e+00  3.516478130120e-01   1.541563210463e+00  6.985168607789e-01  1.037737848207e+00  3.541565485855e-01
  1.541563210463e+00  6.985168607789e-01  1.037737848207e+00  3.541565485855e-01   1.559070359884e+00  6.908868619614e-01  1.044853382512e+00  3.603093720482e-01
  1.559070359884e+00  6.908868619614e-01  1.044853382512e+00  3.603093720482e-01   1.584213520695e+00  6.768636084861e-01  1.054046462185e+00  3.678940512589e-01
  1.584213520695e+00  6.768636084861e-01  1.054046462185e+00  3.678940512589e-01   1.585212595807e+00  6.762004661238e-01  1.054371448843e+00  3.681535760480e-01
  1.585212595807e+00  6.762004661238e-01  1.054371448843e+00  3.681535760480e-01   1.586288240432e+00  6.754749913848e-01  1.054716699812e+00  3.684285505449e-01
  1.586288240432e+00  6.754749913848e-01  1.054716699812e+00  3.684285505449e-01   1.615806122276e+00  6.485234309041e-01  1.061151434259e+00  3.733780708298e-01
  1.615806122276e+00  6.485234309041e-01  1.061151434259e+00  3.733780708298e-01   1.628421188175e+00  6.281386103066e-01  1.059812728684e+00  3.724480003892e-01
  1.628421188175e+00  6.281386103066e-01  1.059812728684e+00  3.724480003892e-01   1.633988399755e+00  6.136332384674e-01  1.056577555481e+00  3.702750891334e-01
  1.633988399755e+00  6.136332384674e-01  1.056577555481e+00  3.702750891334e-01   1.638718702658e+00  5.891401516693e-01  1.047896455847e+00  3.647281091005e-01
  1.638718702658e+00  5.891401516693e-01  1.047896455847e+00  3.647281091005e-01   1.639368331658e+00  5.769492036410e-01  1.042379841142e+00  3.613520237812e-01
  1.639368331658e+00  5.769492036410e-01  1.042379841142e+00  3.613520237812e-01   1.639030527222e+00  5.633834821295e-01  1.035488674186e+00  3.572625140771e-01
  1.639030527222e+00  5.633834821295e-01  1.035488674186e+00  3.572625140771e-01   1.637602632768e+00  5.487008743112e-01  1.027273996717e+00  3.525483145778e-01
  1.637602632768e+00  5.487008743112e-01  1.027273996717e+00  3.525483145778e-01   1.636424752868e+00  5.407038556311e-01  1.022515263030e+00  3.498896333680e-01
  1.636424752868e+00  5.407038556311e-01  1.022515263030e+00  3.498896333680e-01   1.633135874553e+00  5.237691544635e-01  1.011877119152e+00  3.441216230814e-01
  1.633135874553e+00  5.237691544635e-01  1.011877119152e+00  3.441216230814e-01   1.628601094207e+00  5.056174577441e-01  9.997736623046e-01  3.378327744638e-01
  1.628601094207e+00  5.056174577441e-01  9.997736623046e-01  3.378327744638e-01   1.627265236826e+00  5.008572419591e-01  9.965004189777e-01  3.361793939561e-01
  1.627265236826e+00  5.008572419591e-01  9.965004189777e-01  3.361793939561e-01   1.624074739467e+00  4.901734285641e-01  9.890282742670e-01  3.324779411563e-01
  1.624074739467e+00  4.901734285641e-01  9.890282742670e-01  3.324779411563e-01   1.619045722717e+00  4.747117844575e-01  9.779573755695e-01  3.271753897949e-01
  1.619045722717e+00  4.747117844575e-01  9.779573755695e-01  3.271753897949e-01   1.615325792663e+00  4.640130561806e-01  9.701583824617e-01  3.235671087002e-01
  1.615325792663e+00  4.640130561806e-01  9.701583824617e-01  3.235671087002e-01   1.608647912978e+00  4.458399370148e-01  9.567348536891e-01  3.175981595450e-01
  1.608647912978e+00  4.458399370148e-01  9.567348536891e-01  3.175981595450e-01   1.598215905327e+00  4.190687619710e-01  9.367791302845e-01  3.092839678146e-01
  1.598215905327e+00  4.190687619710e-01  9.367791302845e-01  3.092839678146e-01   1.597805503234e+00  4.180414489345e-01  9.360131495706e-01  3.089781648574e-01
  1.597805503234e+00  4.180414489345e-01  9.360131495706e-01  3.089781648574e-01   1.597514937901e+00  4.173149815426e-01  9.354715827214e-01  3.087625516690e-01
  1.597514937901e+00  4.173149815426e-01  9.354715827214e-01  3.087625516690e-01   1.586747823914e+00  3.907626675849e-01  9.157902262172e-01  3.012649113790e-01
  1.586747823914e+00  3.907626675849e-01  9.157902262172e-01  3.012649113790e-01   1.578397200828e+00  3.703989692341e-01  9.009624965271e-01  2.960588625545e-01
  1.578397200828e+00  3.703989692341e-01  9.009624965271e-01  2.960588625545e-01   1.575625959384e+00  3.636388430385e-01  8.961145075937e-01  2.944414656975e-01
  1.575625959384e+00  3.636388430385e-01  8.961145075937e-01  2.944414656975e-01   1.572000186356e+00  3.547737835569e-01  8.898235072313e-01  2.924063077888e-01
  1.572000186356e+00  3.547737835569e-01  8.898235072313e-01  2.924063077888e-01   1.565511990408e+00  3.388140331515e-01  8.787108673766e-01  2.889909967828e-01
  1.565511990408e+00  3.388140331515e-01  8.787108673766e-01  2.889909967828e-01   1.561408731243e+00  3.286336764016e-01  8.717802971400e-01  2.869803386582e-01
  1.561408731243e+00  3.286336764016e-01  8.717802971400e-01  2.869803386582e-01   1.556119771121e+00  3.153888299031e-01  8.629637435269e-01  2.845595076160e-01
  1.556119771121e+00  3.153888299031e-01  8.629637435269e-01  2.845595076160e-01   1.548736386625e+00  2.966396986634e-01  8.508952710770e-01  2.815041848566e-01
  1.548736386625e+00  2.966396986634e-01  8.508952710770e-01  2.815041848566e-01   1.547001079953e+00  2.921875188208e-01  8.481031096774e-01  2.808413691374e-01
  1.547001079953e+00  2.921875188208e-01  8.481031096774e-01  2.808413691374e-01   1.545785551256e+00  2.890586326909e-01  8.461580536188e-01  2.803896902551e-01
  1.545785551256e+00  2.890586326909e-01  8.461580536188e-01  2.803896902551e-01   1.538028080110e+00  2.689009838936e-01  8.339706468469e-01  2.777527983949e-01
  1.538028080110e+00  2.689009838936e-01  8.339706468469e-01  2.777527983949e-01   1.530289393647e+00  2.485187582327e-01  8.222515021183e-01  2.755464455658e-01
  1.530289393647e+00  2.485187582327e-01  8.222515021183e-01  2.755464455658e-01   1.529345414295e+00  2.460189160233e-01  8.208554260661e-01  2.753061617179e-01
  1.529345414295e+00  2.460189160233e-01  8.208554260661e-01  2.753061617179e-01   1.528181038249e+00  2.429325275507e-01  8.191440340332e-01  2.750183505639e-01
  1.528181038249e+00  2.429325275507e-01  8.191440340332e-01  2.750183505639e-01   1.514850175317e+00  2.075463870127e-01  8.004557138568e-01  2.723812686528e-01
  1.514850175317e+00  2.075463870127e-01  8.004557138568e-01  2.723812686528e-01   1.509307451143e+00  1.929408969509e-01  7.932143906164e-01  2.716238588861e-01
  1.509307451143e+00  1.929408969509e-01  7.932143906164e-01  2.716238588861e-01   1.499339563775e+00  1.671163010745e-01  7.810205747242e-01  2.707121143856e-01
  1.499339563775e+00  1.671163010745e-01  7.810205747242e-01  2.707121143856e-01   1.491043176969e+00  1.462434000000e-01  7.716840785265e-01  2.703445714687e-01
  1.491043176969e+00  1.462434000000e-01  7.716840785265e-01  2.703445714687e-01   1.485574891516e+00  1.328625378822e-01  7.659215944322e-01  2.702709078414e-01
  1.485574891516e+00  1.328625378822e-01  7.659215944322e-01  2.702709078414e-01   1.476737050682e+00  1.119322444908e-01  7.572309865019e-01  2.703953339855e-01
  1.476737050682e+00  1.119322444908e-01  7.572309865019e-01  2.703953339855e-01   1.474053242676e+00  1.057522174277e-01  7.547366172231e-01  2.704858732707e-01
  1.474053242676e+00  1.057522174277e-01  7.547366172231e-01  2.704858732707e-01   1.472386305631e+00  1.019554023801e-01  7.532198322558e-01  2.705533280090e-01
  1.472386305631e+00  1.019554023801e-01  7.532198322558e-01  2.705533280090e-01   1.462307899831e+00  7.967535760808e-02  7.445533521422e-01  2.711256817819e-01
  1.462307899831e+00  7.967535760808e-02  7.445533521422e-01  2.711256817819e-01   1.452702367101e+00  5.949122802055e-02  7.370388787501e-01  2.718946253588e-01
  1.452702367101e+00  5.949122802055e-02  7.370388787501e-01  2.718946253588e-01   1.447654939502e+00  4.927655623828e-02  7.333564778571e-01  2.723703989331e-01
  1.447654939502e+00  4.927655623828e-02  7.333564778571e-01  2.723703989331e-01   1.431961759178e+00  1.910920216096e-02  7.229603307015e-01  2.740954169097e-01
  1.431961759178e+00  1.910920216096e-02  7.229603307015e-01  2.740954169097e-01   1.420020658991e+00 -2.381766256021e-03  7.160085975503e-01  2.755939988800e-01
  1.420020658991e+00 -2.381766256021e-03  7.160085975503e-01  2.755939988800e-01   1.410345100231e+00 -1.897163377733e-02  7.109182456267e-01  2.768875791765e-01
  1.410345100231e+00 -1.897163377733e-02  7.109182456267e-01  2.768875791765e-01   1.399389013279e+00 -3.695580642626e-02  7.056907887365e-01  2.784073765615e-01
  1.399389013279e+00 -3.695580642626e-02  7.056907887365e-01  2.784073765615e-01   1.387758118722e+00 -5.520725086924e-02  7.007174913560e-01  2.800536703087e-01
  1.387758118722e+00 -5.520725086924e-02  7.007174913560e-01  2.800536703087e-01   1.382598603035e+00 -6.304959237877e-02  6.986896669316e-01  2.807868111551e-01
  1.382598603035e+00 -6.304959237877e-02  6.986896669316e-01  2.807868111551e-01   1.370214678959e+00 -8.128931550948e-02  6.942431148387e-01  2.825342969677e-01
  1.370214678959e+00 -8.128931550948e-02  6.942431148387e-01  2.825342969677e-01   1.365926978310e+00 -8.742435218899e-02  6.928360914175e-01  2.831308624023e-01
  1.365926978310e+00 -8.742435218899e-02  6.928360914175e-01  2.831308624023e-01   1.364105584544e+00 -9.000387879623e-02  6.922582883046e-01  2.833824033088e-01
  1.364105584544e+00 -9.000387879623e-02  6.922582883046e-01  2.833824033088e-01   1.359401323576e+00 -9.659506234350e-02  6.908197525140e-01  2.840260201439e-01
  1.359401323576e+00 -9.659506234350e-02  6.908197525140e-01  2.840260201439e-01   1.339688905168e+00 -1.231729321713e-01  6.855958869852e-01  2.865966723586e-01
  1.339688905168e+00 -1.231729321713e-01  6.855958869852e-01  2.865966723586e-01   1.320278769452e+00 -1.478708847589e-01  6.816249627497e-01  2.888520271886e-01
  1.320278769452e+00 -1.478708847589e-01  6.816249627497e-01  2.888520271886e-01   1.314812176575e+00 -1.545895630387e-01  6.807003306259e-01  2.894250137177e-01
  1.314812176575e+00 -1.545895630387e-01  6.807003306259e-01  2.894250137177e-01   1.294110530366e+00 -1.791754390240e-01  6.779079242773e-01  2.913011232201e-01
  1.294110530366e+00 -1.791754390240e-01  6.779079242773e-01  2.913011232201e-01   1.289320886984e+00 -1.846818764044e-01  6.774123620322e-01  2.916626829657e-01
  1.289320886984e+00 -1.846818764044e-01  6.774123620322e-01  2.916626829657e-01   1.271088058381e+00 -2.050650093639e-01  6.759988163611e-01  2.927627673455e-01
  1.271088058381e+00 -2.050650093639e-01  6.759988163611e-01  2.927627673455e-01   1.263003454294e+00 -2.138242169091e-01  6.755958772394e-01  2.931021947240e-01
  1.263003454294e+00 -2.138242169091e-01  6.755958772394e-01  2.931021947240e-01   1.251198937511e+00 -2.263227784326e-01  6.752332364218e-01  2.934244450611e-01
  1.251198937511e+00 -2.263227784326e-01  6.752332364218e-01  2.934244450611e-01   1.236059965863e+00 -2.418687236674e-01  6.751266088448e-01  2.935243912764e-01
  1.236059965863e+00 -2.418687236674e-01  6.751266088448e-01  2.935243912764e-01   1.215279099279e+00 -2.623704542203e-01  6.755534516388e-01  2.930663617007e-01
  1.215279099279e+00 -2.623704542203e-01  6.755534516388e-01  2.930663617007e-01   1.208682063008e+00 -2.686844630080e-01  6.758101543429e-01  2.927739753787e-01
  1.208682063008e+00 -2.686844630080e-01  6.758101543429e-01  2.927739753787e-01   1.202823657580e+00 -2.742151980924e-01  6.760816763342e-01  2.924544892627e-01
  1.202823657580e+00 -2.742151980924e-01  6.760816763342e-01  2.924544892627e-01   1.180570621519e+00 -2.945857396607e-01  6.774398197011e-01  2.907284194754e-01
  1.180570621519e+00 -2.945857396607e-01  6.774398197011e-01  2.907284194754e-01   1.169290682625e+00 -3.045354942170e-01  6.782949122566e-01  2.895463863004e-01
  1.169290682625e+00 -3.045354942170e-01  6.782949122566e-01  2.895463863004e-01   1.151382546384e+00 -3.198269350546e-01  6.798299034407e-01  2.872553932079e-01
  1.151382546384e+00 -3.198269350546e-01  6.798299034407e-01  2.872553932079e-01   1.135920947364e+00 -3.325412642681e-01  6.812883589808e-01  2.848812408480e-01
  1.135920947364e+00 -3.325412642681e-01  6.812883589808e-01  2.848812408480e-01   1.121253411766e+00 -3.441926921841e-01  6.827502469345e-01  2.823045279380e-01
  1.121253411766e+00 -3.441926921841e-01  6.827502469345e-01  2.823045279380e-01   1.105830966437e+00 -3.560202911695e-01  6.843373684930e-01  2.792717254581e-01
  1.105830966437e+00 -3.560202911695e-01  6.843373684930e-01  2.792717254581e-01   1.090344707864e+00 -3.674664286636e-01  6.859526927943e-01  2.759124239303e-01
  1.090344707864e+00 -3.674664286636e-01  6.859526927943e-01  2.759124239303e-01   1.064434222898e+00 -3.856689442436e-01  6.886310711153e-01  2.696476055867e-01
  1.064434222898e+00 -3.856689442436e-01  6.886310711153e-01  2.696476055867e-01   1.058294438416e+00 -3.898105797298e-01  6.892515610252e-01  2.680543101955e-01
  1.058294438416e+00 -3.898105797298e-01  6.892515610252e-01  2.680543101955e-01   1.047212592793e+00 -3.971213912947e-01  6.903503024274e-01  2.650814570434e-01
  1.047212592793e+00 -3.971213912947e-01  6.903503024274e-01  2.650814570434e-01   1.024706276587e+00 -4.113242355545e-01  6.924749324890e-01  2.586899930242e-01
  1.024706276587e+00 -4.113242355545e-01  6.924749324890e-01  2.586899930242e-01   1.003729383495e+00 -4.237950416737e-01  6.942944064542e-01  2.523558881040e-01
  1.003729383495e+00 -4.237950416737e-01  6.942944064542e-01  2.523558881040e-01   9.897571292301e-01 -4.316971901214e-01  6.954057702844e-01  2.479623962081e-01
  9.897571292301e-01 -4.316971901214e-01  6.954057702844e-01  2.479623962081e-01   9.746109848799e-01 -4.399027839735e-01  6.965109018424e-01  2.430627844587e-01
  9.746109848799e-01 -4.399027839735e-01  6.965109018424e-01  2.430627844587e-01   9.536860005788e-01 -4.506302055061e-01  6.978559741418e-01  2.360926867777e-01
  9.536860005788e-01 -4.506302055061e-01  6.978559741418e-01  2.360926867777e-01   9.333802919180e-01 -4.603744762706e-01  6.989496806242e-01  2.291449839543e-01
  9.333802919180e-01 -4.603744762706e-01  6.989496806242e-01  2.291449839543e-01   9.161424191763e-01 -4.681395745282e-01  6.997095009527e-01  2.231340442516e-01
  9.161424191763e-01 -4.681395745282e-01  6.997095009527e-01  2.231340442516e-01   8.931139964068e-01 -4.777975241037e-01  7.004793316714e-01  2.149819088201e-01
  8.931139964068e-01 -4.777975241037e-01  7.004793316714e-01  2.149819088201e-01   8.767496748715e-01 -4.841698195925e-01  7.008555857000e-01  2.091277575366e-01
  8.767496748715e-01 -4.841698195925e-01  7.008555857000e-01  2.091277575366e-01   8.709310285471e-01 -4.863383737083e-01  7.009553408059e-01  2.070374697577e-01
  8.709310285471e-01 -4.863383737083e-01  7.009553408059e-01  2.070374697577e-01   8.572834267445e-01 -4.912261519626e-01  7.011198366806e-01  2.021220784027e-01
  8.572834267445e-01 -4.912261519626e-01  7.011198366806e-01  2.021220784027e-01   8.421652479468e-01 -4.963180243391e-01  7.011895414621e-01  1.966642124222e-01
  8.421652479468e-01 -4.963180243391e-01  7.011895414621e-01  1.966642124222e-01   8.358211023353e-01 -4.983545056037e-01  7.011840241415e-01  1.943722479330e-01
  8.358211023353e-01 -4.983545056037e-01  7.011840241415e-01  1.943722479330e-01   8.111728833632e-01 -5.057092982241e-01  7.009715855505e-01  1.854744522995e-01
  8.111728833632e-01 -5.057092982241e-01  7.009715855505e-01  1.854744522995e-01   7.937542000000e-01 -5.103771231339e-01  7.006429132272e-01  1.792079733995e-01
  7.937542000000e-01 -5.103771231339e-01  7.006429132272e-01  1.792079733995e-01   7.664306021368e-01 -5.168260467649e-01  6.998419008638e-01  1.694459517614e-01
  7.664306021368e-01 -5.168260467649e-01  6.998419008638e-01  1.694459517614e-01   7.502652958060e-01 -5.201440686336e-01  6.992106688590e-01  1.637236414202e-01
  7.502652958060e-01 -5.201440686336e-01  6.992106688590e-01  1.637236414202e-01   7.157413339688e-01 -5.260058429112e-01  6.974937701442e-01  1.516735244751e-01
  7.157413339688e-01 -5.260058429112e-01  6.974937701442e-01  1.516735244751e-01   7.050562194357e-01 -5.274846506614e-01  6.968656701375e-01  1.479983619791e-01
  7.050562194357e-01 -5.274846506614e-01  6.968656701375e-01  1.479983619791e-01   7.021764072889e-01 -5.278562321491e-01  6.966888895729e-01  1.470126473808e-01
  7.021764072889e-01 -5.278562321491e-01  6.966888895729e-01  1.470126473808e-01   6.969075543152e-01 -5.285064972126e-01  6.963573491964e-01  1.452146090510e-01
  6.969075543152e-01 -5.285064972126e-01  6.963573491964e-01  1.452146090510e-01   6.720060543618e-01 -5.310638025244e-01  6.946528324347e-01  1.368158482387e-01
  6.720060543618e-01 -5.310638025244e-01  6.946528324347e-01  1.368158482387e-01   6.586272164280e-01 -5.320875591787e-01  6.936469474125e-01  1.323743042573e-01
  6.586272164280e-01 -5.320875591787e-01  6.936469474125e-01  1.323743042573e-01   6.394690255373e-01 -5.331296196402e-01  6.921026331665e-01  1.261047299308e-01
  6.394690255373e-01 -5.331296196402e-01  6.921026331665e-01  1.261047299308e-01   6.115479816409e-01 -5.337594643711e-01  6.896447626303e-01  1.171651483780e-01
  6.115479816409e-01 -5.337594643711e-01  6.896447626303e-01  1.171651483780e-01   6.001919845410e-01 -5.337158028817e-01  6.885784001582e-01  1.135975895510e-01
  6.001919845410e-01 -5.337158028817e-01  6.885784001582e-01  1.135975895510e-01   5.635968322038e-01 -5.324060747168e-01  6.848951861944e-01  1.023696760294e-01
  5.635968322038e-01 -5.324060747168e-01  6.848951861944e-01  1.023696760294e-01   5.384033195451e-01 -5.304790203597e-01  6.821504821484e-01  9.487144321417e-02
  5.384033195451e-01 -5.304790203597e-01  6.821504821484e-01  9.487144321417e-02   5.145174764623e-01 -5.278936850774e-01  6.793956982638e-01  8.792413727189e-02
  5.145174764623e-01 -5.278936850774e-01  6.793956982638e-01  8.792413727189e-02   4.940839749236e-01 -5.251085101134e-01  6.769208823310e-01  8.209286676347e-02
  4.940839749236e-01 -5.251085101134e-01  6.769208823310e-01  8.209286676347e-02   4.648509021769e-01 -5.202333628556e-01  6.731831145293e-01  7.389825759569e-02
  4.648509021769e-01 -5.202333628556e-01  6.731831145293e-01  7.389825759569e-02   4.617512704169e-01 -5.196568005809e-01  6.727724705413e-01  7.303760926648e-02
  4.617512704169e-01 -5.196568005809e-01  6.727724705413e-01  7.303760926648e-02   4.553350800023e-01 -5.184279494588e-01  6.719132786078e-01  7.126009097083e-02
  4.553350800023e-01 -5.184279494588e-01  6.719132786078e-01  7.126009097083e-02   4.277992671104e-01 -5.126299718034e-01  6.680765740788e-01  6.367540757527e-02
  4.277992671104e-01 -5.126299718034e-01  6.680765740788e-01  6.367540757527e-02   4.150603282414e-01 -5.096736264008e-01  6.662120443006e-01  6.017711031954e-02
  4.150603282414e-01 -5.096736264008e-01  6.662120443006e-01  6.017711031954e-02   3.823233808261e-01 -5.013564874623e-01  6.611157616875e-01  5.114841301500e-02
  3.823233808261e-01 -5.013564874623e-01  6.611157616875e-01  5.114841301500e-02   3.645744731528e-01 -4.964611333781e-01  6.581394954321e-01  4.618964730362e-02
  3.645744731528e-01 -4.964611333781e-01  6.581394954321e-01  4.618964730362e-02   3.279480749817e-01 -4.856680331786e-01  6.514135746256e-01  3.568535722205e-02
  3.279480749817e-01 -4.856680331786e-01  6.514135746256e-01  3.568535722205e-02   3.125274826298e-01 -4.809034681659e-01  6.483065960744e-01  3.111331499821e-02
  3.125274826298e-01 -4.809034681659e-01  6.483065960744e-01  3.111331499821e-02   2.925190808749e-01 -4.745784463331e-01  6.439955598282e-01  2.501821710405e-02
  2.925190808749e-01 -4.745784463331e-01  6.439955598282e-01  2.501821710405e-02   2.701730518085e-01 -4.673708840370e-01  6.387722731590e-01  1.797223360717e-02
  2.701730518085e-01 -4.673708840370e-01  6.387722731590e-01  1.797223360717e-02   2.642569753652e-01 -4.654427964788e-01  6.373129167669e-01  1.606307761070e-02
  2.642569753652e-01 -4.654427964788e-01  6.373129167669e-01  1.606307761070e-02   2.586300699284e-01 -4.636022444662e-01  6.358942761980e-01  1.423025293728e-02
  2.586300699284e-01 -4.636022444662e-01  6.358942761980e-01  1.423025293728e-02   2.357216163529e-01 -4.560453775979e-01  6.298052607252e-01  6.602754298159e-03
  2.357216163529e-01 -4.560453775979e-01  6.298052607252e-01  6.602754298159e-03   2.104469625144e-01 -4.475766292054e-01  6.225029634591e-01 -2.088327095317e-03
  2.104469625144e-01 -4.475766292054e-01  6.225029634591e-01 -2.088327095317e-03   2.064414609850e-01 -4.462181317952e-01  6.212908930395e-01 -3.487548003056e-03
  2.064414609850e-01 -4.462181317952e-01  6.212908930395e-01 -3.487548003056e-03   2.026005924687e-01 -4.449102075313e-01  6.201150606407e-01 -4.833851603271e-03
  2.026005924687e-01 -4.449102075313e-01  6.201150606407e-01 -4.833851603271e-03   1.716295198968e-01 -4.341062124274e-01  6.101833275518e-01 -1.579841257881e-02
  1.716295198968e-01 -4.341062124274e-01  6.101833275518e-01 -1.579841257881e-02   9.549362504494e-02 -4.027434107949e-01  5.838596170171e-01 -4.180687833764e-02
  7.864859025252e-01  1.248118624804e-01  9.761292585572e-01  7.489725789733e-01   7.865036783684e-01  1.254197678871e-01  9.810937999210e-01  7.471033376840e-01
  7.865036783684e-01  1.254197678871e-01  9.810937999210e-01  7.471033376840e-01   7.865678488872e-01  1.268631635747e-01  9.933056058926e-01  7.423278804627e-01
  7.865678488872e-01  1.268631635747e-01  9.933056058926e-01  7.423278804627e-01   7.864859025252e-01  1.248118624804e-01  9.761292585572e-01  7.489725789733e-01
  7.870645728411e-01  1.162639703284e-01  9.094408263746e-01  7.701899089300e-01   7.874285387092e-01  1.144888845255e-01  8.952183372785e-01  7.737940335900e-01
  7.874285387092e-01  1.144888845255e-01  8.952183372785e-01  7.737940335900e-01   7.886915957756e-01  1.103349684587e-01  8.603266009925e-01  7.812677470950e-01
  7.886915957756e-01  1.103349684587e-01  8.603266009925e-01  7.812677470950e-01   7.889425760296e-01  1.096954874378e-01  8.547107685720e-01  7.822881842900e-01
  7.889425760296e-01  1.096954874378e-01  8.547107685720e-01  7.822881842900e-01   7.891438135321e-01  1.092105927590e-01  8.504026854308e-01  7.830365294248e-01
  7.891438135321e-01  1.092105927590e-01  8.504026854308e-01  7.830365294248e-01   7.910882897614e-01  1.053932289411e-01  8.147813675310e-01  7.880699476160e-01
  7.910882897614e-01  1.053932289411e-01  8.147813675310e-01  7.880699476160e-01   7.911134304179e-01  1.053514302525e-01  8.143725688355e-01  7.881156797490e-01
  7.911134304179e-01  1.053514302525e-01  8.143725688355e-01  7.881156797490e-01   7.913709550142e-01  1.049316726428e-01  8.102420081334e-01  7.885623339046e-01
  7.913709550142e-01  1.049316726428e-01  8.102420081334e-01  7.885623339046e-01   7.913990370852e-01  1.048867964133e-01  8.097976525046e-01  7.886087092970e-01
  7.913990370852e-01  1.048867964133e-01  8.097976525046e-01  7.886087092970e-01   7.932825697183e-01  1.022091720001e-01  7.822219756982e-01  7.908458018354e-01
  7.932825697183e-01  1.022091720001e-01  7.822219756982e-01  7.908458018354e-01   7.937542000000e-01  1.016233971913e-01  7.758790770577e-01  7.911805174341e-01
  7.937542000000e-01  1.016233971913e-01  7.758790770577e-01  7.911805174341e-01   7.945206336467e-01  1.007292732853e-01  7.659490972226e-01  7.915679476028e-01
  7.945206336467e-01  1.007292732853e-01  7.659490972226e-01  7.915679476028e-01   7.968801080766e-01  9.834460813644e-02  7.377423307098e-01  7.917476095871e-01
  7.968801080766e-01  9.834460813644e-02  7.377423307098e-01  7.917476095871e-01   7.986081533017e-01  9.687819966043e-02  7.188352998902e-01  7.910914213037e-01
  7.986081533017e-01  9.687819966043e-02  7.188352998902e-01  7.910914213037e-01   8.004300080277e-01  9.553560371783e-02  7.001258603068e-01  7.898136298941e-01
  8.004300080277e-01  9.553560371783e-02  7.001258603068e-01  7.898136298941e-01   8.018422951595e-01  9.461767149563e-02  6.863350811852e-01  7.884629188197e-01
  8.018422951595e-01  9.461767149563e-02  6.863350811852e-01  7.884629188197e-01   8.043139291994e-01  9.323406724388e-02  6.634337119192e-01  7.854333286601e-01
  8.043139291994e-01  9.323406724388e-02  6.634337119192e-01  7.854333286601e-01   8.054058107752e-01  9.270389540864e-02  6.537453078828e-01  7.838489867194e-01
  8.054058107752e-01  9.270389540864e-02  6.537453078828e-01  7.838489867194e-01   8.084319238576e-01  9.146538882382e-02  6.280356373945e-01  7.787426881258e-01
  8.084319238576e-01  9.146538882382e-02  6.280356373945e-01  7.787426881258e-01   8.122683770564e-01  9.033261960120e-02  5.974170896455e-01  7.708767873523e-01
  8.122683770564e-01  9.033261960120e-02  5.974170896455e-01  7.708767873523e-01   8.127534936864e-01  9.022146681685e-02  5.936769730115e-01  7.697771549203e-01
  8.127534936864e-01  9.022146681685e-02  5.936769730115e-01  7.697771549203e-01   8.171645210710e-01  8.951934416467e-02  5.607822791256e-01  7.587308964956e-01
  8.171645210710e-01  8.951934416467e-02  5.607822791256e-01  7.587308964956e-01   8.172536434427e-01  8.951072493233e-02  5.601361729072e-01  7.584883706145e-01
  8.172536434427e-01  8.951072493233e-02  5.601361729072e-01  7.584883706145e-01   8.173310456120e-01  8.950341429366e-02  5.595755707161e-01  7.582771164000e-01
  8.173310456120e-01  8.950341429366e-02  5.595755707161e-01  7.582771164000e-01   8.184790565952e-01  8.941400936880e-02  5.513177529774e-01  7.550757930745e-01
  8.184790565952e-01  8.941400936880e-02  5.513177529774e-01  7.550757930745e-01   8.214779738856e-01  8.934683295047e-02  5.302044237982e-01  7.461045602699e-01
  8.214779738856e-01  8.934683295047e-02  5.302044237982e-01  7.461045602699e-01   8.218285809687e-01  8.935457379782e-02  5.277750776632e-01  7.449972698325e-01
  8.218285809687e-01  8.935457379782e-02  5.277750776632e-01  7.449972698325e-01   8.256644929295e-01  8.965256550273e-02  5.016449037693e-01  7.320493641548e-01
  8.256644929295e-01  8.965256550273e-02  5.016449037693e-01  7.320493641548e-01   8.263704810221e-01  8.975034411579e-02  4.969144367342e-01  7.294936166056e-01
  8.263704810221e-01  8.975034411579e-02  4.969144367342e-01  7.294936166056e-01   8.272328413061e-01  8.988817095737e-02  4.911644639415e-01  7.262953234312e-01
  8.272328413061e-01  8.988817095737e-02  4.911644639415e-01  7.262953234312e-01   8.308497219904e-01  9.069217364917e-02  4.673307380820e-01  7.119099250241e-01
  8.308497219904e-01  9.069217364917e-02  4.673307380820e-01  7.119099250241e-01   8.322235979549e-01  9.109687508009e-02  4.583698261857e-01  7.060021857200e-01
  8.322235979549e-01  9.109687508009e-02  4.583698261857e-01  7.060021857200e-01   8.352323558123e-01  9.218801492675e-02  4.388469428779e-01  6.920997844723e-01
  8.352323558123e-01  9.218801492675e-02  4.388469428779e-01  6.920997844723e-01   8.377863735464e-01  9.335419633773e-02  4.223021281271e-01  6.791137332551e-01
  8.377863735464e-01  9.335419633773e-02  4.223021281271e-01  6.791137332551e-01   8.394037500686e-01  9.421962137227e-02  4.117903981950e-01  6.702320002508e-01
  8.394037500686e-01  9.421962137227e-02  4.117903981950e-01  6.702320002508e-01   8.416631736170e-01  9.561500419474e-02  3.969908007552e-01  6.568136671964e-01
  8.416631736170e-01  9.561500419474e-02  3.969908007552e-01  6.568136671964e-01   8.432527777327e-01  9.674482226734e-02  3.864439518533e-01  6.465385761976e-01
  8.432527777327e-01  9.674482226734e-02  3.864439518533e-01  6.465385761976e-01   8.448785454187e-01  9.804808974022e-02  3.754803539066e-01  6.351642157930e-01
  8.448785454187e-01  9.804808974022e-02  3.754803539066e-01  6.351642157930e-01   8.467347883773e-01  9.975427357372e-02  3.626434361439e-01  6.208515206256e-01
  8.467347883773e-01  9.975427357372e-02  3.626434361439e-01  6.208515206256e-01   8.482841566736e-01  1.013992809621e-01  3.515487636803e-01  6.075124592849e-01
  8.482841566736e-01  1.013992809621e-01  3.515487636803e-01  6.075124592849e-01   8.497886249199e-01  1.032466735031e-01  3.402845101724e-01  5.929258738066e-01
  8.497886249199e-01  1.032466735031e-01  3.402845101724e-01  5.929258738066e-01   8.511537735173e-01  1.052120302800e-01  3.294339257370e-01  5.777381089716e-01
  8.511537735173e-01  1.052120302800e-01  3.294339257370e-01  5.777381089716e-01   8.522925919125e-01  1.071531341837e-01  3.196694463683e-01  5.629697887154e-01
  8.522925919125e-01  1.071531341837e-01  3.196694463683e-01  5.629697887154e-01   8.534067299480e-01  1.094674577886e-01  3.090675730007e-01  5.455511566203e-01
  8.534067299480e-01  1.094674577886e-01  3.090675730007e-01  5.455511566203e-01   8.541431737291e-01  1.113778097614e-01  3.010501536958e-01  5.312531339909e-01
  8.541431737291e-01  1.113778097614e-01  3.010501536958e-01  5.312531339909e-01   8.546923320351e-01  1.131682522060e-01  2.940661875084e-01  5.178664698563e-01
  8.546923320351e-01  1.131682522060e-01  2.940661875084e-01  5.178664698563e-01   8.552766082929e-01  1.158823670199e-01  2.843499932691e-01  4.975079722461e-01
  8.552766082929e-01  1.158823670199e-01  2.843499932691e-01  4.975079722461e-01   8.554913661147e-01  1.175498277011e-01  2.788529633653e-01  4.849117209371e-01
  8.554913661147e-01  1.175498277011e-01  2.788529633653e-01  4.849117209371e-01   8.556023130981e-01  1.206250727476e-01  2.695708520775e-01  4.613878260594e-01
  8.556023130981e-01  1.206250727476e-01  2.695708520775e-01  4.613878260594e-01   8.551933617308e-01  1.245468623375e-01  2.592139007861e-01  4.305748875449e-01
  8.551933617308e-01  1.245468623375e-01  2.592139007861e-01  4.305748875449e-01   8.550019829983e-01  1.254718101831e-01  2.569998151202e-01  4.231324282143e-01
  8.550019829983e-01  1.254718101831e-01  2.569998151202e-01  4.231324282143e-01   8.537939973862e-01  1.292691509333e-01  2.487947689605e-01  3.916573526340e-01
  8.537939973862e-01  1.292691509333e-01  2.487947689605e-01  3.916573526340e-01   8.533481572695e-01  1.302752472759e-01  2.468579224160e-01  3.830224094062e-01
  8.533481572695e-01  1.302752472759e-01  2.468579224160e-01  3.830224094062e-01   8.508673882231e-01  1.343585681748e-01  2.400348969337e-01  3.462839846342e-01
  8.508673882231e-01  1.343585681748e-01  2.400348969337e-01  3.462839846342e-01   8.503920563737e-01  1.349608504065e-01  2.391737228378e-01  3.405848386353e-01
  8.503920563737e-01  1.349608504065e-01  2.391737228378e-01  3.405848386353e-01   8.472112275773e-01  1.381553048405e-01  2.352757181919e-01  3.087067281100e-01
  8.472112275773e-01  1.381553048405e-01  2.352757181919e-01  3.087067281100e-01   8.455252943679e-01  1.394276061236e-01  2.340594392267e-01  2.950187173297e-01
  8.455252943679e-01  1.394276061236e-01  2.340594392267e-01  2.950187173297e-01   8.407371455945e-01  1.420277699334e-01  2.322549527692e-01  2.643117367006e-01
  8.407371455945e-01  1.420277699334e-01  2.322549527692e-01  2.643117367006e-01   8.366081946284e-01  1.434467188581e-01  2.317158701321e-01  2.450071578670e-01
  8.366081946284e-01  1.434467188581e-01  2.317158701321e-01  2.450071578670e-01   8.351035345365e-01  1.438330231674e-01  2.316328025748e-01  2.392057559058e-01
  8.351035345365e-01  1.438330231674e-01  2.316328025748e-01  2.392057559058e-01   8.178699454961e-01  1.462434000000e-01  2.321034957331e-01  1.864087812548e-01
  8.178699454961e-01  1.462434000000e-01  2.321034957331e-01  1.864087812548e-01   8.161643791701e-01  1.464509956927e-01  2.323446228773e-01  1.788411193041e-01
  8.161643791701e-01  1.464509956927e-01  2.323446228773e-01  1.788411193041e-01   8.145318257940e-01  1.466665407708e-01  2.326924943901e-01  1.701148246248e-01
  8.145318257940e-01  1.466665407708e-01  2.326924943901e-01  1.701148246248e-01   8.144100636786e-01  1.466834567431e-01  2.327249399780e-01  1.693904557558e-01
  8.144100636786e-01  1.466834567431e-01  2.327249399780e-01  1.693904557558e-01   8.104319989024e-01  1.473318046186e-01  2.347962732785e-01  1.369683049295e-01
  8.104319989024e-01  1.473318046186e-01  2.347962732785e-01  1.369683049295e-01   8.073980187502e-01  1.480396428151e-01  2.400487528964e-01  9.092030393512e-02
  8.073980187502e-01  1.480396428151e-01  2.400487528964e-01  9.092030393512e-02   8.056610456462e-01  1.486153043252e-01  2.479777883607e-01  4.624178259979e-02
  8.056610456462e-01  1.486153043252e-01  2.479777883607e-01  4.624178259979e-02   8.036714721321e-01  1.496067463734e-01  2.716641559210e-01 -3.938822650455e-02
  8.036714721321e-01  1.496067463734e-01  2.716641559210e-01 -3.938822650455e-02   8.030211723152e-01  1.500819056151e-01  2.875405545858e-01 -8.093208669482e-02
  8.030211723152e-01  1.500819056151e-01  2.875405545858e-01 -8.093208669482e-02   8.025031914655e-01  1.505609881081e-01  3.059432339847e-01 -1.211614717724e-01
  8.025031914655e-01  1.505609881081e-01  3.059432339847e-01 -1.211614717724e-01   8.017355853859e-01  1.515731411515e-01  3.494446880969e-01 -1.963502441992e-01
  8.017355853859e-01  1.515731411515e-01  3.494446880969e-01 -1.963502441992e-01   8.014435122791e-01  1.521436168307e-01  3.746481739191e-01 -2.316361739700e-01
  8.014435122791e-01  1.521436168307e-01  3.746481739191e-01 -2.316361739700e-01   8.012031935040e-01  1.527797034153e-01  4.018434310277e-01 -2.649709123989e-01
  8.012031935040e-01  1.527797034153e-01  4.018434310277e-01 -2.649709123989e-01   8.008755403967e-01  1.543591215300e-01  4.610725904140e-01 -3.248902336709e-01
  8.008755403967e-01  1.543591215300e-01  4.610725904140e-01 -3.248902336709e-01   8.007980130704e-01  1.554230759149e-01  4.933510104196e-01 -3.518543965585e-01
  8.007980130704e-01  1.554230759149e-01  4.933510104196e-01 -3.518543965585e-01   8.008026046414e-01  1.567985155675e-01  5.271103943830e-01 -3.765961838351e-01
  8.008026046414e-01  1.567985155675e-01  5.271103943830e-01 -3.765961838351e-01   8.011997679149e-01  1.613308072543e-01  5.983882341117e-01 -4.191861335269e-01
  8.011997679149e-01  1.613308072543e-01  5.983882341117e-01 -4.191861335269e-01   8.016093920269e-01  1.652075111264e-01  6.366150046067e-01 -4.374745943630e-01
  8.016093920269e-01  1.652075111264e-01  6.366150046067e-01 -4.374745943630e-01   8.016212923752e-01  1.653416641620e-01  6.377721120117e-01 -4.379840353975e-01
  8.016212923752e-01  1.653416641620e-01  6.377721120117e-01 -4.379840353975e-01   8.018275920260e-01  1.687344644565e-01  6.653297021816e-01 -4.493874120274e-01
  8.018275920260e-01  1.687344644565e-01  6.653297021816e-01 -4.493874120274e-01   8.018457881716e-01  1.701025191533e-01  6.759640528062e-01 -4.534206753892e-01
  8.018457881716e-01  1.701025191533e-01  6.759640528062e-01 -4.534206753892e-01   8.017509051020e-01  1.726550159407e-01  6.958278693115e-01 -4.604164530312e-01
  8.017509051020e-01  1.726550159407e-01  6.958278693115e-01 -4.604164530312e-01   8.007326250551e-01  1.784164674792e-01  7.439567804235e-01 -4.744850039115e-01
  8.007326250551e-01  1.784164674792e-01  7.439567804235e-01 -4.744850039115e-01   8.003810232787e-01  1.795097341704e-01  7.540171321287e-01 -4.769110259398e-01
  8.003810232787e-01  1.795097341704e-01  7.540171321287e-01 -4.769110259398e-01   7.988663174940e-01  1.829105313286e-01  7.881936693848e-01 -4.838198595517e-01
  7.988663174940e-01  1.829105313286e-01  7.881936693848e-01 -4.838198595517e-01   7.986351926801e-01  1.833182202241e-01  7.926464232064e-01 -4.845679730638e-01
  7.986351926801e-01  1.833182202241e-01  7.926464232064e-01 -4.845679730638e-01   7.984388232780e-01  1.836488724576e-01  7.963240200553e-01 -4.851593520060e-01
  7.984388232780e-01  1.836488724576e-01  7.963240200553e-01 -4.851593520060e-01   7.963799643540e-01  1.864784092172e-01  8.306924798947e-01 -4.895227134899e-01
  7.963799643540e-01  1.864784092172e-01  8.306924798947e-01 -4.895227134899e-01   7.963178781473e-01  1.865498021645e-01  8.316393012597e-01 -4.896130508045e-01
  7.963178781473e-01  1.865498021645e-01  8.316393012597e-01 -4.896130508045e-01   7.953788537025e-01  1.875551273572e-01  8.454965650132e-01 -4.907507937203e-01
  7.953788537025e-01  1.875551273572e-01  8.454965650132e-01 -4.907507937203e-01   7.952146548841e-01  1.877177941336e-01  8.478390835983e-01 -4.909089280232e-01
  7.952146548841e-01  1.877177941336e-01  8.478390835983e-01 -4.909089280232e-01   7.939442219425e-01  1.888639676798e-01  8.652923847361e-01 -4.917740517039e-01
  7.939442219425e-01  1.888639676798e-01  8.652923847361e-01 -4.917740517039e-01   7.937542000000e-01  1.890198961148e-01  8.678121895187e-01 -4.918531609886e-01
  7.937542000000e-01  1.890198961148e-01  8.678121895187e-01 -4.918531609886e-01   7.934913517824e-01  1.892295520782e-01  8.712632390596e-01 -4.919426717896e-01
  7.934913517824e-01  1.892295520782e-01  8.712632390596e-01 -4.919426717896e-01   7.908327879412e-01  1.910086665155e-01  9.042992969585e-01 -4.916878803220e-01
  7.908327879412e-01  1.910086665155e-01  9.042992969585e-01 -4.916878803220e-01   7.900149534716e-01  1.914484580260e-01  9.139075525660e-01 -4.912314025175e-01
  7.900149534716e-01  1.914484580260e-01  9.139075525660e-01 -4.912314025175e-01   7.876672461165e-01  1.924784049945e-01  9.404161956864e-01 -4.890596617222e-01
  7.876672461165e-01  1.924784049945e-01  9.404161956864e-01 -4.890596617222e-01   7.856661048405e-01  1.931156337020e-01  9.620222386633e-01 -4.862778832254e-01
  7.856661048405e-01  1.931156337020e-01  9.620222386633e-01 -4.862778832254e-01   7.843553773343e-01  1.934250377856e-01  9.757939336438e-01 -4.840182777138e-01
  7.843553773343e-01  1.934250377856e-01  9.757939336438e-01 -4.840182777138e-01   7.824978108760e-01  1.937268597076e-01  9.949061605272e-01 -4.802382499035e-01
  7.824978108760e-01  1.937268597076e-01  9.949061605272e-01 -4.802382499035e-01   7.809957332606e-01  1.938586460982e-01  1.010085796153e+00 -4.766885183815e-01
  7.809957332606e-01  1.938586460982e-01  1.010085796153e+00 -4.766885183815e-01   7.793181352871e-01  1.938904532449e-01  1.026821912200e+00 -4.721956798628e-01
  7.793181352871e-01  1.938904532449e-01  1.026821912200e+00 -4.721956798628e-01   7.776257197703e-01  1.938003595735e-01  1.043543665195e+00 -4.670803313747e-01
  7.776257197703e-01  1.938003595735e-01  1.043543665195e+00 -4.670803313747e-01   7.757751471060e-01  1.935602234034e-01  1.061725481647e+00 -4.607806445404e-01
  7.757751471060e-01  1.935602234034e-01  1.061725481647e+00 -4.607806445404e-01   7.742811329130e-01  1.932555426625e-01  1.076388829590e+00 -4.551175685659e-01
  7.742811329130e-01  1.932555426625e-01  1.076388829590e+00 -4.551175685659e-01   7.728852073723e-01  1.928775407893e-01  1.090128285843e+00 -4.493197572978e-01
  7.728852073723e-01  1.928775407893e-01  1.090128285843e+00 -4.493197572978e-01   7.710564564061e-01  1.922372187751e-01  1.108268843230e+00 -4.409031392105e-01
  7.710564564061e-01  1.922372187751e-01  1.108268843230e+00 -4.409031392105e-01   7.697519856197e-01  1.916716571916e-01  1.121372350402e+00 -4.342586283963e-01
  7.697519856197e-01  1.916716571916e-01  1.121372350402e+00 -4.342586283963e-01   7.680424566103e-01  1.907774459021e-01  1.138861722145e+00 -4.246100536693e-01
  7.680424566103e-01  1.907774459021e-01  1.138861722145e+00 -4.246100536693e-01   7.664153865792e-01  1.897416580165e-01  1.155990750769e+00 -4.142430652214e-01
  7.664153865792e-01  1.897416580165e-01  1.155990750769e+00 -4.142430652214e-01   7.652759726147e-01  1.888900692115e-01  1.168381052637e+00 -4.061414877602e-01
  7.652759726147e-01  1.888900692115e-01  1.168381052637e+00 -4.061414877602e-01   7.638190528722e-01  1.876168409961e-01  1.184889682868e+00 -3.945060152756e-01
  7.638190528722e-01  1.876168409961e-01  1.184889682868e+00 -3.945060152756e-01   7.628038602818e-01  1.865786680188e-01  1.196999396599e+00 -3.853186065240e-01
  7.628038602818e-01  1.865786680188e-01  1.196999396599e+00 -3.853186065240e-01   7.618061025681e-01  1.854029376384e-01  1.209583925813e+00 -3.751428860613e-01
  7.618061025681e-01  1.854029376384e-01  1.209583925813e+00 -3.751428860613e-01   7.607207085876e-01  1.838894894347e-01  1.224382903679e+00 -3.622943093204e-01
  7.607207085876e-01  1.838894894347e-01  1.224382903679e+00 -3.622943093204e-01   7.598309890950e-01  1.823857560371e-01  1.237840975535e+00 -3.497098972305e-01
  7.598309890950e-01  1.823857560371e-01  1.237840975535e+00 -3.497098972305e-01   7.591080232950e-01  1.808895767050e-01  1.250234132204e+00 -3.372912800422e-01
  7.591080232950e-01  1.808895767050e-01  1.250234132204e+00 -3.372912800422e-01   7.585747734817e-01  1.795235940809e-01  1.260823638107e+00 -3.259913075422e-01
  7.585747734817e-01  1.795235940809e-01  1.260823638107e+00 -3.259913075422e-01   7.580121601481e-01  1.776061360567e-01  1.274707859887e+00 -3.101150198115e-01
  7.580121601481e-01  1.776061360567e-01  1.274707859887e+00 -3.101150198115e-01   7.577561206745e-01  1.763662286240e-01  1.283161412864e+00 -2.998004856761e-01
  7.577561206745e-01  1.763662286240e-01  1.283161412864e+00 -2.998004856761e-01   7.574917679546e-01  1.740685427582e-01  1.297901817821e+00 -2.804948694298e-01
  7.574917679546e-01  1.740685427582e-01  1.297901817821e+00 -2.804948694298e-01   7.575430114597e-01  1.710162946720e-01  1.315922752094e+00 -2.542466978428e-01
  7.575430114597e-01  1.710162946720e-01  1.315922752094e+00 -2.542466978428e-01   7.576102500797e-01  1.703792972100e-01  1.319490096131e+00 -2.486526032174e-01
  7.576102500797e-01  1.703792972100e-01  1.319490096131e+00 -2.486526032174e-01   7.581167245934e-01  1.676591661485e-01  1.334070773562e+00 -2.241780794348e-01
  7.581167245934e-01  1.676591661485e-01  1.334070773562e+00 -2.241780794348e-01   7.582098246370e-01  1.673021906623e-01  1.335911477846e+00 -2.208851071994e-01
  7.582098246370e-01  1.673021906623e-01  1.335911477846e+00 -2.208851071994e-01   7.596972309029e-01  1.632936029182e-01  1.355563703797e+00 -1.822339959479e-01
  7.596972309029e-01  1.632936029182e-01  1.355563703797e+00 -1.822339959479e-01   7.598523252911e-01  1.629738233480e-01  1.357057026394e+00 -1.789939730990e-01
  7.598523252911e-01  1.629738233480e-01  1.357057026394e+00 -1.789939730990e-01   7.615580623821e-01  1.600276278378e-01  1.370351346813e+00 -1.477147661768e-01
  7.615580623821e-01  1.600276278378e-01  1.370351346813e+00 -1.477147661768e-01   7.619895259141e-01  1.594007588107e-01  1.373077220557e+00 -1.406703222858e-01
  7.619895259141e-01  1.594007588107e-01  1.373077220557e+00 -1.406703222858e-01   7.625752784107e-01  1.586042106147e-01  1.376491387932e+00 -1.314826232713e-01
  7.625752784107e-01  1.586042106147e-01  1.376491387932e+00 -1.314826232713e-01   7.647255271158e-01  1.560881920326e-01  1.386922724490e+00 -1.003543124367e-01
  7.647255271158e-01  1.560881920326e-01  1.386922724490e+00 -1.003543124367e-01   7.660489632185e-01  1.547759403988e-01  1.392154499738e+00 -8.249268696637e-02
  7.660489632185e-01  1.547759403988e-01  1.392154499738e+00 -8.249268696637e-02   7.678770801363e-01  1.531771533699e-01  1.398329866885e+00 -5.864042171197e-02
  7.678770801363e-01  1.531771533699e-01  1.398329866885e+00 -5.864042171197e-02   7.690782030140e-01  1.522348170001e-01  1.401857759852e+00 -4.316800850509e-02
  7.690782030140e-01  1.522348170001e-01  1.401857759852e+00 -4.316800850509e-02   7.711985770343e-01  1.507365950292e-01  1.407253293976e+00 -1.555155594091e-02
  7.711985770343e-01  1.507365950292e-01  1.407253293976e+00 -1.555155594091e-02   7.717111615021e-01  1.504011391451e-01  1.408414996192e+00 -8.712115217976e-03
  7.717111615021e-01  1.504011391451e-01  1.408414996192e+00 -8.712115217976e-03   7.733357385529e-01  1.493946648362e-01  1.411751333165e+00  1.374081669199e-02
  7.733357385529e-01  1.493946648362e-01  1.411751333165e+00  1.374081669199e-02   7.743630317778e-01  1.487962957276e-01  1.413584863210e+00  2.880934376221e-02
  7.743630317778e-01  1.487962957276e-01  1.413584863210e+00  2.880934376221e-02   7.770444750592e-01  1.473338881338e-01  1.417137619279e+00  7.358011174668e-02
  7.770444750592e-01  1.473338881338e-01  1.417137619279e+00  7.358011174668e-02   7.807325830934e-01  1.453936003313e-01  1.415836096793e+00  1.623442033355e-01
  7.807325830934e-01  1.453936003313e-01  1.415836096793e+00  1.623442033355e-01   7.819670659598e-01  1.446915943642e-01  1.410963683712e+00  2.067475086440e-01
  7.819670659598e-01  1.446915943642e-01  1.410963683712e+00  2.067475086440e-01   7.829298960798e-01  1.440871435028e-01  1.403280135009e+00  2.506911464135e-01
  7.829298960798e-01  1.440871435028e-01  1.403280135009e+00  2.506911464135e-01   7.843170396262e-01  1.430428788591e-01  1.379880653481e+00  3.357114639055e-01
  7.843170396262e-01  1.430428788591e-01  1.379880653481e+00  3.357114639055e-01   7.848420384830e-01  1.425518618296e-01  1.364093015668e+00  3.771113264931e-01
  7.848420384830e-01  1.425518618296e-01  1.364093015668e+00  3.771113264931e-01   7.852867429136e-01  1.420647478472e-01  1.345757201636e+00  4.172427556786e-01
  7.852867429136e-01  1.420647478472e-01  1.345757201636e+00  4.172427556786e-01   7.859931692354e-01  1.410608053696e-01  1.302348715625e+00  4.923031501536e-01
  7.859931692354e-01  1.410608053696e-01  1.302348715625e+00  4.923031501536e-01   7.862804488347e-01  1.405085890294e-01  1.277181106333e+00  5.275390117124e-01
  7.862804488347e-01  1.405085890294e-01  1.277181106333e+00  5.275390117124e-01   7.865287195159e-01  1.399032236070e-01  1.250019361253e+00  5.608262392825e-01
  7.865287195159e-01  1.399032236070e-01  1.250019361253e+00  5.608262392825e-01   7.869089915766e-01  1.384423678508e-01  1.190865990305e+00  6.206441048233e-01
  7.869089915766e-01  1.384423678508e-01  1.190865990305e+00  6.206441048233e-01   7.870366780162e-01  1.374889549081e-01  1.158642427565e+00  6.475458000561e-01
  7.870366780162e-01  1.374889549081e-01  1.158642427565e+00  6.475458000561e-01   7.871067940867e-01  1.362887874021e-01  1.124962813931e+00  6.722107803332e-01
  7.871067940867e-01  1.362887874021e-01  1.124962813931e+00  6.722107803332e-01   7.869767210418e-01  1.325097820452e-01  1.053977077902e+00  7.145918360925e-01
  7.869767210418e-01  1.325097820452e-01  1.053977077902e+00  7.145918360925e-01   7.867277935616e-01  1.292801542816e-01  1.015863745055e+00  7.328215715401e-01
  7.867277935616e-01  1.292801542816e-01  1.015863745055e+00  7.328215715401e-01   7.865030097489e-01  1.216316161232e-01  9.511140409091e-01  7.577720225412e-01
  7.865030097489e-01  1.216316161232e-01  9.511140409091e-01  7.577720225412e-01   7.870645728411e-01  1.162639703284e-01  9.094408263746e-01  7.701899089300e-01
