LENS PARMS:
   alpha 2.631881e-01 6.599614e-01 1.952912e-01 8.481022e-01 -4.579280e+01 0.0 0.0 0.0 0.0 1.000000e+00
 expdisk 4.199378e+00 9.592692e-01 2.592841e-01 8.013660e-01 -6.632656e+01 0.0 0.0 1.513767e-01 0.0 0.0
SOURCE PARMS:
   ptsrc 3.990122e+00 5.899180e-01 -6.282354e-02 0.0 0.0 0.0 0.0 0.0
CHISQ: 1.039275e+00 1.944695e-02 1.019828e+00 0.000000e+00 4.484494e-10 0.000000e+00 0.000000e+00 0.000000e+00 0.000000e+00 # tot pos flux tdel gal plim crv ring weak

Source #1
  posn:  5.899180e-01 -6.282354e-02
  flux:  3.990122e+00
     h:  7.000000e-01
  zsrc:  1.340000e+00
tscale:  5.029346e+01
images:
   0.0000   0.0000 (3.0e-03)  15.6000 ( 1.50e+00)   0.00 (0.0e+00) ->  -0.0003   0.0000  16.6602   8.4054
   0.0600  -0.1540 (3.0e-03)  13.1040 ( 1.30e+00)   0.00 (0.0e+00) ->   0.0603  -0.1541  12.7171   8.4796
   0.8000  -0.6640 (3.0e-03)   6.5208 ( 6.50e-01)   0.00 (0.0e+00) ->   0.8000  -0.6640   6.1002   0.0000
   1.1600   0.4610 (3.0e-03)   1.2792 ( 1.30e-01)   0.00 (0.0e+00) ->   1.1600   0.4611   1.2940  38.6198


