#
# Columns: x1 y1 u1 v1 x2 y2 u2 v2
#
# To plot the image plane curves, connect each (x1,y1)
# to the (x2,y2) on the same line -- do *not* connect
# consecutive lines!
#
# To plot the source plane curves, do the same for
# (u1,v1) and (u2,v2).
#
  1.551165341908e-01 -4.029178423956e-01  5.718037488865e-01 -4.210205327253e-02   1.599112536721e-01 -4.062019748911e-01  5.727262729222e-01 -4.116395733360e-02
  1.599112536721e-01 -4.062019748911e-01  5.727262729222e-01 -4.116395733360e-02   2.118031850995e-01 -4.397069463325e-01  5.817848665067e-01 -3.128999069105e-02
  2.118031850995e-01 -4.397069463325e-01  5.817848665067e-01 -3.128999069105e-02   2.190462865420e-01 -4.440496888788e-01  5.829565190091e-01 -2.991624968031e-02
  2.190462865420e-01 -4.440496888788e-01  5.829565190091e-01 -2.991624968031e-02   2.639970354708e-01 -4.688288286267e-01  5.900739799739e-01 -2.103622094896e-02
  2.639970354708e-01 -4.688288286267e-01  5.900739799739e-01 -2.103622094896e-02   2.806362556591e-01 -4.769897774263e-01  5.927104882548e-01 -1.750177423311e-02
  2.806362556591e-01 -4.769897774263e-01  5.927104882548e-01 -1.750177423311e-02   3.093064282053e-01 -4.897222040654e-01  5.973210782539e-01 -1.098559107744e-02
  3.093064282053e-01 -4.897222040654e-01  5.973210782539e-01 -1.098559107744e-02   3.443813799134e-01 -5.030256390803e-01  6.031019259564e-01 -2.185155363873e-03
  3.443813799134e-01 -5.030256390803e-01  6.031019259564e-01 -2.185155363873e-03   3.977055388850e-01 -5.186342934879e-01  6.121224552995e-01  1.307048245508e-02
  3.977055388850e-01 -5.186342934879e-01  6.121224552995e-01  1.307048245508e-02   4.088822389207e-01 -5.212302172756e-01  6.140305652077e-01  1.655804335800e-02
  4.088822389207e-01 -5.212302172756e-01  6.140305652077e-01  1.655804335800e-02   4.605967560277e-01 -5.303536676971e-01  6.228183593254e-01  3.397445519113e-02
  4.605967560277e-01 -5.303536676971e-01  6.228183593254e-01  3.397445519113e-02   4.740299438724e-01 -5.319723856891e-01  6.250674626899e-01  3.883359209649e-02
  4.740299438724e-01 -5.319723856891e-01  6.250674626899e-01  3.883359209649e-02   5.128316948437e-01 -5.349795667880e-01  6.314145072708e-01  5.361038444230e-02
  5.128316948437e-01 -5.349795667880e-01  6.314145072708e-01  5.361038444230e-02   5.396640056721e-01 -5.356481380919e-01  6.356266381990e-01  6.444649535255e-02
  5.396640056721e-01 -5.356481380919e-01  6.356266381990e-01  6.444649535255e-02   5.990091053643e-01 -5.331701336293e-01  6.442145072000e-01  9.006975677755e-02
  5.990091053643e-01 -5.331701336293e-01  6.442145072000e-01  9.006975677755e-02   6.039056357970e-01 -5.327271266158e-01  6.448688068315e-01  9.227906753219e-02
  6.039056357970e-01 -5.327271266158e-01  6.448688068315e-01  9.227906753219e-02   6.093718520999e-01 -5.321901460393e-01  6.455881546109e-01  9.476154379421e-02
  6.093718520999e-01 -5.321901460393e-01  6.455881546109e-01  9.476154379421e-02   6.651454971921e-01 -5.241727627128e-01  6.521861574300e-01  1.209984157042e-01
  6.651454971921e-01 -5.241727627128e-01  6.521861574300e-01  1.209984157042e-01   6.940667582855e-01 -5.182081438827e-01  6.550038888800e-01  1.351841235949e-01
  6.940667582855e-01 -5.182081438827e-01  6.550038888800e-01  1.351841235949e-01   7.237385979077e-01 -5.108109539080e-01  6.574026787946e-01  1.500781396345e-01
  7.237385979077e-01 -5.108109539080e-01  6.574026787946e-01  1.500781396345e-01   7.400262167907e-01 -5.061997705601e-01  6.584900974159e-01  1.583766242037e-01
  7.400262167907e-01 -5.061997705601e-01  6.584900974159e-01  1.583766242037e-01   7.801020070915e-01 -4.931851169778e-01  6.604157837149e-01  1.790709537536e-01
  7.801020070915e-01 -4.931851169778e-01  6.604157837149e-01  1.790709537536e-01   7.880617653261e-01 -4.903163110379e-01  6.606644078046e-01  1.832143860013e-01
  7.880617653261e-01 -4.903163110379e-01  6.606644078046e-01  1.832143860013e-01   8.332465092231e-01 -4.722312490698e-01  6.611790197187e-01  2.068013320027e-01
  8.332465092231e-01 -4.722312490698e-01  6.611790197187e-01  2.068013320027e-01   8.560813664902e-01 -4.619164740556e-01  6.608350639131e-01  2.186768369533e-01
  8.560813664902e-01 -4.619164740556e-01  6.608350639131e-01  2.186768369533e-01   8.825110343533e-01 -4.489798216340e-01  6.599130745487e-01  2.322806689637e-01
  8.825110343533e-01 -4.489798216340e-01  6.599130745487e-01  2.322806689637e-01   8.959855665653e-01 -4.419684662604e-01  6.592247380101e-01  2.391253260585e-01
  8.959855665653e-01 -4.419684662604e-01  6.592247380101e-01  2.391253260585e-01   9.287621166892e-01 -4.237283316511e-01  6.569400353925e-01  2.553992062342e-01
  9.287621166892e-01 -4.237283316511e-01  6.569400353925e-01  2.553992062342e-01   9.352161877681e-01 -4.199372215970e-01  6.563902519543e-01  2.585251978402e-01
  9.352161877681e-01 -4.199372215970e-01  6.563902519543e-01  2.585251978402e-01   9.656026405872e-01 -4.011984817951e-01  6.533829042160e-01  2.727952635101e-01
  9.656026405872e-01 -4.011984817951e-01  6.533829042160e-01  2.727952635101e-01   9.716631199828e-01 -3.972846393299e-01  6.527046282042e-01  2.755400377908e-01
  9.716631199828e-01 -3.972846393299e-01  6.527046282042e-01  2.755400377908e-01   9.727881183389e-01 -3.965516339949e-01  6.525760133886e-01  2.760454040282e-01
  9.727881183389e-01 -3.965516339949e-01  6.525760133886e-01  2.760454040282e-01   9.744395473691e-01 -3.954719455964e-01  6.523857047777e-01  2.767848419639e-01
  9.744395473691e-01 -3.954719455964e-01  6.523857047777e-01  2.767848419639e-01   1.014202902836e+00 -3.681480898152e-01  6.473150125244e-01  2.936181076533e-01
  1.014202902836e+00 -3.681480898152e-01  6.473150125244e-01  2.936181076533e-01   1.026582583747e+00 -3.591191683023e-01  6.455772568670e-01  2.984245214818e-01
  1.026582583747e+00 -3.591191683023e-01  6.455772568670e-01  2.984245214818e-01   1.052799475912e+00 -3.391769537123e-01  6.417423769773e-01  3.077977477715e-01
  1.052799475912e+00 -3.391769537123e-01  6.417423769773e-01  3.077977477715e-01   1.071702729666e+00 -3.241049959053e-01  6.389224669404e-01  3.138010485260e-01
  1.071702729666e+00 -3.241049959053e-01  6.389224669404e-01  3.138010485260e-01   1.089479010729e+00 -3.094018290644e-01  6.363038746573e-01  3.188085863551e-01
  1.089479010729e+00 -3.094018290644e-01  6.363038746573e-01  3.188085863551e-01   1.106793796797e+00 -2.945868901953e-01  6.338546463808e-01  3.230478552412e-01
  1.106793796797e+00 -2.945868901953e-01  6.338546463808e-01  3.230478552412e-01   1.125037928200e+00 -2.784498473676e-01  6.314661303235e-01  3.267935486084e-01
  1.125037928200e+00 -2.784498473676e-01  6.314661303235e-01  3.267935486084e-01   1.145079796718e+00 -2.600984413195e-01  6.291842313533e-01  3.300177138917e-01
  1.145079796718e+00 -2.600984413195e-01  6.291842313533e-01  3.300177138917e-01   1.159277777906e+00 -2.467008453896e-01  6.278584970528e-01  3.317228456778e-01
  1.159277777906e+00 -2.467008453896e-01  6.278584970528e-01  3.317228456778e-01   1.181452167224e+00 -2.251114630543e-01  6.264110626552e-01  3.334169863294e-01
  1.181452167224e+00 -2.251114630543e-01  6.264110626552e-01  3.334169863294e-01   1.192051132866e+00 -2.145020521301e-01  6.260398782091e-01  3.338128079043e-01
  1.192051132866e+00 -2.145020521301e-01  6.260398782091e-01  3.338128079043e-01   1.203285746383e+00 -2.030480285316e-01  6.259080441544e-01  3.339462516561e-01
  1.203285746383e+00 -2.030480285316e-01  6.259080441544e-01  3.339462516561e-01   1.224093586656e+00 -1.812545014788e-01  6.264680208082e-01  3.334436469733e-01
  1.224093586656e+00 -1.812545014788e-01  6.264680208082e-01  3.334436469733e-01   1.240545771245e+00 -1.634719563573e-01  6.277460605512e-01  3.323978462137e-01
  1.240545771245e+00 -1.634719563573e-01  6.277460605512e-01  3.323978462137e-01   1.256060703705e+00 -1.462355031696e-01  6.297094625380e-01  3.309335214442e-01
  1.256060703705e+00 -1.462355031696e-01  6.297094625380e-01  3.309335214442e-01   1.268246870592e+00 -1.323639372837e-01  6.318127796902e-01  3.294902571103e-01
  1.268246870592e+00 -1.323639372837e-01  6.318127796902e-01  3.294902571103e-01   1.287685256847e+00 -1.095932350113e-01  6.362736787527e-01  3.267270507430e-01
  1.287685256847e+00 -1.095932350113e-01  6.362736787527e-01  3.267270507430e-01   1.296892303023e+00 -9.851519335808e-02  6.388909372316e-01  3.252504955087e-01
  1.296892303023e+00 -9.851519335808e-02  6.388909372316e-01  3.252504955087e-01   1.318663287500e+00 -7.151104720111e-02  6.464601900856e-01  3.214339345058e-01
  1.318663287500e+00 -7.151104720111e-02  6.464601900856e-01  3.214339345058e-01   1.342374687281e+00 -4.068038459255e-02  6.570636403588e-01  3.169547350237e-01
  1.342374687281e+00 -4.068038459255e-02  6.570636403588e-01  3.169547350237e-01   1.349491676774e+00 -3.111009024917e-02  6.607559789195e-01  3.155858011934e-01
  1.349491676774e+00 -3.111009024917e-02  6.607559789195e-01  3.155858011934e-01   1.353523342726e+00 -2.561966832682e-02  6.629561135386e-01  3.148112077855e-01
  1.353523342726e+00 -2.561966832682e-02  6.629561135386e-01  3.148112077855e-01   1.380614857140e+00  1.265332654437e-02  6.798650298793e-01  3.097506727679e-01
  1.380614857140e+00  1.265332654437e-02  6.798650298793e-01  3.097506727679e-01   1.394173077269e+00  3.277529249458e-02  6.897875060173e-01  3.074162882453e-01
  1.394173077269e+00  3.277529249458e-02  6.897875060173e-01  3.074162882453e-01   1.411631070220e+00  5.970954808484e-02  7.040971637725e-01  3.047477008076e-01
  1.411631070220e+00  5.970954808484e-02  7.040971637725e-01  3.047477008076e-01   1.418037905878e+00  6.989261091815e-02  7.098005036037e-01  3.038918001586e-01
  1.418037905878e+00  6.989261091815e-02  7.098005036037e-01  3.038918001586e-01   1.441670907991e+00  1.088546415919e-01  7.330471333719e-01  3.014894218640e-01
  1.441670907991e+00  1.088546415919e-01  7.330471333719e-01  3.014894218640e-01   1.442122256203e+00  1.096198380239e-01  7.335259272592e-01  3.014569946022e-01
  1.442122256203e+00  1.096198380239e-01  7.335259272592e-01  3.014569946022e-01   1.442261309999e+00  1.098557489752e-01  7.336737033178e-01  3.014471217687e-01
  1.442261309999e+00  1.098557489752e-01  7.336737033178e-01  3.014471217687e-01   1.442756062587e+00  1.106957140742e-01  7.342005152767e-01  3.014124303128e-01
  1.442756062587e+00  1.106957140742e-01  7.342005152767e-01  3.014124303128e-01   1.473346077410e+00  1.643294138884e-01  7.699322875767e-01  3.007767827077e-01
  1.473346077410e+00  1.643294138884e-01  7.699322875767e-01  3.007767827077e-01   1.494028721709e+00  2.022750541681e-01  7.976352909028e-01  3.023805689098e-01
  1.494028721709e+00  2.022750541681e-01  7.976352909028e-01  3.023805689098e-01   1.506038197497e+00  2.248766208584e-01  8.150079536268e-01  3.042208325661e-01
  1.506038197497e+00  2.248766208584e-01  8.150079536268e-01  3.042208325661e-01   1.521316933311e+00  2.543287664685e-01  8.384531540677e-01  3.076519690079e-01
  1.521316933311e+00  2.543287664685e-01  8.384531540677e-01  3.076519690079e-01   1.540023793432e+00  2.919767879028e-01  8.692789490115e-01  3.137295885945e-01
  1.540023793432e+00  2.919767879028e-01  8.692789490115e-01  3.137295885945e-01   1.542077519079e+00  2.962686420218e-01  8.728188942366e-01  3.145378119716e-01
  1.542077519079e+00  2.962686420218e-01  8.728188942366e-01  3.145378119716e-01   1.545408986751e+00  3.033212489670e-01  8.786346376279e-01  3.159142721683e-01
  1.545408986751e+00  3.033212489670e-01  8.786346376279e-01  3.159142721683e-01   1.561603200111e+00  3.398591082875e-01  9.084566777724e-01  3.239191797981e-01
  1.561603200111e+00  3.398591082875e-01  9.084566777724e-01  3.239191797981e-01   1.571414676527e+00  3.651114160152e-01  9.283319933873e-01  3.301426149695e-01
  1.571414676527e+00  3.651114160152e-01  9.283319933873e-01  3.301426149695e-01   1.584119506549e+00  4.071703985490e-01  9.587948167689e-01  3.411393723377e-01
  1.584119506549e+00  4.071703985490e-01  9.587948167689e-01  3.411393723377e-01   1.589903005063e+00  4.422139335955e-01  9.803057012410e-01  3.501048249845e-01
  1.589903005063e+00  4.422139335955e-01  9.803057012410e-01  3.501048249845e-01   1.587827280390e+00  4.896702610936e-01  1.001234344688e+00  3.600859927157e-01
  1.587827280390e+00  4.896702610936e-01  1.001234344688e+00  3.600859927157e-01   1.580327156245e+00  5.157351279051e-01  1.007591149045e+00  3.635039906249e-01
  1.580327156245e+00  5.157351279051e-01  1.007591149045e+00  3.635039906249e-01   1.570165712661e+00  5.370082647271e-01  1.009681615884e+00  3.647122735252e-01
  1.570165712661e+00  5.370082647271e-01  1.009681615884e+00  3.647122735252e-01   1.540662125686e+00  5.768780066453e-01  1.006335533952e+00  3.624955015402e-01
  1.540662125686e+00  5.768780066453e-01  1.006335533952e+00  3.624955015402e-01   1.489176937442e+00  6.263607784982e-01  9.946511373953e-01  3.537140234455e-01
  1.489176937442e+00  6.263607784982e-01  9.946511373953e-01  3.537140234455e-01   1.488119364282e+00  6.272946592337e-01  9.944238905446e-01  3.535288897254e-01
  1.488119364282e+00  6.272946592337e-01  9.944238905446e-01  3.535288897254e-01   1.487688242005e+00  6.276749395614e-01  9.943316664300e-01  3.534535911807e-01
  1.487688242005e+00  6.276749395614e-01  9.943316664300e-01  3.534535911807e-01   1.484477672898e+00  6.304997378716e-01  9.936526335965e-01  3.528962103186e-01
  1.484477672898e+00  6.304997378716e-01  9.936526335965e-01  3.528962103186e-01   1.440187625276e+00  6.686387324519e-01  9.858591000859e-01  3.460738343922e-01
  1.440187625276e+00  6.686387324519e-01  9.858591000859e-01  3.460738343922e-01   1.434484706017e+00  6.734527425775e-01  9.850634256122e-01  3.453250297913e-01
  1.434484706017e+00  6.734527425775e-01  9.850634256122e-01  3.453250297913e-01   1.393449023332e+00  7.069613503892e-01  9.802611429001e-01  3.405269431440e-01
  1.393449023332e+00  7.069613503892e-01  9.802611429001e-01  3.405269431440e-01   1.380213047999e+00  7.171649636163e-01  9.789016341179e-01  3.390676523879e-01
  1.380213047999e+00  7.171649636163e-01  9.789016341179e-01  3.390676523879e-01   1.359822482305e+00  7.321273799406e-01  9.768291050099e-01  3.367476252131e-01
  1.359822482305e+00  7.321273799406e-01  9.768291050099e-01  3.367476252131e-01   1.323821818512e+00  7.560357991601e-01  9.729664657651e-01  3.321133176937e-01
  1.323821818512e+00  7.560357991601e-01  9.729664657651e-01  3.321133176937e-01   1.274114135198e+00  7.835732602403e-01  9.668506447921e-01  3.239861944162e-01
  1.274114135198e+00  7.835732602403e-01  9.668506447921e-01  3.239861944162e-01   1.265131591997e+00  7.878898565587e-01  9.656434316199e-01  3.222720922832e-01
  1.265131591997e+00  7.878898565587e-01  9.656434316199e-01  3.222720922832e-01   1.260363965892e+00  7.901019307245e-01  9.649909812847e-01  3.213308370977e-01
  1.260363965892e+00  7.901019307245e-01  9.649909812847e-01  3.213308370977e-01   1.221023789273e+00  8.063379559707e-01  9.593326736374e-01  3.127296556060e-01
  1.221023789273e+00  8.063379559707e-01  9.593326736374e-01  3.127296556060e-01   1.206173694769e+00  8.115698531831e-01  9.570896371864e-01  3.090993685823e-01
  1.206173694769e+00  8.115698531831e-01  9.570896371864e-01  3.090993685823e-01   1.203760018759e+00  8.123756547603e-01  9.567205719397e-01  3.084897697688e-01
  1.203760018759e+00  8.123756547603e-01  9.567205719397e-01  3.084897697688e-01   1.154308181927e+00  8.262637447156e-01  9.489598657442e-01  2.948277343006e-01
  1.154308181927e+00  8.262637447156e-01  9.489598657442e-01  2.948277343006e-01   1.139820575428e+00  8.294255276935e-01  9.466415175018e-01  2.904141412913e-01
  1.139820575428e+00  8.294255276935e-01  9.466415175018e-01  2.904141412913e-01   1.111345913619e+00  8.345064647587e-01  9.420742183690e-01  2.812206622003e-01
  1.111345913619e+00  8.345064647587e-01  9.420742183690e-01  2.812206622003e-01   1.075350584781e+00  8.388651807611e-01  9.363547595649e-01  2.686556003817e-01
  1.075350584781e+00  8.388651807611e-01  9.363547595649e-01  2.686556003817e-01   1.031475711452e+00  8.412063183708e-01  9.296123770502e-01  2.520013077372e-01
  1.031475711452e+00  8.412063183708e-01  9.296123770502e-01  2.520013077372e-01   1.012350733473e+00  8.412412611173e-01  9.267965815102e-01  2.443091711614e-01
  1.012350733473e+00  8.412412611173e-01  9.267965815102e-01  2.443091711614e-01   9.686069700104e-01  8.391382159912e-01  9.207430410630e-01  2.257996649498e-01
  9.686069700104e-01  8.391382159912e-01  9.207430410630e-01  2.257996649498e-01   9.508626595793e-01  8.374338543656e-01  9.184720023053e-01  2.179511222997e-01
  9.508626595793e-01  8.374338543656e-01  9.184720023053e-01  2.179511222997e-01   9.212035629317e-01  8.335035845536e-01  9.149584316830e-01  2.044299699035e-01
  9.212035629317e-01  8.335035845536e-01  9.149584316830e-01  2.044299699035e-01   8.907965908612e-01  8.280801059029e-01  9.117721457242e-01  1.900895262583e-01
  8.907965908612e-01  8.280801059029e-01  9.117721457242e-01  1.900895262583e-01   8.466772653375e-01  8.177119568508e-01  9.080141971872e-01  1.685417062834e-01
  8.466772653375e-01  8.177119568508e-01  9.080141971872e-01  1.685417062834e-01   8.335348662766e-01  8.140513406962e-01  9.071148797960e-01  1.619801583165e-01
  8.335348662766e-01  8.140513406962e-01  9.071148797960e-01  1.619801583165e-01   8.254514794553e-01  8.116690399668e-01  9.066155946648e-01  1.579169101078e-01
  8.254514794553e-01  8.116690399668e-01  9.066155946648e-01  1.579169101078e-01   7.801020070915e-01  7.964468149025e-01  9.046254470677e-01  1.348171542475e-01
  7.801020070915e-01  7.964468149025e-01  9.046254470677e-01  1.348171542475e-01   7.592062240425e-01  7.883635435310e-01  9.042019841099e-01  1.240600022266e-01
  7.592062240425e-01  7.883635435310e-01  9.042019841099e-01  1.240600022266e-01   7.298137784526e-01  7.758371192238e-01  9.041704709040e-01  1.089032495328e-01
  7.298137784526e-01  7.758371192238e-01  9.041704709040e-01  1.089032495328e-01   7.188371185371e-01  7.708091143831e-01  9.043337094902e-01  1.032564420874e-01
  7.188371185371e-01  7.708091143831e-01  9.043337094902e-01  1.032564420874e-01   6.820139700241e-01  7.525332132892e-01  9.055973949040e-01  8.448795416618e-02
  6.820139700241e-01  7.525332132892e-01  9.055973949040e-01  8.448795416618e-02   6.807581791560e-01  7.518713433823e-01  9.056601535441e-01  8.385495096680e-02
  6.807581791560e-01  7.518713433823e-01  9.056601535441e-01  8.385495096680e-02   6.372815244711e-01  7.273638119354e-01  9.086302843494e-01  6.240340634826e-02
  6.372815244711e-01  7.273638119354e-01  9.086302843494e-01  6.240340634826e-02   6.211781081698e-01  7.174922457180e-01  9.101147098676e-01  5.475953526832e-02
  6.211781081698e-01  7.174922457180e-01  9.101147098676e-01  5.475953526832e-02   5.959466904897e-01  7.011499443901e-01  9.128304212699e-01  4.323176688021e-02
  5.959466904897e-01  7.011499443901e-01  9.128304212699e-01  4.323176688021e-02   5.807212985813e-01  6.907675134182e-01  9.146805252712e-01  3.659303264758e-02
  5.807212985813e-01  6.907675134182e-01  9.146805252712e-01  3.659303264758e-02   5.571087938130e-01  6.738844410791e-01  9.178193247503e-01  2.686353804011e-02
  5.571087938130e-01  6.738844410791e-01  9.178193247503e-01  2.686353804011e-02   5.461416232080e-01  6.657182735109e-01  9.193695785009e-01  2.260994830194e-02
  5.461416232080e-01  6.657182735109e-01  9.193695785009e-01  2.260994830194e-02   5.199737151951e-01  6.453988153178e-01  9.232291736380e-01  1.324016927062e-02
  5.199737151951e-01  6.453988153178e-01  9.232291736380e-01  1.324016927062e-02   4.860727591226e-01  6.173216447610e-01  9.283237371998e-01  2.973104686219e-03
  4.860727591226e-01  6.173216447610e-01  9.283237371998e-01  2.973104686219e-03   4.847694748142e-01  6.162027317903e-01  9.285161223869e-01  2.624971587986e-03
  4.847694748142e-01  6.162027317903e-01  9.285161223869e-01  2.624971587986e-03   4.788497132635e-01  6.110835928270e-01  9.293827224116e-01  1.089610687729e-03
  4.788497132635e-01  6.110835928270e-01  9.293827224116e-01  1.089610687729e-03   4.516193062078e-01  5.867584158561e-01  9.331357567498e-01 -4.965092822450e-03
  4.516193062078e-01  5.867584158561e-01  9.331357567498e-01 -4.965092822450e-03   4.223923876700e-01  5.592254215813e-01  9.364464117605e-01 -9.521767531234e-03
  4.223923876700e-01  5.592254215813e-01  9.364464117605e-01 -9.521767531234e-03   4.197279334361e-01  5.566416877381e-01  9.366959148611e-01 -9.833895282312e-03
  4.197279334361e-01  5.566416877381e-01  9.366959148611e-01 -9.833895282312e-03   3.900675795774e-01  5.270379281782e-01  9.386887340742e-01 -1.213549324753e-02
  3.900675795774e-01  5.270379281782e-01  9.386887340742e-01 -1.213549324753e-02   3.883916744849e-01  5.253185967951e-01  9.387522830808e-01 -1.220180907134e-02
  3.883916744849e-01  5.253185967951e-01  9.387522830808e-01 -1.220180907134e-02   3.867793866426e-01  5.236597610289e-01  9.388078685315e-01 -1.225926873255e-02
  3.867793866426e-01  5.236597610289e-01  9.388078685315e-01 -1.225926873255e-02   3.577989035037e-01  4.930298804902e-01  9.387802314972e-01 -1.226033561013e-02
  3.577989035037e-01  4.930298804902e-01  9.387802314972e-01 -1.226033561013e-02   3.564931010631e-01  4.916127077587e-01  9.387288770849e-01 -1.221591973147e-02
  3.564931010631e-01  4.916127077587e-01  9.387288770849e-01 -1.221591973147e-02   3.281367589412e-01  4.600074671888e-01  9.363836009867e-01 -1.038792619115e-02
  3.281367589412e-01  4.600074671888e-01  9.363836009867e-01 -1.038792619115e-02   3.205678692393e-01  4.512912743894e-01  9.353275495788e-01 -9.642291567073e-03
  3.205678692393e-01  4.512912743894e-01  9.353275495788e-01 -9.642291567073e-03   2.988191151008e-01  4.255352374183e-01  9.311724389702e-01 -6.986713220074e-03
  2.988191151008e-01  4.255352374183e-01  9.311724389702e-01 -6.986713220074e-03   2.921457308932e-01  4.174082711876e-01  9.295444802128e-01 -6.038656997799e-03
  2.921457308932e-01  4.174082711876e-01  9.295444802128e-01 -6.038656997799e-03   2.693411215022e-01  3.887643296849e-01  9.226359998079e-01 -2.434310882093e-03
  2.693411215022e-01  3.887643296849e-01  9.226359998079e-01 -2.434310882093e-03   2.543706359165e-01  3.691567782780e-01  9.169028865875e-01  1.533822691309e-04
  2.543706359165e-01  3.691567782780e-01  9.169028865875e-01  1.533822691309e-04   2.400789794586e-01  3.497705848228e-01  9.104874756997e-01  2.709034705886e-03
  2.400789794586e-01  3.497705848228e-01  9.104874756997e-01  2.709034705886e-03   2.296655917798e-01  3.351931844779e-01  9.052062623339e-01  4.584719530028e-03
  2.296655917798e-01  3.351931844779e-01  9.052062623339e-01  4.584719530028e-03   2.114816625225e-01  3.087180604807e-01  8.946945321971e-01  7.797734291206e-03
  2.114816625225e-01  3.087180604807e-01  8.946945321971e-01  7.797734291206e-03   1.920180685314e-01  2.787439473160e-01  8.815120932367e-01  1.099832740866e-02
  1.920180685314e-01  2.787439473160e-01  8.815120932367e-01  1.099832740866e-02   1.832811193621e-01  2.646646728313e-01  8.749022975468e-01  1.230234109512e-02
  1.832811193621e-01  2.646646728313e-01  8.749022975468e-01  1.230234109512e-02   1.764549286525e-01  2.533679392888e-01  8.694229721130e-01  1.324537512653e-02
  1.764549286525e-01  2.533679392888e-01  8.694229721130e-01  1.324537512653e-02   1.552809956579e-01  2.164979782491e-01  8.505500279680e-01  1.562615979086e-02
  1.552809956579e-01  2.164979782491e-01  8.505500279680e-01  1.562615979086e-02   1.463531683404e-01  2.000419878243e-01  8.416783781029e-01  1.632142044959e-02
  1.463531683404e-01  2.000419878243e-01  8.416783781029e-01  1.632142044959e-02   1.280081569205e-01  1.643528261893e-01  8.215647155204e-01  1.699905531627e-02
  1.280081569205e-01  1.643528261893e-01  8.215647155204e-01  1.699905531627e-02   1.264128816465e-01  1.611251095637e-01  8.196881538844e-01  1.700249099073e-02
  1.264128816465e-01  1.611251095637e-01  8.196881538844e-01  1.700249099073e-02   1.217226418151e-01  1.515180881238e-01  8.140465266619e-01  1.695440748644e-02
  1.217226418151e-01  1.515180881238e-01  8.140465266619e-01  1.695440748644e-02   1.072392821380e-01  1.207546988545e-01  7.954070302214e-01  1.619823154575e-02
  1.072392821380e-01  1.207546988545e-01  7.954070302214e-01  1.619823154575e-02   1.016741705490e-01  1.085076998446e-01  7.877359425833e-01  1.563339806321e-02
  1.016741705490e-01  1.085076998446e-01  7.877359425833e-01  1.563339806321e-02   7.822297405972e-02  5.465703991573e-02  7.521942050040e-01  1.124270960237e-02
  7.822297405972e-02  5.465703991573e-02  7.521942050040e-01  1.124270960237e-02   7.520702368923e-02  4.750984087539e-02  7.472470440976e-01  1.041349319332e-02
  7.520702368923e-02  4.750984087539e-02  7.472470440976e-01  1.041349319332e-02   7.360483886318e-02  4.369547513745e-02  7.445846659241e-01  9.946227459517e-03
  7.360483886318e-02  4.369547513745e-02  7.445846659241e-01  9.946227459517e-03   4.722659666241e-02 -2.086542598330e-02  6.973918861008e-01 -6.574944280835e-04
  4.722659666241e-02 -2.086542598330e-02  6.973918861008e-01 -6.574944280835e-04   4.247256238151e-02 -3.296586512663e-02  6.881940680700e-01 -3.213679743711e-03
  4.247256238151e-02 -3.296586512663e-02  6.881940680700e-01 -3.213679743711e-03   3.591675987515e-02 -5.005454849871e-02  6.751107302262e-01 -7.114798786595e-03
  3.591675987515e-02 -5.005454849871e-02  6.751107302262e-01 -7.114798786595e-03   2.659288271835e-02 -7.559214885682e-02  6.555315830848e-01 -1.352924043354e-02
  2.659288271835e-02 -7.559214885682e-02  6.555315830848e-01 -1.352924043354e-02   1.942310632029e-02 -9.690145004972e-02  6.393923653712e-01 -1.933756866005e-02
  1.942310632029e-02 -9.690145004972e-02  6.393923653712e-01 -1.933756866005e-02   1.219527548606e-02 -1.212048487597e-01  6.215206433580e-01 -2.633104507554e-02
  1.219527548606e-02 -1.212048487597e-01  6.215206433580e-01 -2.633104507554e-02   3.139814634763e-03 -1.631982007216e-01  5.930821424707e-01 -3.875990992105e-02
  3.139814634763e-03 -1.631982007216e-01  5.930821424707e-01 -3.875990992105e-02   1.950964877952e-03 -1.721042124708e-01  5.876141772593e-01 -4.135098539234e-02
  1.950964877952e-03 -1.721042124708e-01  5.876141772593e-01 -4.135098539234e-02   1.445016529099e-03 -1.768267901261e-01  5.848130701208e-01 -4.270613776286e-02
  1.445016529099e-03 -1.768267901261e-01  5.848130701208e-01 -4.270613776286e-02   5.792538810670e-04 -2.075875360755e-01  5.684992294173e-01 -5.101575877016e-02
  5.792538810670e-04 -2.075875360755e-01  5.684992294173e-01 -5.101575877016e-02   8.806210906642e-03 -2.521134080157e-01  5.523213766916e-01 -6.017191108539e-02
  8.806210906642e-03 -2.521134080157e-01  5.523213766916e-01 -6.017191108539e-02   3.531391115891e-02 -3.007622927607e-01  5.475269823974e-01 -6.319207444569e-02
  3.531391115891e-02 -3.007622927607e-01  5.475269823974e-01 -6.319207444569e-02   4.669599644921e-02 -3.144342281278e-01  5.487863666352e-01 -6.228051270732e-02
  4.669599644921e-02 -3.144342281278e-01  5.487863666352e-01 -6.228051270732e-02   6.550429976224e-02 -3.335202312099e-01  5.522029598031e-01 -5.966974971885e-02
  6.550429976224e-02 -3.335202312099e-01  5.522029598031e-01 -5.966974971885e-02   1.016103926492e-01 -3.639875425263e-01  5.603360571202e-01 -5.289616044697e-02
  1.016103926492e-01 -3.639875425263e-01  5.603360571202e-01 -5.289616044697e-02   1.551165341908e-01 -4.029178423956e-01  5.718037488865e-01 -4.210205327253e-02
  6.849808562346e-01  7.715864514238e-02  1.252120414752e+00  4.819912052207e-01   6.844449606101e-01  7.925856701194e-02  1.262290831292e+00  4.661695121399e-01
  6.844449606101e-01  7.925856701194e-02  1.262290831292e+00  4.661695121399e-01   6.857914179727e-01  7.455401433759e-02  1.238919501707e+00  5.019216236545e-01
  6.857914179727e-01  7.455401433759e-02  1.238919501707e+00  5.019216236545e-01   6.849808562346e-01  7.715864514238e-02  1.252120414752e+00  4.819912052207e-01
  6.831153158212e-01  9.007272758442e-02  1.308868444947e+00  3.879962760227e-01   6.831442226150e-01  8.916993899441e-02  1.305313981181e+00  3.943224733964e-01
  6.831442226150e-01  8.916993899441e-02  1.305313981181e+00  3.943224733964e-01   6.832044385262e-01  9.528615199430e-02  1.328356423048e+00  3.521002958492e-01
  6.832044385262e-01  9.528615199430e-02  1.328356423048e+00  3.521002958492e-01   6.831153158212e-01  9.007272758442e-02  1.308868444947e+00  3.879962760227e-01
  6.866468630455e-01  1.142171603260e-01  1.386757683833e+00  2.284932894583e-01   6.871465322401e-01  1.158627775617e-01  1.391066560543e+00  2.180345657736e-01
  6.871465322401e-01  1.158627775617e-01  1.391066560543e+00  2.180345657736e-01   6.906400887003e-01  1.254821974001e-01  1.414140748455e+00  1.568812083223e-01
  6.906400887003e-01  1.254821974001e-01  1.414140748455e+00  1.568812083223e-01   6.938528863161e-01  1.326319341901e-01  1.429024290485e+00  1.106774760858e-01
  6.938528863161e-01  1.326319341901e-01  1.429024290485e+00  1.106774760858e-01   6.953228999249e-01  1.355651987894e-01  1.434561341349e+00  9.132314986929e-02
  6.953228999249e-01  1.355651987894e-01  1.434561341349e+00  9.132314986929e-02   6.983388098449e-01  1.410892244675e-01  1.444025534545e+00  5.393755404998e-02
  6.983388098449e-01  1.410892244675e-01  1.444025534545e+00  5.393755404998e-02   7.003934954483e-01  1.445388966340e-01  1.449239103491e+00  2.979319922076e-02
  7.003934954483e-01  1.445388966340e-01  1.449239103491e+00  2.979319922076e-02   7.030573917709e-01  1.486972861855e-01  1.454714101700e+00 -3.541539855514e-04
  7.030573917709e-01  1.486972861855e-01  1.454714101700e+00 -3.541539855514e-04   7.055641728220e-01  1.523292533236e-01  1.458663791958e+00 -2.782161882939e-02
  7.055641728220e-01  1.523292533236e-01  1.458663791958e+00 -2.782161882939e-02   7.090446841679e-01  1.569803304169e-01  1.462359384011e+00 -6.491052254305e-02
  7.090446841679e-01  1.569803304169e-01  1.462359384011e+00 -6.491052254305e-02   7.118274784495e-01  1.604101777598e-01  1.463886187702e+00 -9.394004684256e-02
  7.118274784495e-01  1.604101777598e-01  1.463886187702e+00 -9.394004684256e-02   7.155887473524e-01  1.646871284970e-01  1.463973014558e+00 -1.326062979759e-01
  7.155887473524e-01  1.646871284970e-01  1.463973014558e+00 -1.326062979759e-01   7.162304576107e-01  1.653790043823e-01  1.463760174660e+00 -1.391586249452e-01
  7.162304576107e-01  1.653790043823e-01  1.463760174660e+00 -1.391586249452e-01   7.204383571138e-01  1.696677041224e-01  1.460681439184e+00 -1.819522772824e-01
  7.204383571138e-01  1.696677041224e-01  1.460681439184e+00 -1.819522772824e-01   7.207863552139e-01  1.700041506167e-01  1.460293108116e+00 -1.854839984549e-01
  7.207863552139e-01  1.700041506167e-01  1.460293108116e+00 -1.854839984549e-01   7.250717522257e-01  1.739389427129e-01  1.453748786271e+00 -2.289893568565e-01
  7.250717522257e-01  1.739389427129e-01  1.453748786271e+00 -2.289893568565e-01   7.335053861274e-01  1.806908436267e-01  1.430303716879e+00 -3.151952827375e-01
  7.335053861274e-01  1.806908436267e-01  1.430303716879e+00 -3.151952827375e-01   7.374221320408e-01  1.834449620778e-01  1.413871111480e+00 -3.555525079652e-01
  7.374221320408e-01  1.834449620778e-01  1.413871111480e+00 -3.555525079652e-01   7.411152904327e-01  1.858510755291e-01  1.394623864703e+00 -3.936194496259e-01
  7.411152904327e-01  1.858510755291e-01  1.394623864703e+00 -3.936194496259e-01   7.478323828416e-01  1.898108208845e-01  1.349044827056e+00 -4.618109820654e-01
  7.478323828416e-01  1.898108208845e-01  1.349044827056e+00 -4.618109820654e-01   7.510001960190e-01  1.915139374836e-01  1.322379700370e+00 -4.927693686148e-01
  7.510001960190e-01  1.915139374836e-01  1.322379700370e+00 -4.927693686148e-01   7.540439323797e-01  1.930627883540e-01  1.293504945378e+00 -5.212147577163e-01
  7.540439323797e-01  1.930627883540e-01  1.293504945378e+00 -5.212147577163e-01   7.597880239145e-01  1.957780982400e-01  1.230568444014e+00 -5.696789870760e-01
  7.597880239145e-01  1.957780982400e-01  1.230568444014e+00 -5.696789870760e-01   7.626198234765e-01  1.970280789972e-01  1.195877655452e+00 -5.902111060179e-01
  7.626198234765e-01  1.970280789972e-01  1.195877655452e+00 -5.902111060179e-01   7.654326925913e-01  1.982182923554e-01  1.159472114773e+00 -6.079093136123e-01
  7.654326925913e-01  1.982182923554e-01  1.159472114773e+00 -6.079093136123e-01   7.710328145767e-01  2.004518337014e-01  1.083103156459e+00 -6.341191314457e-01
  7.710328145767e-01  2.004518337014e-01  1.083103156459e+00 -6.341191314457e-01   7.739562640176e-01  2.015532522430e-01  1.042332956216e+00 -6.427746285220e-01
  7.739562640176e-01  2.015532522430e-01  1.042332956216e+00 -6.427746285220e-01   7.769810404072e-01  2.026504863041e-01  1.000361322937e+00 -6.481542820649e-01
  7.769810404072e-01  2.026504863041e-01  1.000361322937e+00 -6.481542820649e-01   7.834037328647e-01  2.048471093279e-01  9.146446586551e-01 -6.486574357908e-01
  7.834037328647e-01  2.048471093279e-01  9.146446586551e-01 -6.486574357908e-01   7.869893829362e-01  2.059976137815e-01  8.700536439968e-01 -6.435241495226e-01
  7.869893829362e-01  2.059976137815e-01  8.700536439968e-01 -6.435241495226e-01   7.908802580567e-01  2.071846537612e-01  8.249541724312e-01 -6.345879048975e-01
  7.908802580567e-01  2.071846537612e-01  8.249541724312e-01 -6.345879048975e-01   7.997771519249e-01  2.096481093364e-01  7.353421347154e-01 -6.053092912403e-01
  7.997771519249e-01  2.096481093364e-01  7.353421347154e-01 -6.053092912403e-01   8.051166567831e-01  2.109468571924e-01  6.900368746102e-01 -5.843201229171e-01
  8.051166567831e-01  2.109468571924e-01  6.900368746102e-01 -5.843201229171e-01   8.111884888499e-01  2.122461647880e-01  6.451081845311e-01 -5.590337391041e-01
  8.111884888499e-01  2.122461647880e-01  6.451081845311e-01 -5.590337391041e-01   8.150728580167e-01  2.129727538477e-01  6.195046498998e-01 -5.424841080215e-01
  8.150728580167e-01  2.129727538477e-01  6.195046498998e-01 -5.424841080215e-01   8.158218483596e-01  2.131031493158e-01  6.148167748302e-01 -5.392766801188e-01
  8.158218483596e-01  2.131031493158e-01  6.148167748302e-01 -5.392766801188e-01   8.177566549813e-01  2.134251955702e-01  6.030515186831e-01 -5.309774928614e-01
  8.177566549813e-01  2.134251955702e-01  6.030515186831e-01 -5.309774928614e-01   8.184543310900e-01  2.135360433830e-01  5.989260493764e-01 -5.279815456674e-01
  8.184543310900e-01  2.135360433830e-01  5.989260493764e-01 -5.279815456674e-01   8.259100956609e-01  2.145415339836e-01  5.582660164615e-01 -4.959553398263e-01
  8.259100956609e-01  2.145415339836e-01  5.582660164615e-01 -4.959553398263e-01   8.283824222556e-01  2.148009093259e-01  5.459955254630e-01 -4.853544252951e-01
  8.283824222556e-01  2.148009093259e-01  5.459955254630e-01 -4.853544252951e-01   8.350537475588e-01  2.153104738650e-01  5.153220620618e-01 -4.568081339364e-01
  8.350537475588e-01  2.153104738650e-01  5.153220620618e-01 -4.568081339364e-01   8.402528987724e-01  2.155096601972e-01  4.934673659194e-01 -4.345731167534e-01
  8.402528987724e-01  2.155096601972e-01  4.934673659194e-01 -4.345731167534e-01   8.454538862600e-01  2.155295623707e-01  4.730348013782e-01 -4.122543158769e-01
  8.454538862600e-01  2.155295623707e-01  4.730348013782e-01 -4.122543158769e-01   8.498263155618e-01  2.154031718627e-01  4.567585919583e-01 -3.933549132359e-01
  8.498263155618e-01  2.154031718627e-01  4.567585919583e-01 -3.933549132359e-01   8.667697223477e-01  2.135907430129e-01  3.989275907775e-01 -3.173801181491e-01
  8.667697223477e-01  2.135907430129e-01  3.989275907775e-01 -3.173801181491e-01   8.693872328525e-01  2.131082770851e-01  3.904643373624e-01 -3.050100232421e-01
  8.693872328525e-01  2.131082770851e-01  3.904643373624e-01 -3.050100232421e-01   8.816960778184e-01  2.100043433462e-01  3.512333869521e-01 -2.430344380063e-01
  8.816960778184e-01  2.100043433462e-01  3.512333869521e-01 -2.430344380063e-01   8.826437165738e-01  2.097027971802e-01  3.482160581778e-01 -2.379344200112e-01
  8.826437165738e-01  2.097027971802e-01  3.482160581778e-01 -2.379344200112e-01   8.834186813742e-01  2.094489071367e-01  3.457454842978e-01 -2.337212477242e-01
  8.834186813742e-01  2.094489071367e-01  3.457454842978e-01 -2.337212477242e-01   8.919736031790e-01  2.061711170748e-01  3.181356374399e-01 -1.842494622344e-01
  8.919736031790e-01  2.061711170748e-01  3.181356374399e-01 -1.842494622344e-01   8.950972126868e-01  2.047302543548e-01  3.078110047028e-01 -1.645547114574e-01
  8.950972126868e-01  2.047302543548e-01  3.078110047028e-01 -1.645547114574e-01   8.958192721534e-01  2.043760385361e-01  3.053985227211e-01 -1.598526636421e-01
  8.958192721534e-01  2.043760385361e-01  3.053985227211e-01 -1.598526636421e-01   9.053518740371e-01  1.988084268790e-01  2.723248068732e-01 -9.118239684323e-02
  9.053518740371e-01  1.988084268790e-01  2.723248068732e-01 -9.118239684323e-02   9.077902194227e-01  1.970588799733e-01  2.633956783998e-01 -7.114133867579e-02
  9.077902194227e-01  1.970588799733e-01  2.633956783998e-01 -7.114133867579e-02   9.111535400730e-01  1.943570153850e-01  2.506652645351e-01 -4.126963434085e-02
  9.111535400730e-01  1.943570153850e-01  2.506652645351e-01 -4.126963434085e-02   9.177076917631e-01  1.877666386983e-01  2.240919394588e-01  2.707714351273e-02
  9.177076917631e-01  1.877666386983e-01  2.240919394588e-01  2.707714351273e-02   9.216183998524e-01  1.825026067016e-01  2.066846772246e-01  7.775785416212e-02
  9.216183998524e-01  1.825026067016e-01  2.066846772246e-01  7.775785416212e-02   9.248439902080e-01  1.767174957997e-01  1.908887941462e-01  1.298782159064e-01
  9.248439902080e-01  1.767174957997e-01  1.908887941462e-01  1.298782159064e-01   9.269167568423e-01  1.715698279857e-01  1.794350397171e-01  1.733302868284e-01
  9.269167568423e-01  1.715698279857e-01  1.794350397171e-01  1.733302868284e-01   9.286814525963e-01  1.646392992794e-01  1.674263824593e-01  2.278521829530e-01
  9.286814525963e-01  1.646392992794e-01  1.674263824593e-01  2.278521829530e-01   9.293023244474e-01  1.595868410017e-01  1.608652611779e-01  2.650139383464e-01
  9.293023244474e-01  1.595868410017e-01  1.608652611779e-01  2.650139383464e-01   9.293024272897e-01  1.523607338366e-01  1.543205804160e-01  3.149002335191e-01
  9.293024272897e-01  1.523607338366e-01  1.543205804160e-01  3.149002335191e-01   9.283345613853e-01  1.451569772344e-01  1.507818254503e-01  3.614462999011e-01
  9.283345613853e-01  1.451569772344e-01  1.507818254503e-01  3.614462999011e-01   9.271571886611e-01  1.402706517090e-01  1.499425104409e-01  3.915538762169e-01
  9.271571886611e-01  1.402706517090e-01  1.499425104409e-01  3.915538762169e-01   9.248009590333e-01  1.333617864559e-01  1.508054557275e-01  4.325368795848e-01
  9.248009590333e-01  1.333617864559e-01  1.508054557275e-01  4.325368795848e-01   9.227196846632e-01  1.286081322364e-01  1.527741969390e-01  4.598898598579e-01
  9.227196846632e-01  1.286081322364e-01  1.527741969390e-01  4.598898598579e-01   9.201349309694e-01  1.236152180411e-01  1.560649265132e-01  4.880647090173e-01
  9.201349309694e-01  1.236152180411e-01  1.560649265132e-01  4.880647090173e-01   9.165965673540e-01  1.177783638352e-01  1.615621746425e-01  5.204839674412e-01
  9.165965673540e-01  1.177783638352e-01  1.615621746425e-01  5.204839674412e-01   9.129291929321e-01  1.125209028514e-01  1.681344497183e-01  5.493787135496e-01
  9.129291929321e-01  1.125209028514e-01  1.681344497183e-01  5.493787135496e-01   9.094091420730e-01  1.080044649386e-01  1.751092855247e-01  5.740788570290e-01
  9.094091420730e-01  1.080044649386e-01  1.751092855247e-01  5.740788570290e-01   9.061445680569e-01  1.041681386453e-01  1.820832701540e-01  5.950305701857e-01
  9.061445680569e-01  1.041681386453e-01  1.820832701540e-01  5.950305701857e-01   9.014658708479e-01  9.913423910993e-02  1.928427845964e-01  6.225498271983e-01
  9.014658708479e-01  9.913423910993e-02  1.928427845964e-01  6.225498271983e-01   8.982463965893e-01  9.593085803368e-02  2.007343591701e-01  6.401063525105e-01
  8.982463965893e-01  9.593085803368e-02  2.007343591701e-01  6.401063525105e-01   8.929213140202e-01  9.101530116518e-02  2.146108877153e-01  6.671453290814e-01
  8.929213140202e-01  9.101530116518e-02  2.146108877153e-01  6.671453290814e-01   8.867646690710e-01  8.582845331935e-02  2.318767392513e-01  6.958216503989e-01
  8.867646690710e-01  8.582845331935e-02  2.318767392513e-01  6.958216503989e-01   8.840733894863e-01  8.370462604902e-02  2.398216623561e-01  7.076032745394e-01
  8.840733894863e-01  8.370462604902e-02  2.398216623561e-01  7.076032745394e-01   8.770840462966e-01  7.854249113772e-02  2.615464504155e-01  7.363008887105e-01
  8.770840462966e-01  7.854249113772e-02  2.615464504155e-01  7.363008887105e-01   8.751684649995e-01  7.720899354865e-02  2.677693059051e-01  7.437184309429e-01
  8.751684649995e-01  7.720899354865e-02  2.677693059051e-01  7.437184309429e-01   8.734449932958e-01  7.603688270593e-02  2.734647387264e-01  7.502355655340e-01
  8.734449932958e-01  7.603688270593e-02  2.734647387264e-01  7.502355655340e-01   8.661562704365e-01  7.135065278393e-02  2.985382805880e-01  7.762164884198e-01
  8.661562704365e-01  7.135065278393e-02  2.985382805880e-01  7.762164884198e-01   8.645847287095e-01  7.039417481498e-02  3.041484694823e-01  7.814925969702e-01
  8.645847287095e-01  7.039417481498e-02  3.041484694823e-01  7.814925969702e-01   8.569456900876e-01  6.599506720110e-02  3.324049228766e-01  8.055408006503e-01
  8.569456900876e-01  6.599506720110e-02  3.324049228766e-01  8.055408006503e-01   8.486507462427e-01  6.165367622172e-02  3.648400304127e-01  8.286974864520e-01
  8.486507462427e-01  6.165367622172e-02  3.648400304127e-01  8.286974864520e-01   8.476730995310e-01  6.116995365371e-02  3.687758801191e-01  8.312253564657e-01
  8.476730995310e-01  6.116995365371e-02  3.687758801191e-01  8.312253564657e-01   8.389071636407e-01  5.708117948031e-02  4.050516871540e-01  8.519923706453e-01
  8.389071636407e-01  5.708117948031e-02  4.050516871540e-01  8.519923706453e-01   8.384615118648e-01  5.688491368001e-02  4.069409983655e-01  8.529566686621e-01
  8.384615118648e-01  5.688491368001e-02  4.069409983655e-01  8.529566686621e-01   8.380336646554e-01  5.669751887369e-02  4.087587307892e-01  8.538740896396e-01
  8.380336646554e-01  5.669751887369e-02  4.087587307892e-01  8.538740896396e-01   8.291682625418e-01  5.303681967443e-02  4.472371316421e-01  8.710362184279e-01
  8.291682625418e-01  5.303681967443e-02  4.472371316421e-01  8.710362184279e-01   8.285878128163e-01  5.281164106900e-02  4.498073584264e-01  8.720364750213e-01
  8.285878128163e-01  5.281164106900e-02  4.498073584264e-01  8.720364750213e-01   8.196382776185e-01  4.955861149393e-02  4.901326438065e-01  8.855266442037e-01
  8.196382776185e-01  4.955861149393e-02  4.901326438065e-01  8.855266442037e-01   8.105562290125e-01  4.666862210316e-02  5.322077617692e-01  8.954883114926e-01
  8.105562290125e-01  4.666862210316e-02  5.322077617692e-01  8.954883114926e-01   8.099697836508e-01  4.649603267458e-02  5.349582231333e-01  8.960020119743e-01
  8.099697836508e-01  4.649603267458e-02  5.349582231333e-01  8.960020119743e-01   8.006940775807e-01  4.399106298979e-02  5.789050848633e-01  9.020341041405e-01
  8.006940775807e-01  4.399106298979e-02  5.789050848633e-01  9.020341041405e-01   8.002663171211e-01  4.388574793780e-02  5.809495665322e-01  9.022173060545e-01
  8.002663171211e-01  4.388574793780e-02  5.809495665322e-01  9.022173060545e-01   7.998217636503e-01  4.377725363733e-02  5.830757725443e-01  9.023988290615e-01
  7.998217636503e-01  4.377725363733e-02  5.830757725443e-01  9.023988290615e-01   7.903663944702e-01  4.170163056561e-02  6.286066484804e-01  9.041195624725e-01
  7.903663944702e-01  4.170163056561e-02  6.286066484804e-01  9.041195624725e-01   7.893514498177e-01  4.150539251906e-02  6.335238779478e-01  9.040614516445e-01
  7.893514498177e-01  4.150539251906e-02  6.335238779478e-01  9.040614516445e-01   7.801020070915e-01  3.995984434434e-02  6.785345854996e-01  9.013631251201e-01
  7.801020070915e-01  3.995984434434e-02  6.785345854996e-01  9.013631251201e-01   7.712860070263e-01  3.890791305514e-02  7.216925705905e-01  8.951428702395e-01
  7.712860070263e-01  3.890791305514e-02  7.216925705905e-01  8.951428702395e-01   7.695917606479e-01  3.875492536345e-02  7.300097821208e-01  8.935366679255e-01
  7.695917606479e-01  3.875492536345e-02  7.300097821208e-01  8.935366679255e-01   7.608449588129e-01  3.823153622852e-02  7.730669675443e-01  8.831047900222e-01
  7.608449588129e-01  3.823153622852e-02  7.730669675443e-01  8.831047900222e-01   7.589856183923e-01  3.818025326843e-02  7.822485002776e-01  8.804179774031e-01
  7.589856183923e-01  3.818025326843e-02  7.822485002776e-01  8.804179774031e-01   7.569435539079e-01  3.814933702361e-02  7.923462767188e-01  8.772735215485e-01
  7.569435539079e-01  3.814933702361e-02  7.923462767188e-01  8.772735215485e-01   7.481728755026e-01  3.833642057141e-02  8.359313137325e-01  8.613922912225e-01
  7.481728755026e-01  3.833642057141e-02  8.359313137325e-01  8.613922912225e-01   7.452394955040e-01  3.852281627242e-02  8.506126081823e-01  8.551840222042e-01
  7.452394955040e-01  3.852281627242e-02  8.506126081823e-01  8.551840222042e-01   7.370805842560e-01  3.940670964021e-02  8.918681449835e-01  8.353512447812e-01
  7.370805842560e-01  3.940670964021e-02  8.918681449835e-01  8.353512447812e-01   7.296038902806e-01  4.075252185770e-02  9.304830951568e-01  8.134891530136e-01
  7.296038902806e-01  4.075252185770e-02  9.304830951568e-01  8.134891530136e-01   7.260156364367e-01  4.160978760816e-02  9.494181413443e-01  8.015579380329e-01
  7.260156364367e-01  4.160978760816e-02  9.494181413443e-01  8.015579380329e-01   7.189089349224e-01  4.378762334181e-02  9.880281422247e-01  7.746576359801e-01
  7.189089349224e-01  4.378762334181e-02  9.880281422247e-01  7.746576359801e-01   7.153880600828e-01  4.514293288268e-02  1.007882609415e+00  7.594340530019e-01
  7.153880600828e-01  4.514293288268e-02  1.007882609415e+00  7.594340530019e-01   7.117824769111e-01  4.675760816113e-02  1.028879154052e+00  7.422691450978e-01
  7.117824769111e-01  4.675760816113e-02  1.028879154052e+00  7.422691450978e-01   7.054308746249e-01  5.028901829050e-02  1.068070826311e+00  7.071857256065e-01
  7.054308746249e-01  5.028901829050e-02  1.068070826311e+00  7.071857256065e-01   7.018815044252e-01  5.275019069023e-02  1.091655189836e+00  6.840841670293e-01
  7.018815044252e-01  5.275019069023e-02  1.091655189836e+00  6.840841670293e-01   6.965506105628e-01  5.737699667825e-02  1.130492185716e+00  6.426146088749e-01
  6.965506105628e-01  5.737699667825e-02  1.130492185716e+00  6.426146088749e-01   6.916803690728e-01  6.311569481229e-02  1.171723340716e+00  5.936541686126e-01
  6.916803690728e-01  6.311569481229e-02  1.171723340716e+00  5.936541686126e-01   6.895205381110e-01  6.643840820890e-02  1.193007949292e+00  5.662690891583e-01
  6.895205381110e-01  6.643840820890e-02  1.193007949292e+00  5.662690891583e-01   6.838233533672e-01  1.014350287376e-01  1.349276186043e+00  3.109955650519e-01
  6.838233533672e-01  1.014350287376e-01  1.349276186043e+00  3.109955650519e-01   6.838854672532e-01  1.018624302794e-01  1.350654490560e+00  3.081810332684e-01
  6.838854672532e-01  1.018624302794e-01  1.350654490560e+00  3.081810332684e-01   6.839608335997e-01  1.023604038741e-01  1.352248589330e+00  3.049080126794e-01
  6.839608335997e-01  1.023604038741e-01  1.352248589330e+00  3.049080126794e-01   6.866468630455e-01  1.142171603260e-01  1.386757683833e+00  2.284932894583e-01
