LENS PARMS:
   alpha 5.249144e-01 7.652575e-01 1.209946e-01 3.479349e-01 -4.696532e+01 0.0 0.0 0.0 0.0 1.000000e+00
 expdisk 6.613065e-01 7.800000e-01 1.277269e-01 7.054193e-01 -5.737804e+01 0.0 0.0 3.054484e-01 0.0 0.0
SOURCE PARMS:
   ptsrc 1.478320e+00 6.809964e-01 -5.299183e-03 0.0 0.0 0.0 0.0 0.0
CHISQ: 9.398998e+00 5.174043e+00 4.224955e+00 0.000000e+00 4.358583e-10 0.000000e+00 0.000000e+00 0.000000e+00 0.000000e+00 # tot pos flux tdel gal plim crv ring weak

Source #1
  posn:  6.809964e-01 -5.299183e-03
  flux:  1.478320e+00
     h:  7.000000e-01
  zsrc:  1.340000e+00
tscale:  5.029346e+01
images:
   0.0000   0.0000 (1.0e-06)  15.6000 ( 1.50e+00)   0.00 (0.0e+00) ->   0.0000  -0.0000  15.8695   3.2101
   0.0510  -0.1600 (1.0e-02)  13.1040 ( 1.30e+00)   0.00 (0.0e+00) ->   0.0358  -0.1681  13.1928   3.2432
   0.8060  -0.6700 (1.0e-02)   6.5208 ( 6.50e-01)   0.00 (0.0e+00) ->   0.8006  -0.6785   5.3917   0.0000
   1.1630   0.4600 (1.0e-02)   1.2792 ( 1.30e-01)   0.00 (0.0e+00) ->   1.1560   0.4684   1.4198  16.9780


LENS PARMS:
   alpha 5.244883e-01 7.661455e-01 1.219194e-01 3.489695e-01 -4.696220e+01 0.0 0.0 0.0 0.0 1.000000e+00
 expdisk 6.618090e-01 7.800000e-01 1.277269e-01 7.054193e-01 -5.737804e+01 0.0 0.0 3.060583e-01 0.0 0.0
SOURCE PARMS:
   ptsrc 1.484423e+00 6.811975e-01 -5.161985e-03 0.0 0.0 0.0 0.0 0.0
CHISQ: 9.395299e+00 5.209003e+00 4.186297e+00 0.000000e+00 4.362277e-10 0.000000e+00 0.000000e+00 0.000000e+00 0.000000e+00 # tot pos flux tdel gal plim crv ring weak

Source #1
  posn:  6.811975e-01 -5.161985e-03
  flux:  1.484423e+00
     h:  7.000000e-01
  zsrc:  1.340000e+00
tscale:  5.029346e+01
images:
   0.0000   0.0000 (1.0e-06)  15.6000 ( 1.50e+00)   0.00 (0.0e+00) ->   0.0000  -0.0000  15.8667   3.2198
   0.0510  -0.1600 (1.0e-02)  13.1040 ( 1.30e+00)   0.00 (0.0e+00) ->   0.0359  -0.1680  13.1915   3.2531
   0.8060  -0.6700 (1.0e-02)   6.5208 ( 6.50e-01)   0.00 (0.0e+00) ->   0.8004  -0.6786   5.3977   0.0000
   1.1630   0.4600 (1.0e-02)   1.2792 ( 1.30e-01)   0.00 (0.0e+00) ->   1.1562   0.4686   1.4195  17.0581


LENS PARMS:
   alpha 5.244907e-01 7.657947e-01 1.214386e-01 3.487133e-01 -4.696768e+01 0.0 0.0 0.0 0.0 1.000000e+00
 expdisk 6.623116e-01 7.800000e-01 1.277269e-01 7.054193e-01 -5.737804e+01 0.0 0.0 3.057831e-01 0.0 0.0
SOURCE PARMS:
   ptsrc 1.482979e+00 6.811036e-01 -5.349690e-03 0.0 0.0 0.0 0.0 0.0
CHISQ: 9.390400e+00 5.196569e+00 4.193831e+00 0.000000e+00 4.360765e-10 0.000000e+00 0.000000e+00 0.000000e+00 0.000000e+00 # tot pos flux tdel gal plim crv ring weak

Source #1
  posn:  6.811036e-01 -5.349690e-03
  flux:  1.482979e+00
     h:  7.000000e-01
  zsrc:  1.340000e+00
tscale:  5.029346e+01
images:
   0.0000   0.0000 (1.0e-06)  15.6000 ( 1.50e+00)   0.00 (0.0e+00) ->   0.0000  -0.0000  15.8705   3.2188
   0.0510  -0.1600 (1.0e-02)  13.1040 ( 1.30e+00)   0.00 (0.0e+00) ->   0.0358  -0.1680  13.1938   3.2520
   0.8060  -0.6700 (1.0e-02)   6.5208 ( 6.50e-01)   0.00 (0.0e+00) ->   0.8005  -0.6787   5.3957   0.0000
   1.1630   0.4600 (1.0e-02)   1.2792 ( 1.30e-01)   0.00 (0.0e+00) ->   1.1561   0.4684   1.4192  17.0327


LENS PARMS:
   alpha 5.244135e-01 7.658298e-01 1.215437e-01 3.488255e-01 -4.696638e+01 0.0 0.0 0.0 0.0 1.000000e+00
 expdisk 6.628141e-01 7.800000e-01 1.277269e-01 7.054193e-01 -5.737804e+01 0.0 0.0 3.056885e-01 0.0 0.0
SOURCE PARMS:
   ptsrc 1.484012e+00 6.810661e-01 -5.303056e-03 0.0 0.0 0.0 0.0 0.0
CHISQ: 9.386085e+00 5.206993e+00 4.179092e+00 0.000000e+00 4.360942e-10 0.000000e+00 0.000000e+00 0.000000e+00 0.000000e+00 # tot pos flux tdel gal plim crv ring weak

Source #1
  posn:  6.810661e-01 -5.303056e-03
  flux:  1.484012e+00
     h:  7.000000e-01
  zsrc:  1.340000e+00
tscale:  5.029346e+01
images:
   0.0000   0.0000 (1.0e-06)  15.6000 ( 1.50e+00)   0.00 (0.0e+00) ->   0.0000  -0.0000  15.8669   3.2168
   0.0510  -0.1600 (1.0e-02)  13.1040 ( 1.30e+00)   0.00 (0.0e+00) ->   0.0358  -0.1681  13.1896   3.2500
   0.8060  -0.6700 (1.0e-02)   6.5208 ( 6.50e-01)   0.00 (0.0e+00) ->   0.8003  -0.6786   5.3990   0.0000
   1.1630   0.4600 (1.0e-02)   1.2792 ( 1.30e-01)   0.00 (0.0e+00) ->   1.1561   0.4684   1.4195  17.0373


LENS PARMS:
   alpha 5.244204e-01 7.657674e-01 1.216296e-01 3.487675e-01 -4.697174e+01 0.0 0.0 0.0 0.0 1.000000e+00
 expdisk 6.633166e-01 7.800000e-01 1.277269e-01 7.054193e-01 -5.737804e+01 0.0 0.0 3.055346e-01 0.0 0.0
SOURCE PARMS:
   ptsrc 1.483174e+00 6.810374e-01 -5.196102e-03 0.0 0.0 0.0 0.0 0.0
CHISQ: 9.381835e+00 5.193917e+00 4.187918e+00 0.000000e+00 4.360750e-10 0.000000e+00 0.000000e+00 0.000000e+00 0.000000e+00 # tot pos flux tdel gal plim crv ring weak

Source #1
  posn:  6.810374e-01 -5.196102e-03
  flux:  1.483174e+00
     h:  7.000000e-01
  zsrc:  1.340000e+00
tscale:  5.029346e+01
images:
   0.0000   0.0000 (1.0e-06)  15.6000 ( 1.50e+00)   0.00 (0.0e+00) ->   0.0000  -0.0000  15.8714   3.2159
   0.0510  -0.1600 (1.0e-02)  13.1040 ( 1.30e+00)   0.00 (0.0e+00) ->   0.0358  -0.1680  13.1928   3.2492
   0.8060  -0.6700 (1.0e-02)   6.5208 ( 6.50e-01)   0.00 (0.0e+00) ->   0.8003  -0.6785   5.3965   0.0000
   1.1630   0.4600 (1.0e-02)   1.2792 ( 1.30e-01)   0.00 (0.0e+00) ->   1.1561   0.4685   1.4191  17.0328


LENS PARMS:
   alpha 5.245515e-01 7.653956e-01 1.210400e-01 3.482676e-01 -4.696853e+01 0.0 0.0 0.0 0.0 1.000000e+00
 expdisk 6.638191e-01 7.800000e-01 1.277269e-01 7.054193e-01 -5.737804e+01 0.0 0.0 3.052148e-01 0.0 0.0
SOURCE PARMS:
   ptsrc 1.480781e+00 6.810327e-01 -5.386354e-03 0.0 0.0 0.0 0.0 0.0
CHISQ: 9.377201e+00 5.173116e+00 4.204085e+00 0.000000e+00 4.359113e-10 0.000000e+00 0.000000e+00 0.000000e+00 0.000000e+00 # tot pos flux tdel gal plim crv ring weak

Source #1
  posn:  6.810327e-01 -5.386354e-03
  flux:  1.480781e+00
     h:  7.000000e-01
  zsrc:  1.340000e+00
tscale:  5.029346e+01
images:
   0.0000   0.0000 (1.0e-06)  15.6000 ( 1.50e+00)   0.00 (0.0e+00) ->   0.0000  -0.0000  15.8723   3.2146
   0.0510  -0.1600 (1.0e-02)  13.1040 ( 1.30e+00)   0.00 (0.0e+00) ->   0.0358  -0.1681  13.1918   3.2478
   0.8060  -0.6700 (1.0e-02)   6.5208 ( 6.50e-01)   0.00 (0.0e+00) ->   0.8006  -0.6786   5.3943   0.0000
   1.1630   0.4600 (1.0e-02)   1.2792 ( 1.30e-01)   0.00 (0.0e+00) ->   1.1562   0.4684   1.4194  16.9968


LENS PARMS:
   alpha 5.243076e-01 7.657123e-01 1.215844e-01 3.488011e-01 -4.696537e+01 0.0 0.0 0.0 0.0 1.000000e+00
 expdisk 6.643216e-01 7.800000e-01 1.277269e-01 7.054193e-01 -5.737804e+01 0.0 0.0 3.053655e-01 0.0 0.0
SOURCE PARMS:
   ptsrc 1.483821e+00 6.810286e-01 -5.224711e-03 0.0 0.0 0.0 0.0 0.0
CHISQ: 9.372815e+00 5.188783e+00 4.184031e+00 0.000000e+00 4.360527e-10 0.000000e+00 0.000000e+00 0.000000e+00 0.000000e+00 # tot pos flux tdel gal plim crv ring weak

Source #1
  posn:  6.810286e-01 -5.224711e-03
  flux:  1.483821e+00
     h:  7.000000e-01
  zsrc:  1.340000e+00
tscale:  5.029346e+01
images:
   0.0000   0.0000 (1.0e-06)  15.6000 ( 1.50e+00)   0.00 (0.0e+00) ->   0.0000  -0.0000  15.8690   3.2165
   0.0510  -0.1600 (1.0e-02)  13.1040 ( 1.30e+00)   0.00 (0.0e+00) ->   0.0358  -0.1681  13.1886   3.2497
   0.8060  -0.6700 (1.0e-02)   6.5208 ( 6.50e-01)   0.00 (0.0e+00) ->   0.8004  -0.6785   5.3982   0.0000
   1.1630   0.4600 (1.0e-02)   1.2792 ( 1.30e-01)   0.00 (0.0e+00) ->   1.1561   0.4685   1.4195  17.0313


