LENS PARMS:
   alpha 1.378254e+00 -5.289259e-01 -1.007456e+00 6.229644e-01 -2.871153e+01 0.0 0.0 0.0 0.0 1.000000e+00
expdiskA -2.717664e-01 -5.289259e-01 -1.007456e+00 7.737221e-01 -6.104871e+01 0.0 0.0 5.345027e-01 0.0 0.0
SOURCE PARMS:
   ptsrc 1.235863e-01 6.460094e-02 9.807796e-02 0.0 0.0 0.0 0.0 0.0
CHISQ: 1.735391e+05 1.735391e+05 2.536951e-06 0.000000e+00 1.294730e-10 0.000000e+00 0.000000e+00 0.000000e+00 0.000000e+00 # tot pos flux tdel gal plim crv ring weak

Source #1
  posn:  6.460094e-02  9.807796e-02
  flux:  1.235863e-01
     h:  7.000000e-01
tscale:  1.000000e+00
images:
   0.6806   1.1122 (6.0e-03)   1.3680 ( 1.00e+03)   0.00 (0.0e+00) ->   0.7243   1.1850   1.7909   0.0155
   0.0000   1.4608 (6.0e-03)   1.4450 ( 1.00e+03)   0.00 (0.0e+00) ->   0.0011   1.4712   0.9796   0.0000
   1.2782   0.8798 (6.0e-03)   1.4280 ( 1.00e+03)   0.00 (0.0e+00) ->   1.2249   0.8057   1.1722   0.0067
   1.4774   0.4150 (6.0e-03)   1.4420 ( 1.00e+03)   0.00 (0.0e+00) ->  -0.5483  -1.0439   0.0011   4.4353


