#
# Columns: x1 y1 u1 v1 x2 y2 u2 v2
#
# To plot the image plane curves, connect each (x1,y1)
# to the (x2,y2) on the same line -- do *not* connect
# consecutive lines!
#
# To plot the source plane curves, do the same for
# (u1,v1) and (u2,v2).
#
 -2.017344586968e+00 -3.166584952394e+00 -1.167372722831e+00 -2.198580794753e+00  -2.008973557014e+00 -3.184591688626e+00 -1.172963070685e+00 -2.206623073126e+00
 -2.008973557014e+00 -3.184591688626e+00 -1.172963070685e+00 -2.206623073126e+00  -1.981902088524e+00 -3.234167389151e+00 -1.187175646490e+00 -2.227632097274e+00
 -1.981902088524e+00 -3.234167389151e+00 -1.187175646490e+00 -2.227632097274e+00  -1.972599045209e+00 -3.248755943263e+00 -1.190983758273e+00 -2.233420555385e+00
 -1.972599045209e+00 -3.248755943263e+00 -1.190983758273e+00 -2.233420555385e+00  -1.967335905892e+00 -3.256548451509e+00 -1.192938827638e+00 -2.236422769931e+00
 -1.967335905892e+00 -3.256548451509e+00 -1.192938827638e+00 -2.236422769931e+00  -1.905076842112e+00 -3.329197730968e+00 -1.207844346928e+00 -2.260187755385e+00
 -1.905076842112e+00 -3.329197730968e+00 -1.207844346928e+00 -2.260187755385e+00  -1.818367643934e+00 -3.390135649244e+00 -1.212622327654e+00 -2.268338283627e+00
 -1.818367643934e+00 -3.390135649244e+00 -1.212622327654e+00 -2.268338283627e+00  -1.734670009036e+00 -3.421090325255e+00 -1.207322502546e+00 -2.258189326774e+00
 -1.734670009036e+00 -3.421090325255e+00 -1.207322502546e+00 -2.258189326774e+00  -1.650397743826e+00 -3.433081439010e+00 -1.196100352654e+00 -2.235106990719e+00
 -1.650397743826e+00 -3.433081439010e+00 -1.196100352654e+00 -2.235106990719e+00  -1.630255339555e+00 -3.433645574975e+00 -1.192800490946e+00 -2.228010665841e+00
 -1.630255339555e+00 -3.433645574975e+00 -1.192800490946e+00 -2.228010665841e+00  -1.594393031083e+00 -3.432724460300e+00 -1.186465521440e+00 -2.214036821493e+00
 -1.594393031083e+00 -3.432724460300e+00 -1.186465521440e+00 -2.214036821493e+00  -1.556306576208e+00 -3.429246436901e+00 -1.179190243932e+00 -2.197444381267e+00
 -1.556306576208e+00 -3.429246436901e+00 -1.179190243932e+00 -2.197444381267e+00  -1.542799473338e+00 -3.427434711179e+00 -1.176494498448e+00 -2.191152092957e+00
 -1.542799473338e+00 -3.427434711179e+00 -1.176494498448e+00 -2.191152092957e+00  -1.493902442746e+00 -3.418516566592e+00 -1.166316192344e+00 -2.166698605810e+00
 -1.493902442746e+00 -3.418516566592e+00 -1.166316192344e+00 -2.166698605810e+00  -1.464920139824e+00 -3.411585459398e+00 -1.160024729757e+00 -2.151031157991e+00
 -1.464920139824e+00 -3.411585459398e+00 -1.160024729757e+00 -2.151031157991e+00  -1.438359651690e+00 -3.404224386898e+00 -1.154124974491e+00 -2.135949851606e+00
 -1.438359651690e+00 -3.404224386898e+00 -1.154124974491e+00 -2.135949851606e+00  -1.398997791423e+00 -3.391631369443e+00 -1.145195915457e+00 -2.112389353097e+00
 -1.398997791423e+00 -3.391631369443e+00 -1.145195915457e+00 -2.112389353097e+00  -1.387468811947e+00 -3.387577212965e+00 -1.142547166822e+00 -2.105225210883e+00
 -1.387468811947e+00 -3.387577212965e+00 -1.142547166822e+00 -2.105225210883e+00  -1.340104680991e+00 -3.369264139045e+00 -1.131554165229e+00 -2.074597800742e+00
 -1.340104680991e+00 -3.369264139045e+00 -1.131554165229e+00 -2.074597800742e+00  -1.340026361279e+00 -3.369231722014e+00 -1.131535879683e+00 -2.074545618232e+00
 -1.340026361279e+00 -3.369231722014e+00 -1.131535879683e+00 -2.074545618232e+00  -1.339674481159e+00 -3.369085936208e+00 -1.131453705030e+00 -2.074311059630e+00
 -1.339674481159e+00 -3.369085936208e+00 -1.131453705030e+00 -2.074311059630e+00  -1.286013661925e+00 -3.345248348598e+00 -1.118880388919e+00 -2.037383601817e+00
 -1.286013661925e+00 -3.345248348598e+00 -1.118880388919e+00 -2.037383601817e+00  -1.272188395054e+00 -3.338604162257e+00 -1.115636936492e+00 -2.027507496398e+00
 -1.272188395054e+00 -3.338604162257e+00 -1.115636936492e+00 -2.027507496398e+00  -1.235490511045e+00 -3.320007707456e+00 -1.107046815741e+00 -2.000602527208e+00
 -1.235490511045e+00 -3.320007707456e+00 -1.107046815741e+00 -2.000602527208e+00  -1.210691929467e+00 -3.306672028762e+00 -1.101273473287e+00 -1.981870489161e+00
 -1.210691929467e+00 -3.306672028762e+00 -1.101273473287e+00 -1.981870489161e+00  -1.187765414606e+00 -3.293806493012e+00 -1.095970670617e+00 -1.964169715584e+00
 -1.187765414606e+00 -3.293806493012e+00 -1.095970670617e+00 -1.964169715584e+00  -1.153791212515e+00 -3.273816705257e+00 -1.088194022065e+00 -1.937282955150e+00
 -1.153791212515e+00 -3.273816705257e+00 -1.088194022065e+00 -1.937282955150e+00  -1.142319759316e+00 -3.266822745432e+00 -1.085594674862e+00 -1.928031995182e+00
 -1.142319759316e+00 -3.266822745432e+00 -1.085594674862e+00 -1.928031995182e+00  -1.100355172639e+00 -3.240210659054e+00 -1.076223633394e+00 -1.893470500889e+00
 -1.100355172639e+00 -3.240210659054e+00 -1.076223633394e+00 -1.893470500889e+00  -1.098783924247e+00 -3.239183355743e+00 -1.075877424362e+00 -1.892154910053e+00
 -1.098783924247e+00 -3.239183355743e+00 -1.075877424362e+00 -1.892154910053e+00  -1.091517629342e+00 -3.234403914385e+00 -1.074281140656e+00 -1.886051058571e+00
 -1.091517629342e+00 -3.234403914385e+00 -1.074281140656e+00 -1.886051058571e+00  -1.056883586797e+00 -3.210982499012e+00 -1.066788084762e+00 -1.856515895764e+00
 -1.056883586797e+00 -3.210982499012e+00 -1.066788084762e+00 -1.856515895764e+00  -1.049338488532e+00 -3.205741112982e+00 -1.065182917332e+00 -1.849986382972e+00
 -1.049338488532e+00 -3.205741112982e+00 -1.065182917332e+00 -1.849986382972e+00  -1.016408358534e+00 -3.182292401678e+00 -1.058303233807e+00 -1.821100423167e+00
 -1.016408358534e+00 -3.182292401678e+00 -1.058303233807e+00 -1.821100423167e+00  -1.000519693648e+00 -3.170648642421e+00 -1.055062366048e+00 -1.806941562185e+00
 -1.000519693648e+00 -3.170648642421e+00 -1.055062366048e+00 -1.806941562185e+00  -9.771926742900e-01 -3.153169902337e+00 -1.050404858122e+00 -1.785899670276e+00
 -9.771926742900e-01 -3.153169902337e+00 -1.050404858122e+00 -1.785899670276e+00  -9.535942887228e-01 -3.135027956110e+00 -1.045823340031e+00 -1.764311908179e+00
 -9.535942887228e-01 -3.135027956110e+00 -1.045823340031e+00 -1.764311908179e+00  -9.391034618521e-01 -3.123660684737e+00 -1.043079019538e+00 -1.750909054357e+00
 -9.391034618521e-01 -3.123660684737e+00 -1.043079019538e+00 -1.750909054357e+00  -9.082816490964e-01 -3.098913804236e+00 -1.037428320535e+00 -1.722039878944e+00
 -9.082816490964e-01 -3.098913804236e+00 -1.037428320535e+00 -1.722039878944e+00  -9.020318675552e-01 -3.093802118387e+00 -1.036314930103e+00 -1.716127273296e+00
 -9.020318675552e-01 -3.093802118387e+00 -1.036314930103e+00 -1.716127273296e+00  -8.730518315151e-01 -3.069689647928e+00 -1.031303445159e+00 -1.688458605001e+00
 -8.730518315151e-01 -3.069689647928e+00 -1.031303445159e+00 -1.688458605001e+00  -8.653341154248e-01 -3.063155072920e+00 -1.030012332914e+00 -1.681021416587e+00
 -8.653341154248e-01 -3.063155072920e+00 -1.030012332914e+00 -1.681021416587e+00  -8.635380756288e-01 -3.061627566691e+00 -1.029714577856e+00 -1.679286579531e+00
 -8.635380756288e-01 -3.061627566691e+00 -1.029714577856e+00 -1.679286579531e+00  -8.275719142134e-01 -3.030500968233e+00 -1.023975289156e+00 -1.644228661458e+00
 -8.275719142134e-01 -3.030500968233e+00 -1.023975289156e+00 -1.644228661458e+00  -8.172164939122e-01 -3.021349692835e+00 -1.022404712078e+00 -1.634025041722e+00
 -8.172164939122e-01 -3.021349692835e+00 -1.022404712078e+00 -1.634025041722e+00  -7.910534229475e-01 -2.997853972883e+00 -1.018608934347e+00 -1.608034510191e+00
 -7.910534229475e-01 -2.997853972883e+00 -1.018608934347e+00 -1.608034510191e+00  -7.727212888832e-01 -2.981071818978e+00 -1.016102436891e+00 -1.589648141824e+00
 -7.727212888832e-01 -2.981071818978e+00 -1.016102436891e+00 -1.589648141824e+00  -7.556827797776e-01 -2.965238986128e+00 -1.013891070711e+00 -1.572434083492e+00
 -7.556827797776e-01 -2.965238986128e+00 -1.013891070711e+00 -1.572434083492e+00  -7.298399516290e-01 -2.940793945121e+00 -1.010763997759e+00 -1.546102959090e+00
 -7.298399516290e-01 -2.940793945121e+00 -1.010763997759e+00 -1.546102959090e+00  -7.213800451382e-01 -2.932678923813e+00 -1.009801879209e+00 -1.537426853544e+00
 -7.213800451382e-01 -2.932678923813e+00 -1.009801879209e+00 -1.537426853544e+00  -6.884025491529e-01 -2.900516071265e+00 -1.006354743658e+00 -1.503353205993e+00
 -6.884025491529e-01 -2.900516071265e+00 -1.006354743658e+00 -1.503353205993e+00  -6.880780041107e-01 -2.900195349654e+00 -1.006323284126e+00 -1.503015923497e+00
 -6.880780041107e-01 -2.900195349654e+00 -1.006323284126e+00 -1.503015923497e+00  -6.867363774530e-01 -2.898868688177e+00 -1.006193758403e+00 -1.501621274937e+00
 -6.867363774530e-01 -2.898868688177e+00 -1.006193758403e+00 -1.501621274937e+00  -6.554614317193e-01 -2.867547120420e+00 -1.003417457995e+00 -1.468936155638e+00
 -6.554614317193e-01 -2.867547120420e+00 -1.003417457995e+00 -1.468936155638e+00  -6.482704775947e-01 -2.860238197408e+00 -1.002846727352e+00 -1.461375357499e+00
 -6.482704775947e-01 -2.860238197408e+00 -1.002846727352e+00 -1.461375357499e+00  -6.237262852706e-01 -2.834988972383e+00 -1.001096780341e+00 -1.435447752352e+00
 -6.237262852706e-01 -2.834988972383e+00 -1.001096780341e+00 -1.435447752352e+00  -6.093291318906e-01 -2.819960323551e+00 -1.000216984766e+00 -1.420156075654e+00
 -6.093291318906e-01 -2.819960323551e+00 -1.000216984766e+00 -1.420156075654e+00  -5.928407148784e-01 -2.802550301420e+00 -9.993472049936e-01 -1.402572429191e+00
 -5.928407148784e-01 -2.802550301420e+00 -9.993472049936e-01 -1.402572429191e+00  -5.714823946515e-01 -2.779682449695e+00 -9.984462400003e-01 -1.379690391912e+00
 -5.714823946515e-01 -2.779682449695e+00 -9.984462400003e-01 -1.379690391912e+00  -5.627681062422e-01 -2.770249648604e+00 -9.981538557275e-01 -1.370322613101e+00
 -5.627681062422e-01 -2.770249648604e+00 -9.981538557275e-01 -1.370322613101e+00  -5.346487348894e-01 -2.739404575838e+00 -9.975178928907e-01 -1.339980436937e+00
 -5.346487348894e-01 -2.739404575838e+00 -9.975178928907e-01 -1.339980436937e+00  -5.334770952416e-01 -2.738105822608e+00 -9.975018077782e-01 -1.338712651452e+00
 -5.334770952416e-01 -2.738105822608e+00 -9.975018077782e-01 -1.338712651452e+00  -5.289259000000e-01 -2.733050598917e+00 -9.974473823787e-01 -1.333785531628e+00
 -5.289259000000e-01 -2.733050598917e+00 -9.974473823787e-01 -1.333785531628e+00  -4.987583232804e-01 -2.699126701981e+00 -9.974171907031e-01 -1.301034530715e+00
 -4.987583232804e-01 -2.699126701981e+00 -9.974171907031e-01 -1.301034530715e+00  -4.883631252787e-01 -2.687269171135e+00 -9.975432340292e-01 -1.289716581434e+00
 -4.883631252787e-01 -2.687269171135e+00 -9.975432340292e-01 -1.289716581434e+00  -4.637507054776e-01 -2.658848828125e+00 -9.981305198589e-01 -1.262866525256e+00
 -4.637507054776e-01 -2.658848828125e+00 -9.981305198589e-01 -1.262866525256e+00  -4.414077545393e-01 -2.632625453504e+00 -9.990262310612e-01 -1.238443687104e+00
 -4.414077545393e-01 -2.632625453504e+00 -9.990262310612e-01 -1.238443687104e+00  -4.295731655175e-01 -2.618570954268e+00 -9.996447726811e-01 -1.225495330155e+00
 -4.295731655175e-01 -2.618570954268e+00 -9.996447726811e-01 -1.225495330155e+00  -3.977072817471e-01 -2.580156136862e+00 -1.001823097631e+00 -1.190616739038e+00
 -3.977072817471e-01 -2.580156136862e+00 -1.001823097631e+00 -1.190616739038e+00  -3.961793278356e-01 -2.578293080411e+00 -1.001946756461e+00 -1.188944563892e+00
 -3.961793278356e-01 -2.578293080411e+00 -1.001946756461e+00 -1.188944563892e+00  -3.955709003171e-01 -2.577550693371e+00 -1.001996493193e+00 -1.188278745314e+00
 -3.955709003171e-01 -2.577550693371e+00 -1.001996493193e+00 -1.188278745314e+00  -3.635280231426e-01 -2.538015206554e+00 -1.005022619842e+00 -1.153242300275e+00
 -3.635280231426e-01 -2.538015206554e+00 -1.005022619842e+00 -1.153242300275e+00  -3.498887436351e-01 -2.520924581350e+00 -1.006557989975e+00 -1.138357340555e+00
 -3.498887436351e-01 -2.520924581350e+00 -1.006557989975e+00 -1.138357340555e+00  -3.315824258932e-01 -2.497737332698e+00 -1.008857277287e+00 -1.118420873235e+00
 -3.315824258932e-01 -2.497737332698e+00 -1.008857277287e+00 -1.118420873235e+00  -3.050849580935e-01 -2.463665072271e+00 -1.012681106174e+00 -1.089678986521e+00
 -3.050849580935e-01 -2.463665072271e+00 -1.012681106174e+00 -1.089678986521e+00  -3.003092759120e-01 -2.457459458841e+00 -1.013433815132e+00 -1.084516724253e+00
 -3.003092759120e-01 -2.457459458841e+00 -1.013433815132e+00 -1.084516724253e+00  -2.893516690943e-01 -2.443145655746e+00 -1.015235304603e+00 -1.072696428226e+00
 -2.893516690943e-01 -2.443145655746e+00 -1.015235304603e+00 -1.072696428226e+00  -2.698257688281e-01 -2.417377593481e+00 -1.018705363201e+00 -1.051728213550e+00
 -2.698257688281e-01 -2.417377593481e+00 -1.018705363201e+00 -1.051728213550e+00  -2.613439796725e-01 -2.406079136862e+00 -1.020317643387e+00 -1.042662890707e+00
 -2.613439796725e-01 -2.406079136862e+00 -1.020317643387e+00 -1.042662890707e+00  -2.404439327426e-01 -2.377964224045e+00 -1.024565219765e+00 -1.020453631188e+00
 -2.404439327426e-01 -2.377964224045e+00 -1.024565219765e+00 -1.020453631188e+00  -2.192414951671e-01 -2.349040074927e+00 -1.029277986010e+00 -9.981383996800e-01
 -2.192414951671e-01 -2.349040074927e+00 -1.029277986010e+00 -9.981383996800e-01  -2.121360259334e-01 -2.339255382895e+00 -1.030949080674e+00 -9.907151146852e-01
 -2.121360259334e-01 -2.339255382895e+00 -1.030949080674e+00 -9.907151146852e-01  -1.975763314745e-01 -2.319061187341e+00 -1.034517841162e+00 -9.756001861813e-01
 -1.975763314745e-01 -2.319061187341e+00 -1.034517841162e+00 -9.756001861813e-01  -1.846212870680e-01 -2.300928335290e+00 -1.037856942267e+00 -9.622688232301e-01
 -1.846212870680e-01 -2.300928335290e+00 -1.037856942267e+00 -9.622688232301e-01  -1.786515306996e-01 -2.292520261778e+00 -1.039447506374e+00 -9.561659163699e-01
 -1.786515306996e-01 -2.292520261778e+00 -1.039447506374e+00 -9.561659163699e-01  -1.578294460046e-01 -2.262933414139e+00 -1.045250884263e+00 -9.350964171041e-01
 -1.578294460046e-01 -2.262933414139e+00 -1.045250884263e+00 -9.350964171041e-01  -1.394478998944e-01 -2.236476377576e+00 -1.050702044079e+00 -9.168050759248e-01
 -1.394478998944e-01 -2.236476377576e+00 -1.050702044079e+00 -9.168050759248e-01  -1.320142897804e-01 -2.225686452067e+00 -1.052992910851e+00 -9.094982954786e-01
 -1.320142897804e-01 -2.225686452067e+00 -1.052992910851e+00 -9.094982954786e-01  -1.178265374158e-01 -2.204947533130e+00 -1.057501377892e+00 -8.957088772668e-01
 -1.178265374158e-01 -2.204947533130e+00 -1.057501377892e+00 -8.957088772668e-01  -1.015158106963e-01 -2.180869014159e+00 -1.062901156699e+00 -8.801286490041e-01
 -1.015158106963e-01 -2.180869014159e+00 -1.062901156699e+00 -8.801286490041e-01  -8.350184382193e-02 -2.153981601876e+00 -1.069125818483e+00 -8.632921568611e-01
 -8.350184382193e-02 -2.153981601876e+00 -1.069125818483e+00 -8.632921568611e-01  -6.474811128580e-02 -2.125661386262e+00 -1.075883908179e+00 -8.462187310217e-01
 -6.474811128580e-02 -2.125661386262e+00 -1.075883908179e+00 -8.462187310217e-01  -4.854476442401e-02 -2.100923065335e+00 -1.081937286244e+00 -8.318759735373e-01
 -4.854476442401e-02 -2.100923065335e+00 -1.081937286244e+00 -8.318759735373e-01  -2.904236134328e-02 -2.070818326077e+00 -1.089464654458e+00 -8.151625563111e-01
 -2.904236134328e-02 -2.070818326077e+00 -1.089464654458e+00 -8.151625563111e-01  -2.876945466575e-03 -2.029868582550e+00 -1.099924128847e+00 -7.937778297559e-01
 -2.876945466575e-03 -2.029868582550e+00 -1.099924128847e+00 -7.937778297559e-01   5.701348238100e-03 -2.016305534765e+00 -1.103428948194e+00 -7.870475711178e-01
  5.701348238100e-03 -2.016305534765e+00 -1.103428948194e+00 -7.870475711178e-01   1.179774701630e-02 -2.006625784654e+00 -1.105938758467e+00 -7.823537482752e-01
  1.179774701630e-02 -2.006625784654e+00 -1.105938758467e+00 -7.823537482752e-01   3.610241337639e-02 -1.967703711810e+00 -1.116067889077e+00 -7.644170856492e-01
  3.610241337639e-02 -1.967703711810e+00 -1.116067889077e+00 -7.644170856492e-01   6.206916387470e-02 -1.925550945241e+00 -1.127008296853e+00 -7.467253601744e-01
  6.206916387470e-02 -1.925550945241e+00 -1.127008296853e+00 -7.467253601744e-01   6.418890185795e-02 -1.922084812776e+00 -1.127902083735e+00 -7.453524351932e-01
  6.418890185795e-02 -1.922084812776e+00 -1.127902083735e+00 -7.453524351932e-01   6.597792178999e-02 -1.919156498530e+00 -1.128656191373e+00 -7.442023053868e-01
  6.597792178999e-02 -1.919156498530e+00 -1.128656191373e+00 -7.442023053868e-01   9.174640840458e-02 -1.876692283545e+00 -1.139452732971e+00 -7.285401146286e-01
  9.174640840458e-02 -1.876692283545e+00 -1.139452732971e+00 -7.285401146286e-01   1.160679467868e-01 -1.836144111293e+00 -1.149406646806e+00 -7.153795589476e-01
  1.160679467868e-01 -1.836144111293e+00 -1.149406646806e+00 -7.153795589476e-01   1.201409372315e-01 -1.829311689499e+00 -1.151037812212e+00 -7.133360646592e-01
  1.201409372315e-01 -1.829311689499e+00 -1.151037812212e+00 -7.133360646592e-01   1.624673483220e-01 -1.757652259409e+00 -1.167052852830e+00 -6.949307271808e-01
  1.624673483220e-01 -1.757652259409e+00 -1.167052852830e+00 -6.949307271808e-01   1.756923593826e-01 -1.735034101840e+00 -1.171595514109e+00 -6.902595265422e-01
  1.756923593826e-01 -1.735034101840e+00 -1.171595514109e+00 -6.902595265422e-01   2.055585141198e-01 -1.683596534667e+00 -1.180754072032e+00 -6.816124171102e-01
  2.055585141198e-01 -1.683596534667e+00 -1.180754072032e+00 -6.816124171102e-01   2.225526177560e-01 -1.654119475110e+00 -1.185154859706e+00 -6.778504679004e-01
  2.225526177560e-01 -1.654119475110e+00 -1.185154859706e+00 -6.778504679004e-01   2.467501078001e-01 -1.611897853695e+00 -1.190217788181e+00 -6.738858219800e-01
  2.467501078001e-01 -1.611897853695e+00 -1.190217788181e+00 -6.738858219800e-01   2.590245906022e-01 -1.590368137537e+00 -1.192184569991e+00 -6.724700505418e-01
  2.590245906022e-01 -1.590368137537e+00 -1.192184569991e+00 -6.724700505418e-01   2.871958837843e-01 -1.540654973006e+00 -1.194993693160e+00 -6.706147995842e-01
  2.871958837843e-01 -1.540654973006e+00 -1.194993693160e+00 -6.706147995842e-01   3.236402325915e-01 -1.475634832156e+00 -1.194731446191e+00 -6.707193148000e-01
  3.236402325915e-01 -1.475634832156e+00 -1.194731446191e+00 -6.707193148000e-01   3.268133228532e-01 -1.469929643136e+00 -1.194485411017e+00 -6.708419240113e-01
  3.268133228532e-01 -1.469929643136e+00 -1.194485411017e+00 -6.708419240113e-01   3.445446610526e-01 -1.437896610508e+00 -1.192421025775e+00 -6.718061780842e-01
  3.445446610526e-01 -1.437896610508e+00 -1.192421025775e+00 -6.718061780842e-01   3.654440375932e-01 -1.399763027756e+00 -1.188445289177e+00 -6.734570511540e-01
  3.654440375932e-01 -1.399763027756e+00 -1.188445289177e+00 -6.734570511540e-01   3.719338321479e-01 -1.387825975146e+00 -1.186862733120e+00 -6.740601408098e-01
  3.719338321479e-01 -1.387825975146e+00 -1.186862733120e+00 -6.740601408098e-01   4.038721623965e-01 -1.328279355268e+00 -1.176611404211e+00 -6.774408888152e-01
  4.038721623965e-01 -1.328279355268e+00 -1.176611404211e+00 -6.774408888152e-01   4.347582362983e-01 -1.269097478106e+00 -1.162717751869e+00 -6.809672609475e-01
  4.347582362983e-01 -1.269097478106e+00 -1.162717751869e+00 -6.809672609475e-01   4.427247350099e-01 -1.253511357985e+00 -1.158487247414e+00 -6.818532821039e-01
  4.427247350099e-01 -1.253511357985e+00 -1.158487247414e+00 -6.818532821039e-01   4.456860428938e-01 -1.247679072395e+00 -1.156846333763e+00 -6.821761893882e-01
  4.456860428938e-01 -1.247679072395e+00 -1.156846333763e+00 -6.821761893882e-01   4.522841377060e-01 -1.234604152717e+00 -1.153056358147e+00 -6.828798414258e-01
  4.522841377060e-01 -1.234604152717e+00 -1.153056358147e+00 -6.828798414258e-01   4.721342190955e-01 -1.194528052263e+00 -1.140530169430e+00 -6.848194092699e-01
  4.721342190955e-01 -1.194528052263e+00 -1.140530169430e+00 -6.848194092699e-01   4.813679513695e-01 -1.175453472617e+00 -1.134120788318e+00 -6.856023501076e-01
  4.813679513695e-01 -1.175453472617e+00 -1.134120788318e+00 -6.856023501076e-01   4.987196258501e-01 -1.138720705550e+00 -1.121053544279e+00 -6.868034593701e-01
  4.987196258501e-01 -1.138720705550e+00 -1.121053544279e+00 -6.868034593701e-01   5.188733042829e-01 -1.094279117441e+00 -1.104143788805e+00 -6.876427150483e-01
  5.188733042829e-01 -1.094279117441e+00 -1.104143788805e+00 -6.876427150483e-01   5.274549327873e-01 -1.074640310550e+00 -1.096351912667e+00 -6.877796898319e-01
  5.274549327873e-01 -1.074640310550e+00 -1.096351912667e+00 -6.877796898319e-01   5.548511985314e-01 -1.008072611901e+00 -1.068888134989e+00 -6.871125417164e-01
  5.548511985314e-01 -1.008072611901e+00 -1.068888134989e+00 -6.871125417164e-01   5.610243513147e-01 -9.920153893417e-01 -1.062097044353e+00 -6.866864001309e-01
  5.610243513147e-01 -9.920153893417e-01 -1.062097044353e+00 -6.866864001309e-01   5.878596966343e-01 -9.149165071119e-01 -1.029283894891e+00 -6.832575939592e-01
  5.878596966343e-01 -9.149165071119e-01 -1.029283894891e+00 -6.832575939592e-01   5.905634915675e-01 -9.062074223823e-01 -1.025605259066e+00 -6.827352348124e-01
  5.905634915675e-01 -9.062074223823e-01 -1.025605259066e+00 -6.827352348124e-01   5.935178170969e-01 -8.964056495340e-01 -1.021483662227e+00 -6.821173885781e-01
  5.935178170969e-01 -8.964056495340e-01 -1.021483662227e+00 -6.821173885781e-01   6.050750372891e-01 -8.542343120316e-01 -1.004071723472e+00 -6.791272908924e-01
  6.050750372891e-01 -8.542343120316e-01 -1.004071723472e+00 -6.791272908924e-01   6.137230546689e-01 -8.161133403209e-01 -9.889887108786e-01 -6.760355501049e-01
  6.137230546689e-01 -8.161133403209e-01 -9.889887108786e-01 -6.760355501049e-01   6.174629167615e-01 -7.962613832642e-01 -9.814715810842e-01 -6.743164100917e-01
  6.174629167615e-01 -7.962613832642e-01 -9.814715810842e-01 -6.743164100917e-01   6.226941121365e-01 -7.607636122572e-01 -9.687536017943e-01 -6.711263512070e-01
  6.226941121365e-01 -7.607636122572e-01 -9.687536017943e-01 -6.711263512070e-01   6.256244382587e-01 -7.291670653075e-01 -9.583543350086e-01 -6.682396418073e-01
  6.256244382587e-01 -7.291670653075e-01 -9.583543350086e-01 -6.682396418073e-01   6.263744905876e-01 -7.148942077845e-01 -9.539758274971e-01 -6.669439815250e-01
  6.263744905876e-01 -7.148942077845e-01 -9.539758274971e-01 -6.669439815250e-01   6.227311659515e-01 -6.248790926791e-01 -9.309773505937e-01 -6.592347802631e-01
  6.227311659515e-01 -6.248790926791e-01 -9.309773505937e-01 -6.592347802631e-01   6.213804662139e-01 -6.132867782740e-01 -9.284393368932e-01 -6.582776792541e-01
  6.213804662139e-01 -6.132867782740e-01 -9.284393368932e-01 -6.582776792541e-01   6.169315004528e-01 -5.782751484541e-01 -9.206418003069e-01 -6.551936095845e-01
  6.169315004528e-01 -5.782751484541e-01 -9.206418003069e-01 -6.551936095845e-01   6.131799193441e-01 -5.064819393383e-01 -8.984476112962e-01 -6.454604116160e-01
  6.131799193441e-01 -5.064819393383e-01 -8.984476112962e-01 -6.454604116160e-01   6.132930774517e-01 -5.046845640354e-01 -8.976998526783e-01 -6.451144879113e-01
  6.132930774517e-01 -5.046845640354e-01 -8.976998526783e-01 -6.451144879113e-01   6.133883409333e-01 -5.033099116358e-01 -8.971203515081e-01 -6.448457695216e-01
  6.133883409333e-01 -5.033099116358e-01 -8.971203515081e-01 -6.448457695216e-01   6.206923585010e-01 -4.588078357233e-01 -8.747683177169e-01 -6.341249915548e-01
  6.206923585010e-01 -4.588078357233e-01 -8.747683177169e-01 -6.341249915548e-01   6.276586887092e-01 -4.355733422562e-01 -8.604902092910e-01 -6.269848852177e-01
  6.276586887092e-01 -4.355733422562e-01 -8.604902092910e-01 -6.269848852177e-01   6.342060540913e-01 -4.179498462729e-01 -8.486459794204e-01 -6.209241060964e-01
  6.342060540913e-01 -4.179498462729e-01 -8.486459794204e-01 -6.209241060964e-01   6.491742273140e-01 -3.843541442493e-01 -8.241135689820e-01 -6.080323739020e-01
  6.491742273140e-01 -3.843541442493e-01 -8.241135689820e-01 -6.080323739020e-01   6.513428538690e-01 -3.799421999197e-01 -8.207349503558e-01 -6.062246039034e-01
  6.513428538690e-01 -3.799421999197e-01 -8.207349503558e-01 -6.062246039034e-01   6.599172335853e-01 -3.632115186244e-01 -8.076558775803e-01 -5.991586888275e-01
  6.599172335853e-01 -3.632115186244e-01 -8.076558775803e-01 -5.991586888275e-01   6.705101468857e-01 -3.437058801880e-01 -7.919586348529e-01 -5.905432995102e-01
  6.705101468857e-01 -3.437058801880e-01 -7.919586348529e-01 -5.905432995102e-01   6.732115132503e-01 -3.388839510877e-01 -7.880166747843e-01 -5.883576858762e-01
  6.732115132503e-01 -3.388839510877e-01 -7.880166747843e-01 -5.883576858762e-01   6.908879681292e-01 -3.083747007110e-01 -7.626482665798e-01 -5.740908014251e-01
  6.908879681292e-01 -3.083747007110e-01 -7.626482665798e-01 -5.740908014251e-01   6.983393081110e-01 -2.958998678596e-01 -7.521149798765e-01 -5.680682681046e-01
  6.983393081110e-01 -2.958998678596e-01 -7.521149798765e-01 -5.680682681046e-01   7.120583361722e-01 -2.732876284487e-01 -7.328747932680e-01 -5.569237318187e-01
  7.120583361722e-01 -2.732876284487e-01 -7.328747932680e-01 -5.569237318187e-01   7.239218882789e-01 -2.539525906995e-01 -7.163356137468e-01 -5.471987211881e-01
  7.239218882789e-01 -2.539525906995e-01 -7.163356137468e-01 -5.471987211881e-01   7.336660764018e-01 -2.381334656193e-01 -7.027830220972e-01 -5.391316964557e-01
  7.336660764018e-01 -2.381334656193e-01 -7.027830220972e-01 -5.391316964557e-01   7.496033713313e-01 -2.122307894048e-01 -6.806171166199e-01 -5.257493464568e-01
  7.496033713313e-01 -2.122307894048e-01 -6.806171166199e-01 -5.257493464568e-01   7.554542776679e-01 -2.026782816619e-01 -6.724654168083e-01 -5.207693527879e-01
  7.554542776679e-01 -2.026782816619e-01 -6.724654168083e-01 -5.207693527879e-01   7.751482296907e-01 -1.701975151832e-01 -6.449042342239e-01 -5.036986460314e-01
  7.751482296907e-01 -1.701975151832e-01 -6.449042342239e-01 -5.036986460314e-01   7.772255298911e-01 -1.667332116246e-01 -6.419822466745e-01 -5.018676634229e-01
  7.772255298911e-01 -1.667332116246e-01 -6.419822466745e-01 -5.018676634229e-01   7.894880105459e-01 -1.460932021099e-01 -6.246577478843e-01 -4.909277017978e-01
  7.894880105459e-01 -1.460932021099e-01 -6.246577478843e-01 -4.909277017978e-01   7.987094024694e-01 -1.303259131668e-01 -6.115302249868e-01 -4.825414930923e-01
  7.987094024694e-01 -1.303259131668e-01 -6.115302249868e-01 -4.825414930923e-01   8.002280876708e-01 -1.277063236378e-01 -6.093588874650e-01 -4.811462941075e-01
  8.002280876708e-01 -1.277063236378e-01 -6.093588874650e-01 -4.811462941075e-01   8.196306036094e-01 -9.358248623692e-02 -5.813462847712e-01 -4.629378674590e-01
  8.196306036094e-01 -9.358248623692e-02 -5.813462847712e-01 -4.629378674590e-01   8.245019217151e-01 -8.480103223956e-02 -5.742237125092e-01 -4.582454745770e-01
  8.245019217151e-01 -8.480103223956e-02 -5.742237125092e-01 -4.582454745770e-01   8.399835120990e-01 -5.622172892522e-02 -5.513031181990e-01 -4.429686836470e-01
  8.399835120990e-01 -5.622172892522e-02 -5.513031181990e-01 -4.429686836470e-01   8.479864572233e-01 -4.100069654321e-02 -5.392634782351e-01 -4.348341339046e-01
  8.479864572233e-01 -4.100069654321e-02 -5.392634782351e-01 -4.348341339046e-01   8.596752984451e-01 -1.814280152125e-02 -5.214083640238e-01 -4.226272031166e-01
  8.596752984451e-01 -1.814280152125e-02 -5.214083640238e-01 -4.226272031166e-01   8.705703001160e-01  3.915674881342e-03 -5.044382453009e-01 -4.108628480896e-01
  8.705703001160e-01  3.915674881342e-03 -5.044382453009e-01 -4.108628480896e-01   8.786230565765e-01  2.074435597593e-02 -4.916651373176e-01 -4.019008189347e-01
  8.786230565765e-01  2.074435597593e-02 -4.916651373176e-01 -4.019008189347e-01   8.921468452029e-01  5.014575338366e-02 -4.697104194124e-01 -3.862750268601e-01
  8.921468452029e-01  5.014575338366e-02 -4.697104194124e-01 -3.862750268601e-01   8.967524924749e-01  6.052044838395e-02 -4.620726476309e-01 -3.807716345842e-01
  8.967524924749e-01  6.052044838395e-02 -4.620726476309e-01 -3.807716345842e-01   9.126135173224e-01  9.786839756168e-02 -4.350436554461e-01 -3.610067870550e-01
  9.126135173224e-01  9.786839756168e-02 -4.350436554461e-01 -3.610067870550e-01   9.139973096316e-01  1.012574929090e-01 -4.326266513070e-01 -3.592168909304e-01
  9.139973096316e-01  1.012574929090e-01 -4.326266513070e-01 -3.592168909304e-01   9.215516043553e-01  1.201713657237e-01 -4.192451630543e-01 -3.492387572165e-01
  9.215516043553e-01  1.201713657237e-01 -4.192451630543e-01 -3.492387572165e-01   9.302991085682e-01  1.430189282958e-01 -4.033198373901e-01 -3.372093219681e-01
  9.302991085682e-01  1.430189282958e-01 -4.033198373901e-01 -3.372093219681e-01   9.317936075287e-01  1.470328799899e-01 -4.005485973808e-01 -3.350985252654e-01
  9.317936075287e-01  1.470328799899e-01 -4.005485973808e-01 -3.350985252654e-01   9.456072217408e-01  1.858597941688e-01 -3.741422625818e-01 -3.147175293946e-01
  9.456072217408e-01  1.858597941688e-01 -3.741422625818e-01 -3.147175293946e-01   9.496230615728e-01  1.977953811893e-01 -3.661670482393e-01 -3.084644702829e-01
  9.496230615728e-01  1.977953811893e-01 -3.661670482393e-01 -3.084644702829e-01   9.598780159009e-01  2.298274888712e-01 -3.450818735803e-01 -2.917064077581e-01
  9.598780159009e-01  2.298274888712e-01 -3.450818735803e-01 -2.917064077581e-01   9.660865965560e-01  2.504524133460e-01 -3.317433708620e-01 -2.809312632707e-01
  9.660865965560e-01  2.504524133460e-01 -3.317433708620e-01 -2.809312632707e-01   9.730736863277e-01  2.749630792771e-01 -3.161250665796e-01 -2.681375742465e-01
  9.730736863277e-01  2.749630792771e-01 -3.161250665796e-01 -2.681375742465e-01   9.811023246193e-01  3.051181483206e-01 -2.972445511468e-01 -2.524091452828e-01
  9.811023246193e-01  3.051181483206e-01 -2.972445511468e-01 -2.524091452828e-01   9.851599349917e-01  3.213038229783e-01 -2.872572619456e-01 -2.439697641817e-01
  9.851599349917e-01  3.213038229783e-01 -2.872572619456e-01 -2.439697641817e-01   9.945875075624e-01  3.619055547896e-01 -2.626364111971e-01 -2.227998896882e-01
  9.945875075624e-01  3.619055547896e-01 -2.626364111971e-01 -2.227998896882e-01   9.961026189630e-01  3.688868090836e-01 -2.584633749807e-01 -2.191590590232e-01
  9.961026189630e-01  3.688868090836e-01 -2.584633749807e-01 -2.191590590232e-01   1.003033941919e+00  4.028123824060e-01 -2.384274516695e-01 -2.014591756370e-01
  1.003033941919e+00  4.028123824060e-01 -2.384274516695e-01 -2.014591756370e-01   1.005449816258e+00  4.155252846851e-01 -2.310208607945e-01 -1.948224760731e-01
  1.005449816258e+00  4.155252846851e-01 -2.310208607945e-01 -1.948224760731e-01   1.005863243761e+00  4.177538537460e-01 -2.297280780722e-01 -1.936587997724e-01
  1.005863243761e+00  4.177538537460e-01 -2.297280780722e-01 -1.936587997724e-01   1.012831804634e+00  4.580755899157e-01 -2.066192900976e-01 -1.725881446181e-01
  1.012831804634e+00  4.580755899157e-01 -2.066192900976e-01 -1.725881446181e-01   1.014393266127e+00  4.679576890021e-01 -2.010357401912e-01 -1.674190024104e-01
  1.014393266127e+00  4.679576890021e-01 -2.010357401912e-01 -1.674190024104e-01   1.019275381768e+00  5.015435255754e-01 -1.822883588845e-01 -1.498341824031e-01
  1.019275381768e+00  5.015435255754e-01 -1.822883588845e-01 -1.498341824031e-01   1.021627031943e+00  5.195696342345e-01 -1.723699344933e-01 -1.403850581480e-01
  1.021627031943e+00  5.195696342345e-01 -1.723699344933e-01 -1.403850581480e-01   1.024734070401e+00  5.459660146338e-01 -1.580237646554e-01 -1.265342632077e-01
  1.024734070401e+00  5.459660146338e-01 -1.580237646554e-01 -1.265342632077e-01   1.027472824322e+00  5.726893205412e-01 -1.437123890676e-01 -1.124954306675e-01
  1.027472824322e+00  5.726893205412e-01 -1.437123890676e-01 -1.124954306675e-01   1.029145723765e+00  5.913917802579e-01 -1.338223864537e-01 -1.026610536509e-01
  1.029145723765e+00  5.913917802579e-01 -1.338223864537e-01 -1.026610536509e-01   1.031800997321e+00  6.274575809604e-01 -1.150411918697e-01 -8.367790684176e-02
  1.031800997321e+00  6.274575809604e-01 -1.150411918697e-01 -8.367790684176e-02   1.032427447008e+00  6.378853183045e-01 -1.096821037144e-01 -7.818548175630e-02
  1.032427447008e+00  6.378853183045e-01 -1.096821037144e-01 -7.818548175630e-02   1.034426643515e+00  6.840752784996e-01 -8.632787203637e-02 -5.384359416184e-02
  1.034426643515e+00  6.840752784996e-01 -8.632787203637e-02 -5.384359416184e-02   1.034468786201e+00  6.855322375846e-01 -8.560145480211e-02 -5.307560548523e-02
  1.034468786201e+00  6.855322375846e-01 -8.560145480211e-02 -5.307560548523e-02   1.034664591792e+00  6.929966013996e-01 -8.188958018060e-02 -4.914085925023e-02
  1.034664591792e+00  6.929966013996e-01 -8.188958018060e-02 -4.914085925023e-02   1.035122764542e+00  7.342045723165e-01 -6.169620644714e-02 -2.742244537788e-02
  1.035122764542e+00  7.342045723165e-01 -6.169620644714e-02 -2.742244537788e-02   1.035082473453e+00  7.428327669017e-01 -5.753258476397e-02 -2.287709779183e-02
  1.035082473453e+00  7.428327669017e-01 -5.753258476397e-02 -2.287709779183e-02   1.034207714163e+00  7.842410320110e-01 -3.786672638486e-02 -1.084565208603e-03
  1.034207714163e+00  7.842410320110e-01 -3.786672638486e-02 -1.084565208603e-03   1.033371811809e+00  8.041609504390e-01 -2.859564591470e-02  9.380495863355e-03
  1.033371811809e+00  8.041609504390e-01 -2.859564591470e-02  9.380495863355e-03   1.031456052030e+00  8.358905382588e-01 -1.408866023751e-02  2.601326616474e-02
  1.031456052030e+00  8.358905382588e-01 -1.408866023751e-02  2.601326616474e-02   1.028679011813e+00  8.687285997805e-01  5.787919939433e-04  4.316372006838e-02
  1.028679011813e+00  8.687285997805e-01  5.787919939433e-04  4.316372006838e-02   1.026488245145e+00  8.894435952983e-01  9.644454279628e-03  5.393989342354e-02
  1.026488245145e+00  8.894435952983e-01  9.644454279628e-03  5.393989342354e-02   1.019975177265e+00  9.376533941396e-01  3.015860312582e-02  7.885125163929e-02
  1.019975177265e+00  9.376533941396e-01  3.015860312582e-02  7.885125163929e-02   1.018744410533e+00  9.453287566331e-01  3.334643268172e-02  8.279121907604e-02
  1.018744410533e+00  9.453287566331e-01  3.334643268172e-02  8.279121907604e-02   1.013574271544e+00  9.743482609151e-01  4.519646143755e-02  9.760907986820e-02
  1.013574271544e+00  9.743482609151e-01  4.519646143755e-02  9.760907986820e-02   1.008256714227e+00  1.000119688109e+00  5.544144860393e-02  1.106484903666e-01
  1.008256714227e+00  1.000119688109e+00  5.544144860393e-02  1.106484903666e-01   1.006863570829e+00  1.006344976087e+00  5.787539522438e-02  1.137789750676e-01
  1.006863570829e+00  1.006344976087e+00  5.787539522438e-02  1.137789750676e-01   9.949222577760e-01  1.053133633753e+00  7.563262057857e-02  1.370229345407e-01
  9.949222577760e-01  1.053133633753e+00  7.563262057857e-02  1.370229345407e-01   9.887043188823e-01  1.073941046208e+00  8.320819993924e-02  1.471709549519e-01
  9.887043188823e-01  1.073941046208e+00  8.320819993924e-02  1.471709549519e-01   9.769094357124e-01  1.108679384257e+00  9.537603548547e-02  1.637915976309e-01
  9.769094357124e-01  1.108679384257e+00  9.537603548547e-02  1.637915976309e-01   9.541146312126e-01  1.163411816741e+00  1.131892348932e-01  1.889331500487e-01
  9.541146312126e-01  1.163411816741e+00  1.131892348932e-01  1.889331500487e-01   9.456828781488e-01  1.180622932730e+00  1.184034485162e-01  1.965020674172e-01
  9.456828781488e-01  1.180622932730e+00  1.184034485162e-01  1.965020674172e-01   8.829249397216e-01  1.276589569765e+00  1.430910501423e-01  2.340506714102e-01
  8.829249397216e-01  1.276589569765e+00  1.430910501423e-01  2.340506714102e-01   8.590697528838e-01  1.302792983933e+00  1.481149455170e-01  2.421737043708e-01
  8.590697528838e-01  1.302792983933e+00  1.481149455170e-01  2.421737043708e-01   6.479226342737e-01  1.412178191895e+00  1.461574195747e-01  2.366483416662e-01
  6.479226342737e-01  1.412178191895e+00  1.461574195747e-01  2.366483416662e-01   6.147939906503e-01  1.416577041359e+00  1.416462660558e-01  2.273636757450e-01
  6.147939906503e-01  1.416577041359e+00  1.416462660558e-01  2.273636757450e-01   4.982435575949e-01  1.414308371327e+00  1.212967225567e-01  1.824355871783e-01
  4.982435575949e-01  1.414308371327e+00  1.212967225567e-01  1.824355871783e-01   4.822460344832e-01  1.412125413407e+00  1.180969457787e-01  1.749568110110e-01
  4.822460344832e-01  1.412125413407e+00  1.180969457787e-01  1.749568110110e-01   4.331277837282e-01  1.402959297999e+00  1.078376916626e-01  1.502449674971e-01
  4.331277837282e-01  1.402959297999e+00  1.078376916626e-01  1.502449674971e-01   4.025110807945e-01  1.395477772867e+00  1.011690624471e-01  1.335798122658e-01
  4.025110807945e-01  1.395477772867e+00  1.011690624471e-01  1.335798122658e-01   3.761272932852e-01  1.388008722145e+00  9.528951484390e-02  1.184861750724e-01
  3.761272932852e-01  1.388008722145e+00  9.528951484390e-02  1.184861750724e-01   3.342507637820e-01  1.374314135382e+00  8.576151700756e-02  9.320666992998e-02
  3.342507637820e-01  1.374314135382e+00  8.576151700756e-02  9.320666992998e-02   3.237676032219e-01  1.370546670720e+00  8.334671254517e-02  8.663396504302e-02
  3.237676032219e-01  1.370546670720e+00  8.334671254517e-02  8.663396504302e-02   2.818226811618e-01  1.354173936216e+00  7.360190503262e-02  5.939905963778e-02
  2.818226811618e-01  1.354173936216e+00  7.360190503262e-02  5.939905963778e-02   2.737930300055e-01  1.350809070292e+00  7.172525647848e-02  5.401906471135e-02
  2.737930300055e-01  1.350809070292e+00  7.172525647848e-02  5.401906471135e-02   2.716094949715e-01  1.349881521146e+00  7.121449353052e-02  5.254702458835e-02
  2.716094949715e-01  1.349881521146e+00  7.121449353052e-02  5.254702458835e-02   2.214992950962e-01  1.327159554284e+00  5.946532500060e-02  1.773025902941e-02
  2.214992950962e-01  1.327159554284e+00  5.946532500060e-02  1.773025902941e-02   2.066121837210e-01  1.319892846672e+00  5.597403638272e-02  7.014917590065e-03
  2.066121837210e-01  1.319892846672e+00  5.597403638272e-02  7.014917590065e-03   1.726691137441e-01  1.302472255802e+00  4.803546990461e-02 -1.802830614200e-02
  1.726691137441e-01  1.302472255802e+00  4.803546990461e-02 -1.802830614200e-02   1.476567377451e-01  1.288895963201e+00  4.221950267325e-02 -3.701161511858e-02
  1.476567377451e-01  1.288895963201e+00  4.221950267325e-02 -3.701161511858e-02   1.266037678097e-01  1.276995190548e+00  3.735663437341e-02 -5.332753883044e-02
  1.266037678097e-01  1.276995190548e+00  3.735663437341e-02 -5.332753883044e-02   9.307426521640e-02  1.257169359525e+00  2.969164924433e-02 -7.993149516648e-02
  9.307426521640e-02  1.257169359525e+00  2.969164924433e-02 -7.993149516648e-02   8.282494524474e-02  1.250899048283e+00  2.737179653364e-02 -8.821200754672e-02
  8.282494524474e-02  1.250899048283e+00  2.737179653364e-02 -8.821200754672e-02   4.186295087438e-02  1.224880209043e+00  1.823067907393e-02 -1.219775331566e-01
  4.186295087438e-02  1.224880209043e+00  1.823067907393e-02 -1.219775331566e-01   4.098807366616e-02  1.224307974096e+00  1.803794603510e-02 -1.227102177745e-01
  4.098807366616e-02  1.224307974096e+00  1.803794603510e-02 -1.227102177745e-01   3.690459594191e-02  1.221628038938e+00  1.713986534368e-02 -1.261362796066e-01
  3.690459594191e-02  1.221628038938e+00  1.713986534368e-02 -1.261362796066e-01   6.161507634321e-04  1.197164843704e+00  9.274641224572e-03 -1.570292764294e-01
  6.161507634321e-04  1.197164843704e+00  9.274641224572e-03 -1.570292764294e-01  -6.635299054707e-03  1.192138328184e+00  7.729690116165e-03 -1.632972494609e-01
 -6.635299054707e-03  1.192138328184e+00  7.729690116165e-03 -1.632972494609e-01  -3.828483041248e-02  1.169669699616e+00  1.102014836001e-03 -1.910138420928e-01
 -3.828483041248e-02  1.169669699616e+00  1.102014836001e-03 -1.910138420928e-01  -5.288041720761e-02  1.159020466130e+00 -1.886834410048e-03 -2.039890961766e-01
 -5.288041720761e-02  1.159020466130e+00 -1.886834410048e-03 -2.039890961766e-01  -7.584992598642e-02  1.141898550813e+00 -6.496891449269e-03 -2.246497730160e-01
 -7.584992598642e-02  1.141898550813e+00 -6.496891449269e-03 -2.246497730160e-01  -9.720905275764e-02  1.125582799692e+00 -1.067431176296e-02 -2.441209248112e-01
 -9.720905275764e-02  1.125582799692e+00 -1.067431176296e-02 -2.441209248112e-01  -1.122076725840e-01  1.113900771733e+00 -1.354078973262e-02 -2.579397010443e-01
 -1.122076725840e-01  1.113900771733e+00 -1.354078973262e-02 -2.579397010443e-01  -1.398764397618e-01  1.091867919901e+00 -1.867453148211e-02 -2.837402551585e-01
 -1.398764397618e-01  1.091867919901e+00 -1.867453148211e-02 -2.837402551585e-01  -1.474629398704e-01  1.085718190431e+00 -2.004555616948e-02 -2.908830094318e-01
 -1.474629398704e-01  1.085718190431e+00 -2.004555616948e-02 -2.908830094318e-01  -1.810815978627e-01  1.057909037262e+00 -2.591963326632e-02 -3.228803910639e-01
 -1.810815978627e-01  1.057909037262e+00 -2.591963326632e-02 -3.228803910639e-01  -1.817023824816e-01  1.057387001964e+00 -2.602490011318e-02 -3.234764568023e-01
 -1.817023824816e-01  1.057387001964e+00 -2.602490011318e-02 -3.234764568023e-01  -1.847999687719e-01  1.054777646209e+00 -2.654835513366e-02 -3.264533966702e-01
 -1.847999687719e-01  1.054777646209e+00 -2.654835513366e-02 -3.264533966702e-01  -2.209832594319e-01  1.023732639523e+00 -3.243468835330e-02 -3.615642508110e-01
 -2.209832594319e-01  1.023732639523e+00 -3.243468835330e-02 -3.615642508110e-01  -2.298514049313e-01  1.015965806632e+00 -3.381071393576e-02 -3.702621779464e-01
 -2.298514049313e-01  1.015965806632e+00 -3.381071393576e-02 -3.702621779464e-01  -2.597104271247e-01  9.893602534205e-01 -3.823945302638e-02 -3.998068666452e-01
 -2.597104271247e-01  9.893602534205e-01 -3.823945302638e-02 -3.998068666452e-01  -2.777189749807e-01  9.729762984078e-01 -4.075161377958e-02 -4.178133584526e-01
 -2.777189749807e-01  9.729762984078e-01 -4.075161377958e-02 -4.178133584526e-01  -2.973696057197e-01  9.548096514576e-01 -4.334960736091e-02 -4.376170668625e-01
 -2.973696057197e-01  9.548096514576e-01 -4.334960736091e-02 -4.376170668625e-01  -3.240040672039e-01  9.297069194607e-01 -4.662125611014e-02 -4.647084313810e-01
 -3.240040672039e-01  9.297069194607e-01 -4.662125611014e-02 -4.647084313810e-01  -3.340499093438e-01  9.200957041523e-01 -4.777766214196e-02 -4.749986356441e-01
 -3.340499093438e-01  9.200957041523e-01 -4.777766214196e-02 -4.749986356441e-01  -3.689069781967e-01  8.861397693770e-01 -5.144438238564e-02 -5.109953250276e-01
 -3.689069781967e-01  8.861397693770e-01 -5.144438238564e-02 -5.109953250276e-01  -3.698267462886e-01  8.852309949229e-01 -5.153364574709e-02 -5.119511281523e-01
 -3.698267462886e-01  8.852309949229e-01 -5.153364574709e-02 -5.119511281523e-01  -3.734746842170e-01  8.816203479918e-01 -5.188377223186e-02 -5.157447625624e-01
 -3.734746842170e-01  8.816203479918e-01 -5.188377223186e-02 -5.157447625624e-01  -4.047646772422e-01  8.502262970429e-01 -5.462564106471e-02 -5.484704394283e-01
 -4.047646772422e-01  8.502262970429e-01 -5.462564106471e-02 -5.484704394283e-01  -4.130281991407e-01  8.418085471084e-01 -5.526944176718e-02 -5.571666165700e-01
 -4.130281991407e-01  8.418085471084e-01 -5.526944176718e-02 -5.571666165700e-01  -4.389192558514e-01  8.150908807763e-01 -5.706022257381e-02 -5.845492320748e-01
 -4.389192558514e-01  8.150908807763e-01 -5.706022257381e-02 -5.845492320748e-01  -4.561148940859e-01  7.970580709934e-01 -5.805383329537e-02 -6.028433272558e-01
 -4.561148940859e-01  7.970580709934e-01 -5.805383329537e-02 -6.028433272558e-01  -4.723388679314e-01  7.798328202877e-01 -5.884282022436e-02 -6.201772102525e-01
 -4.723388679314e-01  7.798328202877e-01 -5.884282022436e-02 -6.201772102525e-01  -4.982346976219e-01  7.519121602273e-01 -5.979272735589e-02 -6.479809952606e-01
 -4.982346976219e-01  7.519121602273e-01 -5.979272735589e-02 -6.479809952606e-01  -5.050658329746e-01  7.444591774512e-01 -5.997803850054e-02 -6.553413352031e-01
 -5.050658329746e-01  7.444591774512e-01 -5.997803850054e-02 -6.553413352031e-01  -5.289259000000e-01  7.181386065881e-01 -6.040441754925e-02 -6.811264609694e-01
 -5.289259000000e-01  7.181386065881e-01 -6.040441754925e-02 -6.811264609694e-01  -5.374506666773e-01  7.086256422300e-01 -6.047160429015e-02 -6.903656450508e-01
 -5.374506666773e-01  7.086256422300e-01 -6.047160429015e-02 -6.903656450508e-01  -5.400121813960e-01  7.057559378645e-01 -6.048286013100e-02 -6.931443522307e-01
 -5.400121813960e-01  7.057559378645e-01 -6.048286013100e-02 -6.931443522307e-01  -5.698483260930e-01  6.719453775343e-01 -6.030292524958e-02 -7.255872573829e-01
 -5.698483260930e-01  6.719453775343e-01 -6.030292524958e-02 -7.255872573829e-01  -5.820571146154e-01  6.579050720098e-01 -6.006003924869e-02 -7.388981135657e-01
 -5.820571146154e-01  6.579050720098e-01 -6.006003924869e-02 -7.388981135657e-01  -6.012438175219e-01  6.355976065679e-01 -5.947308126591e-02 -7.598490115158e-01
 -6.012438175219e-01  6.355976065679e-01 -5.947308126591e-02 -7.598490115158e-01  -6.227098940276e-01  6.102865155379e-01 -5.851069345604e-02 -7.833230973769e-01
 -6.227098940276e-01  6.102865155379e-01 -5.851069345604e-02 -7.833230973769e-01  -6.316782116009e-01  5.996005192796e-01 -5.801054161678e-02 -7.931371590315e-01
 -6.316782116009e-01  5.996005192796e-01 -5.801054161678e-02 -7.931371590315e-01  -6.585068093491e-01  5.672388633989e-01 -5.615926342323e-02 -8.225028982033e-01
 -6.585068093491e-01  5.672388633989e-01 -5.615926342323e-02 -8.225028982033e-01  -6.612203997631e-01  5.639325035570e-01 -5.594181640010e-02 -8.254726983377e-01
 -6.612203997631e-01  5.639325035570e-01 -5.594181640010e-02 -8.254726983377e-01  -6.620817598073e-01  5.628817057466e-01 -5.587161650268e-02 -8.264153382930e-01
 -6.620817598073e-01  5.628817057466e-01 -5.587161650268e-02 -8.264153382930e-01  -6.902065526600e-01  5.282313806946e-01 -5.326328361309e-02 -8.571723107128e-01
 -6.902065526600e-01  5.282313806946e-01 -5.326328361309e-02 -8.571723107128e-01  -7.002674915153e-01  5.156748267246e-01 -5.217855362364e-02 -8.681590291676e-01
 -7.002674915153e-01  5.156748267246e-01 -5.217855362364e-02 -8.681590291676e-01  -7.183325879267e-01  4.929134110716e-01 -5.002529460844e-02 -8.878542863147e-01
 -7.183325879267e-01  4.929134110716e-01 -5.002529460844e-02 -8.878542863147e-01  -7.373489363807e-01  4.686522205849e-01 -4.746777568260e-02 -9.085280234698e-01
 -7.373489363807e-01  4.686522205849e-01 -4.746777568260e-02 -9.085280234698e-01  -7.456212952966e-01  4.580010976387e-01 -4.626043448543e-02 -9.174980219764e-01
 -7.456212952966e-01  4.580010976387e-01 -4.626043448543e-02 -9.174980219764e-01  -7.685001309046e-01  4.282336557399e-01 -4.261649539558e-02 -9.422155717797e-01
 -7.685001309046e-01  4.282336557399e-01 -4.261649539558e-02 -9.422155717797e-01  -7.733977357584e-01  4.218019324998e-01 -4.177755041918e-02 -9.474869860608e-01
 -7.733977357584e-01  4.218019324998e-01 -4.177755041918e-02 -9.474869860608e-01  -7.761906917273e-01  4.181246712155e-01 -4.128973449758e-02 -9.504896412244e-01
 -7.761906917273e-01  4.181246712155e-01 -4.128973449758e-02 -9.504896412244e-01  -8.084775016369e-01  3.751133475059e-01 -3.514957904678e-02 -9.849923221314e-01
 -8.084775016369e-01  3.751133475059e-01 -3.514957904678e-02 -9.849923221314e-01  -8.312031919088e-01  3.442791380669e-01 -3.026673323682e-02 -1.009004707674e+00
 -8.312031919088e-01  3.442791380669e-01 -3.026673323682e-02 -1.009004707674e+00  -8.426455824040e-01  3.285768958498e-01 -2.763044851679e-02 -1.020992981130e+00
 -8.426455824040e-01  3.285768958498e-01 -2.763044851679e-02 -1.020992981130e+00  -8.614484970470e-01  3.025137152763e-01 -2.303796489761e-02 -1.040523647338e+00
 -8.614484970470e-01  3.025137152763e-01 -2.303796489761e-02 -1.040523647338e+00  -8.759545350303e-01  2.821838073243e-01 -1.927313636190e-02 -1.055431217776e+00
 -8.759545350303e-01  2.821838073243e-01 -1.927313636190e-02 -1.055431217776e+00  -8.857158553746e-01  2.683935704304e-01 -1.663097651257e-02 -1.065376329143e+00
 -8.857158553746e-01  2.683935704304e-01 -1.663097651257e-02 -1.065376329143e+00  -9.084533995484e-01  2.359258985953e-01 -1.013859471874e-02 -1.088243381272e+00
 -9.084533995484e-01  2.359258985953e-01 -1.013859471874e-02 -1.088243381272e+00  -9.400252629115e-01  1.900355340829e-01 -3.504224117901e-04 -1.119203121828e+00
 -9.400252629115e-01  1.900355340829e-01 -3.504224117901e-04 -1.119203121828e+00  -9.401801160863e-01  1.898081247596e-01 -3.002387358947e-04 -1.119352446635e+00
 -9.401801160863e-01  1.898081247596e-01 -3.002387358947e-04 -1.119352446635e+00  -9.402826661408e-01  1.896575098238e-01 -2.669927767915e-04 -1.119451323480e+00
 -9.402826661408e-01  1.896575098238e-01 -2.669927767915e-04 -1.119451323480e+00  -9.692129227800e-01  1.467686009525e-01  9.471649648346e-03 -1.146860376332e+00
 -9.692129227800e-01  1.467686009525e-01  9.471649648346e-03 -1.146860376332e+00  -9.884656900166e-01  1.177844625926e-01  1.633528786036e-02 -1.164516428922e+00
 -9.884656900166e-01  1.177844625926e-01  1.633528786036e-02 -1.164516428922e+00  -9.969363036534e-01  1.049204975202e-01  1.944654829911e-02 -1.172121313420e+00
 -9.969363036534e-01  1.049204975202e-01  1.944654829911e-02 -1.172121313420e+00  -1.008419598883e+00  8.737240145811e-02  2.374905918343e-02 -1.182260868269e+00
 -1.008419598883e+00  8.737240145811e-02  2.374905918343e-02 -1.182260868269e+00  -1.023830779243e+00  6.362567862844e-02  2.966764379008e-02 -1.195542672215e+00
 -1.023830779243e+00  6.362567862844e-02  2.966764379008e-02 -1.195542672215e+00  -1.034480774709e+00  4.708464537688e-02  3.384726729886e-02 -1.204489480900e+00
 -1.034480774709e+00  4.708464537688e-02  3.384726729886e-02 -1.204489480900e+00  -1.049843854076e+00  2.303685124148e-02  3.999239676391e-02 -1.217040297468e+00
 -1.049843854076e+00  2.303685124148e-02  3.999239676391e-02 -1.217040297468e+00  -1.069649547013e+00 -8.286215352107e-03  4.808695847000e-02 -1.232558251731e+00
 -1.069649547013e+00 -8.286215352107e-03  4.808695847000e-02 -1.232558251731e+00  -1.078629080794e+00 -2.260492177691e-02  5.180885561901e-02 -1.239332505871e+00
 -1.078629080794e+00 -2.260492177691e-02  5.180885561901e-02 -1.239332505871e+00  -1.109586859937e+00 -7.251656997898e-02  6.479731455741e-02 -1.261336552635e+00
 -1.109586859937e+00 -7.251656997898e-02  6.479731455741e-02 -1.261336552635e+00  -1.121189729187e+00 -9.143529155509e-02  6.969152272991e-02 -1.269009756183e+00
 -1.121189729187e+00 -9.143529155509e-02  6.969152272991e-02 -1.269009756183e+00  -1.124544333105e+00 -9.692592014447e-02  7.110552723348e-02 -1.271166876358e+00
 -1.124544333105e+00 -9.692592014447e-02  7.110552723348e-02 -1.271166876358e+00  -1.162423892548e+00 -1.595478035320e-01  8.689048757243e-02 -1.293514330618e+00
 -1.162423892548e+00 -1.595478035320e-01  8.689048757243e-02 -1.293514330618e+00  -1.173919746799e+00 -1.787678886910e-01  9.155484679379e-02 -1.299532441037e+00
 -1.173919746799e+00 -1.787678886910e-01  9.155484679379e-02 -1.299532441037e+00  -1.196867631510e+00 -2.174119777573e-01  1.005637745417e-01 -1.310427754827e+00
 -1.196867631510e+00 -2.174119777573e-01  1.005637745417e-01 -1.310427754827e+00  -1.219705236964e+00 -2.562122909218e-01  1.089839200170e-01 -1.319751845093e+00
 -1.219705236964e+00 -2.562122909218e-01  1.089839200170e-01 -1.319751845093e+00  -1.227478689482e+00 -2.694917578823e-01  1.116931874054e-01 -1.322574462981e+00
 -1.227478689482e+00 -2.694917578823e-01  1.116931874054e-01 -1.322574462981e+00  -1.243455620379e+00 -2.968944456780e-01  1.169645823283e-01 -1.327813483517e+00
 -1.243455620379e+00 -2.968944456780e-01  1.169645823283e-01 -1.327813483517e+00  -1.257281584595e+00 -3.207212388989e-01  1.211618382973e-01 -1.331738676765e+00
 -1.257281584595e+00 -3.207212388989e-01  1.211618382973e-01 -1.331738676765e+00  -1.263410314159e+00 -3.313154652969e-01  1.229022719945e-01 -1.333299582857e+00
 -1.263410314159e+00 -3.313154652969e-01  1.229022719945e-01 -1.333299582857e+00  -1.279497798606e+00 -3.592162755341e-01  1.270849356272e-01 -1.336881593548e+00
 -1.279497798606e+00 -3.592162755341e-01  1.270849356272e-01 -1.336881593548e+00  -1.305162458475e+00 -4.039957029711e-01  1.324650298480e-01 -1.341099328938e+00
 -1.305162458475e+00 -4.039957029711e-01  1.324650298480e-01 -1.341099328938e+00  -1.334017675934e+00 -4.547409721550e-01  1.363372388006e-01 -1.343791619134e+00
 -1.334017675934e+00 -4.547409721550e-01  1.363372388006e-01 -1.343791619134e+00  -1.345047683792e+00 -4.742570269894e-01  1.371418931527e-01 -1.344297200411e+00
 -1.345047683792e+00 -4.742570269894e-01  1.371418931527e-01 -1.344297200411e+00  -1.370484990518e+00 -5.195450290703e-01  1.374496601365e-01 -1.344487139147e+00
 -1.370484990518e+00 -5.195450290703e-01  1.374496601365e-01 -1.344487139147e+00  -1.384127336067e+00 -5.440148696392e-01  1.366779117497e-01 -1.344091993473e+00
 -1.384127336067e+00 -5.440148696392e-01  1.366779117497e-01 -1.344091993473e+00  -1.387465815496e+00 -5.500245486023e-01  1.363856583197e-01 -1.343948580519e+00
 -1.387465815496e+00 -5.500245486023e-01  1.363856583197e-01 -1.343948580519e+00  -1.423295832168e+00 -6.151489746236e-01  1.305934943304e-01 -1.341454950854e+00
 -1.423295832168e+00 -6.151489746236e-01  1.305934943304e-01 -1.341454950854e+00  -1.448160756145e+00 -6.611689891832e-01  1.236176100986e-01 -1.338972445469e+00
 -1.448160756145e+00 -6.611689891832e-01  1.236176100986e-01 -1.338972445469e+00  -1.462255764246e+00 -6.876369352632e-01  1.185537945828e-01 -1.337410987422e+00
 -1.462255764246e+00 -6.876369352632e-01  1.185537945828e-01 -1.337410987422e+00  -1.481791346193e+00 -7.248733310290e-01  1.101842022092e-01 -1.335175440609e+00
 -1.481791346193e+00 -7.248733310290e-01  1.101842022092e-01 -1.335175440609e+00  -1.500576535061e+00 -7.614006420024e-01  1.006354473658e-01 -1.333058717886e+00
 -1.500576535061e+00 -7.614006420024e-01  1.006354473658e-01 -1.333058717886e+00  -1.522570407461e+00 -8.052730131429e-01  8.755662410036e-02 -1.330780818518e+00
 -1.522570407461e+00 -8.052730131429e-01  8.755662410036e-02 -1.330780818518e+00  -1.538694305597e+00 -8.383648967374e-01  7.664376149417e-02 -1.329351776334e+00
 -1.538694305597e+00 -8.383648967374e-01  7.664376149417e-02 -1.329351776334e+00  -1.571589639904e+00 -9.090996177986e-01  5.078282485946e-02 -1.327418042553e+00
 -1.571589639904e+00 -9.090996177986e-01  5.078282485946e-02 -1.327418042553e+00  -1.576725104263e+00 -9.206328825607e-01  4.629198882375e-02 -1.327269284952e+00
 -1.576725104263e+00 -9.206328825607e-01  4.629198882375e-02 -1.327269284952e+00  -1.595624886533e+00 -9.645733076375e-01  2.863731079820e-02 -1.327171073448e+00
 -1.595624886533e+00 -9.645733076375e-01  2.863731079820e-02 -1.327171073448e+00  -1.613183650381e+00 -1.008072885367e+00  1.051621939121e-02 -1.327828549560e+00
 -1.613183650381e+00 -1.008072885367e+00  1.051621939121e-02 -1.327828549560e+00  -1.616717305245e+00 -1.017226693365e+00  6.647955639924e-03 -1.328063409103e+00
 -1.616717305245e+00 -1.017226693365e+00  6.647955639924e-03 -1.328063409103e+00  -1.622159636498e+00 -1.031641162564e+00  5.313914034200e-04 -1.328500664152e+00
 -1.622159636498e+00 -1.031641162564e+00  5.313914034200e-04 -1.328500664152e+00  -1.636934133317e+00 -1.073148416033e+00 -1.716028931757e-02 -1.330209744781e+00
 -1.636934133317e+00 -1.073148416033e+00 -1.716028931757e-02 -1.330209744781e+00  -1.645711496608e+00 -1.099995492886e+00 -2.856790508384e-02 -1.331654406037e+00
 -1.645711496608e+00 -1.099995492886e+00 -2.856790508384e-02 -1.331654406037e+00  -1.658144631661e+00 -1.142354113926e+00 -4.628936090611e-02 -1.334422928478e+00
 -1.658144631661e+00 -1.142354113926e+00 -4.628936090611e-02 -1.334422928478e+00  -1.671293930479e+00 -1.197415526784e+00 -6.832987265854e-02 -1.338759070202e+00
 -1.671293930479e+00 -1.197415526784e+00 -6.832987265854e-02 -1.338759070202e+00  -1.677312892992e+00 -1.230734720363e+00 -8.082102894235e-02 -1.341668538569e+00
 -1.677312892992e+00 -1.230734720363e+00 -8.082102894235e-02 -1.341668538569e+00  -1.684226290600e+00 -1.300017792219e+00 -1.038759725146e-01 -1.347968018478e+00
 -1.684226290600e+00 -1.300017792219e+00 -1.038759725146e-01 -1.347968018478e+00  -1.684642828899e+00 -1.325100340647e+00 -1.110615926387e-01 -1.350205299333e+00
 -1.684642828899e+00 -1.325100340647e+00 -1.110615926387e-01 -1.350205299333e+00  -1.681984345999e+00 -1.376361928252e+00 -1.238155129977e-01 -1.354554113956e+00
 -1.681984345999e+00 -1.376361928252e+00 -1.238155129977e-01 -1.354554113956e+00  -1.679930260265e+00 -1.395769745563e+00 -1.281344318218e-01 -1.356149477405e+00
 -1.679930260265e+00 -1.395769745563e+00 -1.281344318218e-01 -1.356149477405e+00  -1.679060777942e+00 -1.403029431621e+00 -1.297183082148e-01 -1.356751220238e+00
 -1.679060777942e+00 -1.403029431621e+00 -1.297183082148e-01 -1.356751220238e+00  -1.671262798827e+00 -1.472047763830e+00 -1.465310681905e-01 -1.363661660055e+00
 -1.671262798827e+00 -1.472047763830e+00 -1.465310681905e-01 -1.363661660055e+00  -1.671031720224e+00 -1.508430061048e+00 -1.594041895420e-01 -1.369451588771e+00
 -1.671031720224e+00 -1.508430061048e+00 -1.594041895420e-01 -1.369451588771e+00  -1.674408278915e+00 -1.537039354817e+00 -1.726615711530e-01 -1.375709165099e+00
 -1.674408278915e+00 -1.537039354817e+00 -1.726615711530e-01 -1.375709165099e+00  -1.679425731851e+00 -1.559466679362e+00 -1.850470018443e-01 -1.381757077807e+00
 -1.679425731851e+00 -1.559466679362e+00 -1.850470018443e-01 -1.381757077807e+00  -1.688828593109e+00 -1.588608538823e+00 -2.034916682305e-01 -1.391049451726e+00
 -1.688828593109e+00 -1.588608538823e+00 -2.034916682305e-01 -1.391049451726e+00  -1.705390884467e+00 -1.627172932012e+00 -2.311680590592e-01 -1.405509413975e+00
 -1.705390884467e+00 -1.627172932012e+00 -2.311680590592e-01 -1.405509413975e+00  -1.708099788925e+00 -1.632752895769e+00 -2.354152071587e-01 -1.407775988727e+00
 -1.708099788925e+00 -1.632752895769e+00 -2.354152071587e-01 -1.407775988727e+00  -1.716484870662e+00 -1.649257507905e+00 -2.482618053560e-01 -1.414701792900e+00
 -1.716484870662e+00 -1.649257507905e+00 -2.482618053560e-01 -1.414701792900e+00  -1.729618963523e+00 -1.673456465042e+00 -2.677301190177e-01 -1.425386118293e+00
 -1.729618963523e+00 -1.673456465042e+00 -2.677301190177e-01 -1.425386118293e+00  -1.733223230806e+00 -1.679847125923e+00 -2.729722540848e-01 -1.428299846423e+00
 -1.733223230806e+00 -1.679847125923e+00 -2.729722540848e-01 -1.428299846423e+00  -1.752257106192e+00 -1.712447326182e+00 -3.001847389413e-01 -1.443662215722e+00
 -1.752257106192e+00 -1.712447326182e+00 -3.001847389413e-01 -1.443662215722e+00  -1.761356593851e+00 -1.727570663709e+00 -3.130006279351e-01 -1.451029564873e+00
 -1.761356593851e+00 -1.727570663709e+00 -3.130006279351e-01 -1.451029564873e+00  -1.775424512981e+00 -1.750628088279e+00 -3.326725382533e-01 -1.462496741254e+00
 -1.775424512981e+00 -1.750628088279e+00 -3.326725382533e-01 -1.462496741254e+00  -1.789464947433e+00 -1.773447159270e+00 -3.522145664464e-01 -1.474074072908e+00
 -1.789464947433e+00 -1.773447159270e+00 -3.522145664464e-01 -1.474074072908e+00  -1.798765210612e+00 -1.788543608998e+00 -3.651446365377e-01 -1.481834576134e+00
 -1.798765210612e+00 -1.788543608998e+00 -3.651446365377e-01 -1.481834576134e+00  -1.817284494230e+00 -1.818750112528e+00 -3.909369051247e-01 -1.497551536129e+00
 -1.817284494230e+00 -1.818750112528e+00 -3.909369051247e-01 -1.497551536129e+00  -1.822038096408e+00 -1.826562923455e+00 -3.975789352224e-01 -1.501649956293e+00
 -1.822038096408e+00 -1.826562923455e+00 -3.975789352224e-01 -1.501649956293e+00  -1.844642920646e+00 -1.864249520967e+00 -4.293718538978e-01 -1.521558272348e+00
 -1.844642920646e+00 -1.864249520967e+00 -4.293718538978e-01 -1.521558272348e+00  -1.845063535353e+00 -1.864960983514e+00 -4.299675002938e-01 -1.521935877443e+00
 -1.845063535353e+00 -1.864960983514e+00 -4.299675002938e-01 -1.521935877443e+00  -1.847339805994e+00 -1.868818794916e+00 -4.331940477196e-01 -1.523984295408e+00
 -1.847339805994e+00 -1.868818794916e+00 -4.331940477196e-01 -1.523984295408e+00  -1.864994081301e+00 -1.899220933666e+00 -4.584151148293e-01 -1.540170699115e+00
 -1.864994081301e+00 -1.899220933666e+00 -4.584151148293e-01 -1.540170699115e+00  -1.867696772077e+00 -1.903959353762e+00 -4.623109008423e-01 -1.542698796461e+00
 -1.867696772077e+00 -1.903959353762e+00 -4.623109008423e-01 -1.542698796461e+00  -1.884270196031e+00 -1.933592027393e+00 -4.864413291203e-01 -1.558527010164e+00
 -1.884270196031e+00 -1.933592027393e+00 -4.864413291203e-01 -1.558527010164e+00  -1.889813546165e+00 -1.943748228922e+00 -4.946155365802e-01 -1.563955874784e+00
 -1.889813546165e+00 -1.943748228922e+00 -4.946155365802e-01 -1.563955874784e+00  -1.903102823142e+00 -1.968671644273e+00 -5.144572033638e-01 -1.577278021361e+00
 -1.903102823142e+00 -1.968671644273e+00 -5.144572033638e-01 -1.577278021361e+00  -1.911302111676e+00 -1.984498648892e+00 -5.268923687850e-01 -1.585733563103e+00
 -1.911302111676e+00 -1.984498648892e+00 -5.268923687850e-01 -1.585733563103e+00  -1.921405445926e+00 -2.004533290356e+00 -5.424458604246e-01 -1.596427582402e+00
 -1.921405445926e+00 -2.004533290356e+00 -5.424458604246e-01 -1.596427582402e+00  -1.932058800331e+00 -2.026369289784e+00 -5.591563237607e-01 -1.608066926293e+00
 -1.932058800331e+00 -2.026369289784e+00 -5.591563237607e-01 -1.608066926293e+00  -1.939099920306e+00 -2.041246966316e+00 -5.703966504845e-01 -1.615985614848e+00
 -1.939099920306e+00 -2.041246966316e+00 -5.703966504845e-01 -1.615985614848e+00  -1.951985754092e+00 -2.069509934474e+00 -5.914259963479e-01 -1.630999373959e+00
 -1.951985754092e+00 -2.069509934474e+00 -5.914259963479e-01 -1.630999373959e+00  -1.956115291696e+00 -2.078879471424e+00 -5.983042781544e-01 -1.635967642590e+00
 -1.956115291696e+00 -2.078879471424e+00 -5.983042781544e-01 -1.635967642590e+00  -1.970990030429e+00 -2.114062842098e+00 -6.237234384491e-01 -1.654582586072e+00
 -1.970990030429e+00 -2.114062842098e+00 -6.237234384491e-01 -1.654582586072e+00  -1.972387454863e+00 -2.117494093130e+00 -6.261682178128e-01 -1.656394512177e+00
 -1.972387454863e+00 -2.117494093130e+00 -6.261682178128e-01 -1.656394512177e+00  -1.980890363297e+00 -2.138892428185e+00 -6.412796935143e-01 -1.667680534317e+00
 -1.980890363297e+00 -2.138892428185e+00 -6.412796935143e-01 -1.667680534317e+00  -1.987816152824e+00 -2.157036392145e+00 -6.539133101142e-01 -1.677232178314e+00
 -1.987816152824e+00 -2.157036392145e+00 -6.539133101142e-01 -1.677232178314e+00  -1.988983493890e+00 -2.160162914007e+00 -6.560739056621e-01 -1.678876497119e+00
 -1.988983493890e+00 -2.160162914007e+00 -6.560739056621e-01 -1.678876497119e+00  -2.002351790532e+00 -2.197535907088e+00 -6.815360148843e-01 -1.698498269539e+00
 -2.002351790532e+00 -2.197535907088e+00 -6.815360148843e-01 -1.698498269539e+00  -2.005882861572e+00 -2.207937624172e+00 -6.885055165324e-01 -1.703949276777e+00
 -2.005882861572e+00 -2.207937624172e+00 -6.885055165324e-01 -1.703949276777e+00  -2.016002973073e+00 -2.239177061903e+00 -7.091411178325e-01 -1.720297746378e+00
 -2.016002973073e+00 -2.239177061903e+00 -7.091411178325e-01 -1.720297746378e+00  -2.021609228893e+00 -2.257507745046e+00 -7.210488697464e-01 -1.729877341644e+00
 -2.021609228893e+00 -2.257507745046e+00 -7.210488697464e-01 -1.729877341644e+00  -2.028728409271e+00 -2.282007479406e+00 -7.367405421279e-01 -1.742668954350e+00
 -2.028728409271e+00 -2.282007479406e+00 -7.367405421279e-01 -1.742668954350e+00  -2.036086282827e+00 -2.308990082415e+00 -7.537367796088e-01 -1.756745572435e+00
 -2.036086282827e+00 -2.308990082415e+00 -7.537367796088e-01 -1.756745572435e+00  -2.040489410646e+00 -2.326073309616e+00 -7.643479333290e-01 -1.765653960324e+00
 -2.040489410646e+00 -2.326073309616e+00 -7.643479333290e-01 -1.765653960324e+00  -2.049236418998e+00 -2.362503418614e+00 -7.866044060275e-01 -1.784648086112e+00
 -2.049236418998e+00 -2.362503418614e+00 -7.866044060275e-01 -1.784648086112e+00  -2.051247218953e+00 -2.371421543968e+00 -7.919780088952e-01 -1.789298269362e+00
 -2.051247218953e+00 -2.371421543968e+00 -7.919780088952e-01 -1.789298269362e+00  -2.060885748826e+00 -2.417724388764e+00 -8.194243551019e-01 -1.813452830407e+00
 -2.060885748826e+00 -2.417724388764e+00 -8.194243551019e-01 -1.813452830407e+00  -2.060954549259e+00 -2.418079432528e+00 -8.196319449940e-01 -1.813638144794e+00
 -2.060954549259e+00 -2.418079432528e+00 -8.196319449940e-01 -1.813638144794e+00  -2.060967213681e+00 -2.418144834602e+00 -8.196701797024e-01 -1.813672281079e+00
 -2.060967213681e+00 -2.418144834602e+00 -8.196701797024e-01 -1.813672281079e+00  -2.069020797623e+00 -2.462841399690e+00 -8.454673211948e-01 -1.837018771118e+00
 -2.069020797623e+00 -2.462841399690e+00 -8.454673211948e-01 -1.837018771118e+00  -2.070417485716e+00 -2.471338637535e+00 -8.502977992789e-01 -1.841461527348e+00
 -2.070417485716e+00 -2.471338637535e+00 -8.502977992789e-01 -1.841461527348e+00  -2.076020465939e+00 -2.508433519426e+00 -8.711174821564e-01 -1.860875260154e+00
 -2.076020465939e+00 -2.508433519426e+00 -8.711174821564e-01 -1.860875260154e+00  -2.078384009987e+00 -2.525910813506e+00 -8.807783611403e-01 -1.870033221698e+00
 -2.078384009987e+00 -2.525910813506e+00 -8.807783611403e-01 -1.870033221698e+00  -2.081915535961e+00 -2.554885382522e+00 -8.965894981216e-01 -1.885231811928e+00
 -2.081915535961e+00 -2.554885382522e+00 -8.965894981216e-01 -1.885231811928e+00  -2.084779778405e+00 -2.581952073150e+00 -9.111317058897e-01 -1.899447455488e+00
 -2.084779778405e+00 -2.581952073150e+00 -9.111317058897e-01 -1.899447455488e+00  -2.086651119981e+00 -2.602239709800e+00 -9.218890810543e-01 -1.910113315803e+00
 -2.086651119981e+00 -2.602239709800e+00 -9.218890810543e-01 -1.910113315803e+00  -2.089475821509e+00 -2.639601806870e+00 -9.413828199161e-01 -1.929776523499e+00
 -2.089475821509e+00 -2.639601806870e+00 -9.413828199161e-01 -1.929776523499e+00  -2.090150020131e+00 -2.650556586769e+00 -9.470208160187e-01 -1.935546174711e+00
 -2.090150020131e+00 -2.650556586769e+00 -9.470208160187e-01 -1.935546174711e+00  -2.092280893692e+00 -2.699070703340e+00 -9.715655402416e-01 -1.961112381498e+00
 -2.092280893692e+00 -2.699070703340e+00 -9.715655402416e-01 -1.961112381498e+00  -2.092305588479e+00 -2.699919020848e+00 -9.719885733029e-01 -1.961559565035e+00
 -2.092305588479e+00 -2.699919020848e+00 -9.719885733029e-01 -1.961559565035e+00  -2.092416049531e+00 -2.703921021385e+00 -9.739813389746e-01 -1.963669143099e+00
 -2.092416049531e+00 -2.703921021385e+00 -9.739813389746e-01 -1.963669143099e+00  -2.092971494512e+00 -2.750440905647e+00 -9.967961248958e-01 -1.988187285649e+00
 -2.092971494512e+00 -2.750440905647e+00 -9.967961248958e-01 -1.988187285649e+00  -2.092913539497e+00 -2.760253021517e+00 -1.001525375397e+00 -1.993356040544e+00
 -2.092913539497e+00 -2.760253021517e+00 -1.001525375397e+00 -1.993356040544e+00  -2.091946594915e+00 -2.802278797292e+00 -1.021448097278e+00 -2.015470550058e+00
 -2.091946594915e+00 -2.802278797292e+00 -1.021448097278e+00 -2.015470550058e+00  -2.090975477631e+00 -2.823969140315e+00 -1.031515765991e+00 -2.026862302843e+00
 -2.090975477631e+00 -2.823969140315e+00 -1.031515765991e+00 -2.026862302843e+00  -2.088949778868e+00 -2.855651493116e+00 -1.045951421740e+00 -2.043462278344e+00
 -2.088949778868e+00 -2.855651493116e+00 -1.045951421740e+00 -2.043462278344e+00  -2.085792152415e+00 -2.891002986796e+00 -1.061669474593e+00 -2.061909935719e+00
 -2.085792152415e+00 -2.891002986796e+00 -1.061669474593e+00 -2.061909935719e+00  -2.083577584349e+00 -2.910873020215e+00 -1.070317895423e+00 -2.072234298942e+00
 -2.083577584349e+00 -2.910873020215e+00 -1.070317895423e+00 -2.072234298942e+00  -2.076198500155e+00 -2.962649344246e+00 -1.092194050654e+00 -2.098937936034e+00
 -2.076198500155e+00 -2.962649344246e+00 -1.092194050654e+00 -2.098937936034e+00  -2.075223706647e+00 -2.968415284490e+00 -1.094569005957e+00 -2.101890313234e+00
 -2.075223706647e+00 -2.968415284490e+00 -1.094569005957e+00 -2.101890313234e+00  -2.071426077334e+00 -2.989260268353e+00 -1.103048267153e+00 -2.112521087082e+00
 -2.071426077334e+00 -2.989260268353e+00 -1.103048267153e+00 -2.112521087082e+00  -2.064655938208e+00 -3.021518362814e+00 -1.115829043422e+00 -2.128822250272e+00
 -2.064655938208e+00 -3.021518362814e+00 -1.115829043422e+00 -2.128822250272e+00  -2.062912220823e+00 -3.029037878809e+00 -1.118746445443e+00 -2.132592253938e+00
 -2.062912220823e+00 -3.029037878809e+00 -1.118746445443e+00 -2.132592253938e+00  -2.051389131629e+00 -3.072856620046e+00 -1.135254307503e+00 -2.154292793884e+00
 -2.051389131629e+00 -3.072856620046e+00 -1.135254307503e+00 -2.154292793884e+00  -2.044890249853e+00 -3.094105122124e+00 -1.142939048316e+00 -2.164623084673e+00
 -2.044890249853e+00 -3.094105122124e+00 -1.142939048316e+00 -2.164623084673e+00  -2.033568683662e+00 -3.126817460640e+00 -1.154325692925e+00 -2.180223962902e+00
 -2.033568683662e+00 -3.126817460640e+00 -1.154325692925e+00 -2.180223962902e+00  -2.017344586968e+00 -3.166584952394e+00 -1.167372722831e+00 -2.198580794753e+00
 -5.365436059211e-01 -1.007460334072e+00  1.182891905010e+00 -1.363286007167e+00  -5.363014666092e-01 -1.006844843126e+00  1.178721147888e+00 -1.455742311928e+00
 -5.363014666092e-01 -1.006844843126e+00  1.178721147888e+00 -1.455742311928e+00  -5.360163868650e-01 -1.006268660170e+00  1.167205608705e+00 -1.544743774502e+00
 -5.360163868650e-01 -1.006268660170e+00  1.167205608705e+00 -1.544743774502e+00  -5.353661286262e-01 -1.005249161909e+00  1.124492627817e+00 -1.710467846502e+00
 -5.353661286262e-01 -1.005249161909e+00  1.124492627817e+00 -1.710467846502e+00  -5.350061202228e-01 -1.004788968134e+00  1.093247094177e+00 -1.789556418672e+00
 -5.350061202228e-01 -1.004788968134e+00  1.093247094177e+00 -1.789556418672e+00  -5.346322296543e-01 -1.004363690102e+00  1.055775769459e+00 -1.865329701069e+00
 -5.346322296543e-01 -1.004363690102e+00  1.055775769459e+00 -1.865329701069e+00  -5.338649428968e-01 -1.003616298995e+00  9.638405184966e-01 -2.004882831933e+00
 -5.338649428968e-01 -1.003616298995e+00  9.638405184966e-01 -2.004882831933e+00  -5.334638846243e-01 -1.003278490864e+00  9.080477901816e-01 -2.070402189527e+00
 -5.334638846243e-01 -1.003278490864e+00  9.080477901816e-01 -2.070402189527e+00  -5.330553767960e-01 -1.002965067370e+00  8.459176281517e-01 -2.132202277932e+00
 -5.330553767960e-01 -1.002965067370e+00  8.459176281517e-01 -2.132202277932e+00  -5.322262468881e-01 -1.002410714380e+00  7.038709274881e-01 -2.242281970141e+00
 -5.322262468881e-01 -1.002410714380e+00  7.038709274881e-01 -2.242281970141e+00  -5.317924329497e-01 -1.002159111052e+00  6.213150800234e-01 -2.291436692974e+00
 -5.317924329497e-01 -1.002159111052e+00  6.213150800234e-01 -2.291436692974e+00  -5.313478518589e-01 -1.001925955104e+00  5.310482481893e-01 -2.335523714082e+00
 -5.313478518589e-01 -1.001925955104e+00  5.310482481893e-01 -2.335523714082e+00  -5.304330127593e-01 -1.001518743135e+00  3.278990825334e-01 -2.405127063277e+00
 -5.304330127593e-01 -1.001518743135e+00  3.278990825334e-01 -2.405127063277e+00  -5.299465461848e-01 -1.001339602739e+00  2.106179938565e-01 -2.429885859562e+00
 -5.299465461848e-01 -1.001339602739e+00  2.106179938565e-01 -2.429885859562e+00  -5.294423397143e-01 -1.001180114382e+00  8.242219293722e-02 -2.445998127367e+00
 -5.294423397143e-01 -1.001180114382e+00  8.242219293722e-02 -2.445998127367e+00  -5.283889703359e-01 -1.000931116139e+00 -2.067957856568e-01 -2.445900924242e+00
 -5.283889703359e-01 -1.000931116139e+00 -2.067957856568e-01 -2.445900924242e+00  -5.278225969560e-01 -1.000844267338e+00 -3.737711588840e-01 -2.425385836117e+00
 -5.278225969560e-01 -1.000844267338e+00 -3.737711588840e-01 -2.425385836117e+00  -5.272337127386e-01 -1.000789643834e+00 -5.548302649658e-01 -2.387641235682e+00
 -5.272337127386e-01 -1.000789643834e+00 -5.548302649658e-01 -2.387641235682e+00  -5.260105840833e-01 -1.000799456500e+00 -9.447639683798e-01 -2.253801254153e+00
 -5.260105840833e-01 -1.000799456500e+00 -9.447639683798e-01 -2.253801254153e+00  -5.253662002892e-01 -1.000878251065e+00 -1.147534734921e+00 -2.155163192877e+00
 -5.253662002892e-01 -1.000878251065e+00 -1.147534734921e+00 -2.155163192877e+00  -5.247141558496e-01 -1.001017448867e+00 -1.341836860911e+00 -2.039806351748e+00
 -5.247141558496e-01 -1.001017448867e+00 -1.341836860911e+00 -2.039806351748e+00  -5.234497372355e-01 -1.001500505088e+00 -1.670229779651e+00 -1.786050549867e+00
 -5.234497372355e-01 -1.001500505088e+00 -1.670229779651e+00 -1.786050549867e+00  -5.228510046513e-01 -1.001863664873e+00 -1.802393256065e+00 -1.654517378125e+00
 -5.228510046513e-01 -1.001863664873e+00 -1.802393256065e+00 -1.654517378125e+00  -5.223064964969e-01 -1.002309956361e+00 -1.912130712586e+00 -1.525366235025e+00
 -5.223064964969e-01 -1.002309956361e+00 -1.912130712586e+00 -1.525366235025e+00  -5.214689088178e-01 -1.003414991324e+00 -2.071869681828e+00 -1.282474633702e+00
 -5.214689088178e-01 -1.003414991324e+00 -2.071869681828e+00 -1.282474633702e+00  -5.211941693038e-01 -1.004064548475e+00 -2.128828586629e+00 -1.166109147749e+00
 -5.211941693038e-01 -1.004064548475e+00 -2.128828586629e+00 -1.166109147749e+00  -5.210288925341e-01 -1.004749975433e+00 -2.172367398206e+00 -1.054244824253e+00
 -5.210288925341e-01 -1.004749975433e+00 -2.172367398206e+00 -1.054244824253e+00  -5.210049608347e-01 -1.006129596505e+00 -2.224976123753e+00 -8.459980931304e-01
 -5.210049608347e-01 -1.006129596505e+00 -2.224976123753e+00 -8.459980931304e-01  -5.211235080189e-01 -1.006809475368e+00 -2.237136338397e+00 -7.463125650591e-01
 -5.211235080189e-01 -1.006809475368e+00 -2.237136338397e+00 -7.463125650591e-01  -5.213111615041e-01 -1.007460332384e+00 -2.240738467615e+00 -6.503383921097e-01
 -5.213111615041e-01 -1.007460332384e+00 -2.240738467615e+00 -6.503383921097e-01  -5.218312754649e-01 -1.008635734975e+00 -2.225262335764e+00 -4.713619481167e-01
 -5.218312754649e-01 -1.008635734975e+00 -2.225262335764e+00 -4.713619481167e-01  -5.221485953554e-01 -1.009172246622e+00 -2.206915185830e+00 -3.856889623508e-01
 -5.221485953554e-01 -1.009172246622e+00 -2.206915185830e+00 -3.856889623508e-01  -5.224904805598e-01 -1.009669376014e+00 -2.181959878686e+00 -3.033407734722e-01
 -5.224904805598e-01 -1.009669376014e+00 -2.181959878686e+00 -3.033407734722e-01  -5.232143810987e-01 -1.010542719509e+00 -2.114181327317e+00 -1.505955891506e-01
 -5.232143810987e-01 -1.010542719509e+00 -2.114181327317e+00 -1.505955891506e-01  -5.235989145861e-01 -1.010936293270e+00 -2.070646535007e+00 -7.813436408145e-02
 -5.235989145861e-01 -1.010936293270e+00 -2.070646535007e+00 -7.813436408145e-02  -5.239922883731e-01 -1.011300493483e+00 -2.020971687051e+00 -9.109266176291e-03
 -5.239922883731e-01 -1.011300493483e+00 -2.020971687051e+00 -9.109266176291e-03  -5.247907891489e-01 -1.011942802121e+00 -1.904662305056e+00  1.164714863630e-01
 -5.247907891489e-01 -1.011942802121e+00 -1.904662305056e+00  1.164714863630e-01  -5.252069073739e-01 -1.012234161824e+00 -1.836073630873e+00  1.743859942332e-01
 -5.252069073739e-01 -1.012234161824e+00 -1.836073630873e+00  1.743859942332e-01  -5.256314159587e-01 -1.012504854341e+00 -1.760643896509e+00  2.280738148704e-01
 -5.256314159587e-01 -1.012504854341e+00 -1.760643896509e+00  2.280738148704e-01  -5.264977914881e-01 -1.012982979501e+00 -1.590188507876e+00  3.200457553886e-01
 -5.264977914881e-01 -1.012982979501e+00 -1.590188507876e+00  3.200457553886e-01  -5.269545317909e-01 -1.013198399415e+00 -1.491723392215e+00  3.585421794922e-01
 -5.269545317909e-01 -1.013198399415e+00 -1.491723392215e+00  3.585421794922e-01  -5.274253253195e-01 -1.013395834307e+00 -1.384216607248e+00  3.906058940726e-01
 -5.274253253195e-01 -1.013395834307e+00 -1.384216607248e+00  3.906058940726e-01  -5.284024401786e-01 -1.013729845463e+00 -1.142104872755e+00  4.309308128346e-01
 -5.284024401786e-01 -1.013729845463e+00 -1.142104872755e+00  4.309308128346e-01  -5.289259000000e-01 -1.013868124429e+00 -1.002051118733e+00  4.369642735600e-01
 -5.289259000000e-01 -1.013868124429e+00 -1.002051118733e+00  4.369642735600e-01  -5.294704206442e-01 -1.013982266646e+00 -8.488691734201e-01  4.308124325961e-01
 -5.294704206442e-01 -1.013982266646e+00 -8.488691734201e-01  4.308124325961e-01  -5.306098875393e-01 -1.014121850817e+00 -5.055872483459e-01  3.733733542951e-01
 -5.306098875393e-01 -1.014121850817e+00 -5.055872483459e-01  3.733733542951e-01  -5.312202212619e-01 -1.014139129519e+00 -3.121283969341e-01  3.161414949874e-01
 -5.312202212619e-01 -1.014139129519e+00 -3.121283969341e-01  3.161414949874e-01  -5.318499373905e-01 -1.014111837100e+00 -1.103025240390e-01  2.376737043976e-01
 -5.318499373905e-01 -1.014111837100e+00 -1.103025240390e-01  2.376737043976e-01  -5.331287222487e-01 -1.013896898510e+00  2.814276033841e-01  2.655891742080e-02
 -5.331287222487e-01 -1.013896898510e+00  2.814276033841e-01  2.655891742080e-02  -5.337780131650e-01 -1.013689995122e+00  4.589562762892e-01 -9.956117481254e-02
 -5.337780131650e-01 -1.013689995122e+00  4.589562762892e-01 -9.956117481254e-02  -5.344105207898e-01 -1.013407087910e+00  6.143429508331e-01 -2.306647233900e-01
 -5.344105207898e-01 -1.013407087910e+00  6.143429508331e-01 -2.306647233900e-01  -5.355383191134e-01 -1.012608696262e+00  8.529204714034e-01 -4.878041303806e-01
 -5.355383191134e-01 -1.012608696262e+00  8.529204714034e-01 -4.878041303806e-01  -5.360091712344e-01 -1.012083732065e+00  9.427547661615e-01 -6.131602175763e-01
 -5.360091712344e-01 -1.012083732065e+00  9.427547661615e-01 -6.131602175763e-01  -5.363873747519e-01 -1.011488461432e+00  1.014895427090e+00 -7.340589938759e-01
 -5.363873747519e-01 -1.011488461432e+00  1.014895427090e+00 -7.340589938759e-01  -5.368213795819e-01 -1.010171544074e+00  1.114003217361e+00 -9.591675625359e-01
 -5.368213795819e-01 -1.010171544074e+00  1.114003217361e+00 -9.591675625359e-01  -5.368819105050e-01 -1.009470735485e+00  1.145912512197e+00 -1.066781485496e+00
 -5.368819105050e-01 -1.009470735485e+00  1.145912512197e+00 -1.066781485496e+00  -5.368457497970e-01 -1.008772958178e+00  1.167351842264e+00 -1.170302353205e+00
 -5.368457497970e-01 -1.008772958178e+00  1.167351842264e+00 -1.170302353205e+00  -5.365436059211e-01 -1.007460334072e+00  1.182891905010e+00 -1.363286007167e+00
