LENS PARMS:
   alpha 4.110707e-01 6.231697e-02 3.422431e-03 5.558948e-01 5.618475e+01 8.076018e-02 -1.307103e+01 0.0 0.0 1.000000e+00
SOURCE PARMS:
   ptsrc 2.211723e-01 -1.862299e-02 -1.636522e-02 0.0 0.0 0.0 0.0 0.0
CHISQ: 9.994875e-05 9.776804e-05 2.180714e-06 0.000000e+00 3.895118e-13 0.000000e+00 0.000000e+00 0.000000e+00 0.000000e+00 # tot pos flux tdel gal plim crv ring weak

Source #1
  posn: -1.862299e-02 -1.636522e-02
  flux:  2.211723e-01
     h:  7.000000e-01
tscale:  1.000000e+00
images:
   0.3840  -0.1560 (6.0e-03)   1.3680 ( 1.00e+03)   0.00 (0.0e+00) ->   0.3840  -0.1560   0.2777   0.1526
  -0.1260   0.4020 (6.0e-03)   1.4450 ( 1.00e+03)   0.00 (0.0e+00) ->  -0.1260   0.4020   1.4217   0.0967
   0.1080   0.4320 (6.0e-03)   1.4280 ( 1.00e+03)   0.00 (0.0e+00) ->   0.1080   0.4320   1.8700   0.0949
  -0.4200  -0.3120 (6.0e-03)   1.4420 ( 1.00e+03)   0.00 (0.0e+00) ->  -0.4200  -0.3120   0.5498   0.0000


