#
# Columns: x1 y1 u1 v1 x2 y2 u2 v2
#
# To plot the image plane curves, connect each (x1,y1)
# to the (x2,y2) on the same line -- do *not* connect
# consecutive lines!
#
# To plot the source plane curves, do the same for
# (u1,v1) and (u2,v2).
#
 -1.233894652433e-01 -2.811759270727e-01  1.634277591515e-01  1.216773958237e-01  -1.220989696577e-01 -2.822288159884e-01  1.632880818855e-01  1.214373703754e-01
 -1.220989696577e-01 -2.822288159884e-01  1.632880818855e-01  1.214373703754e-01  -1.421702230317e-01 -2.653196854918e-01  1.653607796030e-01  1.247622195908e-01
 -1.421702230317e-01 -2.653196854918e-01  1.653607796030e-01  1.247622195908e-01  -1.449560921729e-01 -2.628820066227e-01  1.656260006235e-01  1.251515386892e-01
 -1.449560921729e-01 -2.628820066227e-01  1.656260006235e-01  1.251515386892e-01  -1.484934971238e-01 -2.597547379086e-01  1.659522275832e-01  1.256191524831e-01
 -1.484934971238e-01 -2.597547379086e-01  1.659522275832e-01  1.256191524831e-01  -1.657234011487e-01 -2.440127804333e-01  1.673288465497e-01  1.274502962171e-01
 -1.657234011487e-01 -2.440127804333e-01  1.673288465497e-01  1.274502962171e-01  -1.732603981904e-01 -2.368639500636e-01  1.677900976644e-01  1.280073370670e-01
 -1.732603981904e-01 -2.368639500636e-01  1.677900976644e-01  1.280073370670e-01  -1.856123936637e-01 -2.248126279991e-01  1.683026423226e-01  1.285832708407e-01
 -1.856123936637e-01 -2.248126279991e-01  1.683026423226e-01  1.285832708407e-01  -2.014393129125e-01 -2.087913586623e-01  1.684049960868e-01  1.286930716936e-01
 -2.014393129125e-01 -2.087913586623e-01  1.684049960868e-01  1.286930716936e-01  -2.051205609312e-01 -2.049769990902e-01  1.683225063490e-01  1.286167923402e-01
 -2.051205609312e-01 -2.049769990902e-01  1.683225063490e-01  1.286167923402e-01  -2.113510419124e-01 -1.984501363929e-01  1.680793664391e-01  1.284010534616e-01
 -2.113510419124e-01 -1.984501363929e-01  1.680793664391e-01  1.284010534616e-01  -2.247516605319e-01 -1.841288670698e-01  1.670691151123e-01  1.275779481661e-01
 -2.247516605319e-01 -1.841288670698e-01  1.670691151123e-01  1.275779481661e-01  -2.355936616395e-01 -1.722863086539e-01  1.657070303099e-01  1.265742179663e-01
 -2.355936616395e-01 -1.722863086539e-01  1.657070303099e-01  1.265742179663e-01  -2.445085676140e-01 -1.623976240840e-01  1.641835740641e-01  1.255446476694e-01
 -2.445085676140e-01 -1.623976240840e-01  1.641835740641e-01  1.255446476694e-01  -2.504846664647e-01 -1.557001209770e-01  1.629454404518e-01  1.247624907097e-01
 -2.504846664647e-01 -1.557001209770e-01  1.629454404518e-01  1.247624907097e-01  -2.644169039649e-01 -1.398963349739e-01  1.593466589066e-01  1.226992921646e-01
 -2.644169039649e-01 -1.398963349739e-01  1.593466589066e-01  1.226992921646e-01  -2.661331890929e-01 -1.379326602086e-01  1.588323007571e-01  1.224256927073e-01
 -2.661331890929e-01 -1.379326602086e-01  1.588323007571e-01  1.224256927073e-01  -2.850643503840e-01 -1.160547055911e-01  1.520954197878e-01  1.192204327177e-01
 -2.850643503840e-01 -1.160547055911e-01  1.520954197878e-01  1.192204327177e-01  -2.859421164391e-01 -1.150311075078e-01  1.517353785395e-01  1.190662398060e-01
 -2.859421164391e-01 -1.150311075078e-01  1.517353785395e-01  1.190662398060e-01  -2.940018650713e-01 -1.055956656189e-01  1.482317340256e-01  1.176422599660e-01
 -2.940018650713e-01 -1.055956656189e-01  1.482317340256e-01  1.176422599660e-01  -3.058985168728e-01 -9.154719675466e-02  1.424134695553e-01  1.155498121732e-01
 -3.058985168728e-01 -9.154719675466e-02  1.424134695553e-01  1.155498121732e-01  -3.070955085006e-01 -9.012551416154e-02  1.417858684003e-01  1.153422877879e-01
 -3.070955085006e-01 -9.012551416154e-02  1.417858684003e-01  1.153422877879e-01  -3.170966379507e-01 -7.818549516845e-02  1.362460985286e-01  1.136477531809e-01
 -3.170966379507e-01 -7.818549516845e-02  1.362460985286e-01  1.136477531809e-01  -3.260120345676e-01 -6.744284396867e-02  1.308707187518e-01  1.122186644033e-01
 -3.260120345676e-01 -6.744284396867e-02  1.308707187518e-01  1.122186644033e-01  -3.280566721852e-01 -6.496496037468e-02  1.295811963661e-01  1.119046862760e-01
 -3.280566721852e-01 -6.496496037468e-02  1.295811963661e-01  1.119046862760e-01  -3.305716870643e-01 -6.190935531220e-02  1.279664402043e-01  1.115264388743e-01
 -3.305716870643e-01 -6.190935531220e-02  1.279664402043e-01  1.115264388743e-01  -3.390719410021e-01 -5.151559124894e-02  1.222793707752e-01  1.103199524014e-01
 -3.390719410021e-01 -5.151559124894e-02  1.222793707752e-01  1.103199524014e-01  -3.463221496711e-01 -4.256214557259e-02  1.171552620405e-01  1.093898014684e-01
 -3.463221496711e-01 -4.256214557259e-02  1.171552620405e-01  1.093898014684e-01  -3.503275045902e-01 -3.757761131516e-02  1.142193134141e-01  1.089195175632e-01
 -3.503275045902e-01 -3.757761131516e-02  1.142193134141e-01  1.089195175632e-01  -3.554240203967e-01 -3.119257485696e-02  1.103776482415e-01  1.083695777118e-01
 -3.554240203967e-01 -3.119257485696e-02  1.103776482415e-01  1.083695777118e-01  -3.622799120725e-01 -2.252195648108e-02  1.050265476684e-01  1.077213105416e-01
 -3.622799120725e-01 -2.252195648108e-02  1.050265476684e-01  1.077213105416e-01  -3.682362774224e-01 -1.490614453827e-02  1.002106246077e-01  1.072492112321e-01
 -3.682362774224e-01 -1.490614453827e-02  1.002106246077e-01  1.072492112321e-01  -3.745947621674e-01 -6.682741836404e-03  9.490207142278e-02  1.068448771254e-01
 -3.745947621674e-01 -6.682741836404e-03  9.490207142278e-02  1.068448771254e-01  -3.821066562081e-01  3.169577035972e-03  8.841220382739e-02  1.065078670768e-01
 -3.821066562081e-01  3.169577035972e-03  8.841220382739e-02  1.065078670768e-01  -3.868799253220e-01  9.514740897364e-03  8.416748535303e-02  1.063770409421e-01
 -3.868799253220e-01  9.514740897364e-03  8.416748535303e-02  1.063770409421e-01  -3.904306062786e-01  1.428090749174e-02  8.094975431307e-02  1.063234634269e-01
 -3.904306062786e-01  1.428090749174e-02  8.094975431307e-02  1.063234634269e-01  -3.991296834674e-01  2.613949855036e-02  7.285117715134e-02  1.063566336079e-01
 -3.991296834674e-01  2.613949855036e-02  7.285117715134e-02  1.063566336079e-01  -4.108884306894e-01  4.263334811828e-02  6.142083699248e-02  1.067944885246e-01
 -4.108884306894e-01  4.263334811828e-02  6.142083699248e-02  1.067944885246e-01  -4.112035133313e-01  4.308348946791e-02  6.110689924073e-02  1.068127446722e-01
 -4.112035133313e-01  4.308348946791e-02  6.110689924073e-02  1.068127446722e-01  -4.113371572754e-01  4.327455226745e-02  6.097361995327e-02  1.068205939080e-01
 -4.113371572754e-01  4.327455226745e-02  6.097361995327e-02  1.068205939080e-01  -4.197859775320e-01  5.552800360203e-02  5.240042731783e-02  1.074475247354e-01
 -4.197859775320e-01  5.552800360203e-02  5.240042731783e-02  1.074475247354e-01  -4.234938995873e-01  6.102184409292e-02  4.854527844904e-02  1.078064041948e-01
 -4.234938995873e-01  6.102184409292e-02  4.854527844904e-02  1.078064041948e-01  -4.284062239589e-01  6.842044307551e-02  4.334907288926e-02  1.083639850183e-01
 -4.284062239589e-01  6.842044307551e-02  4.334907288926e-02  1.083639850183e-01  -4.355892345930e-01  7.951021189631e-02  3.556374437515e-02  1.093551571611e-01
 -4.355892345930e-01  7.951021189631e-02  3.556374437515e-02  1.093551571611e-01  -4.370428601555e-01  8.179705605193e-02  3.396039827895e-02  1.095821477586e-01
 -4.370428601555e-01  8.179705605193e-02  3.396039827895e-02  1.095821477586e-01  -4.407252231133e-01  8.765952807970e-02  2.985552668245e-02  1.101984528006e-01
 -4.407252231133e-01  8.765952807970e-02  2.985552668245e-02  1.101984528006e-01  -4.455987456080e-01  9.558206759824e-02  2.432460134881e-02  1.111081579185e-01
 -4.455987456080e-01  9.558206759824e-02  2.432460134881e-02  1.111081579185e-01  -4.476091561059e-01  9.890868521100e-02  2.200923064932e-02  1.115157866846e-01
 -4.476091561059e-01  9.890868521100e-02  2.200923064932e-02  1.115157866846e-01  -4.540746561773e-01  1.098621721458e-01  1.442210445989e-02  1.129613920327e-01
 -4.540746561773e-01  1.098621721458e-01  1.442210445989e-02  1.129613920327e-01  -4.595344174082e-01  1.194495373789e-01  7.836751169392e-03  1.143515857732e-01
 -4.595344174082e-01  1.194495373789e-01  7.836751169392e-03  1.143515857732e-01  -4.624969232681e-01  1.247978446397e-01  4.189563350778e-03  1.151753613443e-01
 -4.624969232681e-01  1.247978446397e-01  4.189563350778e-03  1.151753613443e-01  -4.696115661481e-01  1.381250304347e-01 -4.803647024843e-03  1.173700456016e-01
 -4.696115661481e-01  1.381250304347e-01 -4.803647024843e-03  1.173700456016e-01  -4.707902903841e-01  1.404063515165e-01 -6.328213516606e-03  1.177651305287e-01
 -4.707902903841e-01  1.404063515165e-01 -6.328213516606e-03  1.177651305287e-01  -4.712605115391e-01  1.413227891564e-01 -6.939340657595e-03  1.179253769483e-01
 -4.712605115391e-01  1.413227891564e-01 -6.939340657595e-03  1.179253769483e-01  -4.786604559602e-01  1.562728327217e-01 -1.679624846759e-02  1.206585539483e-01
 -4.786604559602e-01  1.562728327217e-01 -1.679624846759e-02  1.206585539483e-01  -4.822307555355e-01  1.638932734732e-01 -2.173261478008e-02  1.221329144995e-01
 -4.822307555355e-01  1.638932734732e-01 -2.173261478008e-02  1.221329144995e-01  -4.862328428448e-01  1.728181809645e-01 -2.743139301151e-02  1.239233640445e-01
 -4.862328428448e-01  1.728181809645e-01 -2.743139301151e-02  1.239233640445e-01  -4.927009895888e-01  1.883053605093e-01 -3.709119026113e-02  1.271774521260e-01
 -4.927009895888e-01  1.883053605093e-01 -3.709119026113e-02  1.271774521260e-01  -4.934441951394e-01  1.901866051678e-01 -3.824353897585e-02  1.275842951943e-01
 -4.934441951394e-01  1.901866051678e-01 -3.824353897585e-02  1.275842951943e-01  -4.950835487755e-01  1.944238329942e-01 -4.082154651388e-02  1.285090601230e-01
 -4.950835487755e-01  1.944238329942e-01 -4.082154651388e-02  1.285090601230e-01  -5.002048076325e-01  2.085826126149e-01 -4.925288267005e-02  1.316763013979e-01
 -5.002048076325e-01  2.085826126149e-01 -4.925288267005e-02  1.316763013979e-01  -5.023674528853e-01  2.150871843756e-01 -5.302703958724e-02  1.331663612916e-01
 -5.023674528853e-01  2.150871843756e-01 -5.302703958724e-02  1.331663612916e-01  -5.063791542227e-01  2.283151716959e-01 -6.049708876028e-02  1.362516093996e-01
 -5.063791542227e-01  2.283151716959e-01 -6.049708876028e-02  1.362516093996e-01  -5.109975219518e-01  2.464838503663e-01 -7.027712963118e-02  1.405758833042e-01
 -5.109975219518e-01  2.464838503663e-01 -7.027712963118e-02  1.405758833042e-01  -5.117432990214e-01  2.498948048145e-01 -7.204740080158e-02  1.413947320825e-01
 -5.117432990214e-01  2.498948048145e-01 -7.204740080158e-02  1.413947320825e-01  -5.129299562904e-01  2.557491276928e-01 -7.503493424591e-02  1.428027678382e-01
 -5.129299562904e-01  2.557491276928e-01 -7.503493424591e-02  1.428027678382e-01  -5.151338944509e-01  2.687973310051e-01 -8.145327344979e-02  1.459428808077e-01
 -5.151338944509e-01  2.687973310051e-01 -8.145327344979e-02  1.459428808077e-01  -5.158717559420e-01  2.742915225436e-01 -8.405225324080e-02  1.472610898912e-01
 -5.158717559420e-01  2.742915225436e-01 -8.405225324080e-02  1.472610898912e-01  -5.171680560465e-01  2.876688597531e-01 -9.010866246549e-02  1.504442033790e-01
 -5.171680560465e-01  2.876688597531e-01 -9.010866246549e-02  1.504442033790e-01  -5.177177523736e-01  3.038917260646e-01 -9.690204223524e-02  1.542154666878e-01
 -5.177177523736e-01  3.038917260646e-01 -9.690204223524e-02  1.542154666878e-01  -5.176453653825e-01  3.088279082231e-01 -9.884103186374e-02  1.553345118207e-01
 -5.176453653825e-01  3.088279082231e-01 -9.884103186374e-02  1.553345118207e-01  -5.172289932477e-01  3.174834523810e-01 -1.020879300569e-01  1.572547496342e-01
 -5.172289932477e-01  3.174834523810e-01 -1.020879300569e-01  1.572547496342e-01  -5.153910154655e-01  3.336129480477e-01 -1.075838286498e-01  1.606515313475e-01
 -5.153910154655e-01  3.336129480477e-01 -1.075838286498e-01  1.606515313475e-01  -5.112882740172e-01  3.523581118003e-01 -1.129667857136e-01  1.641915684941e-01
 -5.112882740172e-01  3.523581118003e-01 -1.129667857136e-01  1.641915684941e-01  -5.060172531789e-01  3.678574794180e-01 -1.164879058961e-01  1.666555479299e-01
 -5.060172531789e-01  3.678574794180e-01 -1.164879058961e-01  1.666555479299e-01  -5.037282526801e-01  3.732382326311e-01 -1.174893918053e-01  1.673846422790e-01
 -5.037282526801e-01  3.732382326311e-01 -1.174893918053e-01  1.673846422790e-01  -4.860569154960e-01  4.025437896279e-01 -1.205510812819e-01  1.697372647466e-01
 -4.860569154960e-01  4.025437896279e-01 -1.205510812819e-01  1.697372647466e-01  -4.715693352129e-01  4.184752717798e-01 -1.200916750293e-01  1.693350373774e-01
 -4.715693352129e-01  4.184752717798e-01 -1.200916750293e-01  1.693350373774e-01  -4.540861543692e-01  4.328411359482e-01 -1.178901362034e-01  1.673004970856e-01
 -4.540861543692e-01  4.328411359482e-01 -1.178901362034e-01  1.673004970856e-01  -4.369673406719e-01  4.435980624932e-01 -1.147124361057e-01  1.641674104272e-01
 -4.369673406719e-01  4.435980624932e-01 -1.147124361057e-01  1.641674104272e-01  -4.313988998461e-01  4.465678662360e-01 -1.135301998744e-01  1.629551467508e-01
 -4.313988998461e-01  4.465678662360e-01 -1.135301998744e-01  1.629551467508e-01  -4.233264153324e-01  4.504886619422e-01 -1.117170655248e-01  1.610521033157e-01
 -4.233264153324e-01  4.504886619422e-01 -1.117170655248e-01  1.610521033157e-01  -4.054466672118e-01  4.577867440273e-01 -1.073755449017e-01  1.562950634639e-01
 -4.054466672118e-01  4.577867440273e-01 -1.073755449017e-01  1.562950634639e-01  -3.896613131623e-01  4.629088301479e-01 -1.032759586844e-01  1.515590767520e-01
 -3.896613131623e-01  4.629088301479e-01 -1.032759586844e-01  1.515590767520e-01  -3.798186011284e-01  4.655743475979e-01 -1.006330995518e-01  1.483842275506e-01
 -3.798186011284e-01  4.655743475979e-01 -1.006330995518e-01  1.483842275506e-01  -3.656038517113e-01  4.687994460429e-01 -9.673665901464e-02  1.435304173430e-01
 -3.656038517113e-01  4.687994460429e-01 -9.673665901464e-02  1.435304173430e-01  -3.568707504970e-01  4.704504610638e-01 -9.431106145148e-02  1.404038692209e-01
 -3.568707504970e-01  4.704504610638e-01 -9.431106145148e-02  1.404038692209e-01  -3.517621895754e-01  4.713088395582e-01 -9.288489132220e-02  1.385274299728e-01
 -3.517621895754e-01  4.713088395582e-01 -9.288489132220e-02  1.385274299728e-01  -3.355611111443e-01  4.735470026960e-01 -8.834412993839e-02  1.323605925803e-01
 -3.355611111443e-01  4.735470026960e-01 -8.834412993839e-02  1.323605925803e-01  -3.201849552363e-01  4.750494694162e-01 -8.403603878232e-02  1.262287159518e-01
 -3.201849552363e-01  4.750494694162e-01 -8.403603878232e-02  1.262287159518e-01  -3.153924564124e-01  4.754041046291e-01 -8.269825112834e-02  1.242664103159e-01
 -3.153924564124e-01  4.754041046291e-01 -8.269825112834e-02  1.242664103159e-01  -3.054868034975e-01  4.759767299416e-01 -7.994585159489e-02  1.201386053889e-01
 -3.054868034975e-01  4.759767299416e-01 -7.994585159489e-02  1.201386053889e-01  -2.954803302221e-01  4.763464934220e-01 -7.718813209435e-02  1.158757355423e-01
 -2.954803302221e-01  4.763464934220e-01 -7.718813209435e-02  1.158757355423e-01  -2.905663502603e-01  4.764549333365e-01 -7.584407241464e-02  1.137499727400e-01
 -2.905663502603e-01  4.764549333365e-01 -7.584407241464e-02  1.137499727400e-01  -2.759614701331e-01  4.765079917710e-01 -7.189699424591e-02  1.073145352203e-01
 -2.759614701331e-01  4.765079917710e-01 -7.189699424591e-02  1.073145352203e-01  -2.624682795283e-01  4.762189091210e-01 -6.832457960043e-02  1.012245524270e-01
 -2.624682795283e-01  4.762189091210e-01 -6.832457960043e-02  1.012245524270e-01  -2.573794976185e-01  4.760300850932e-01 -6.699836203302e-02  9.889463622527e-02
 -2.573794976185e-01  4.760300850932e-01 -6.699836203302e-02  9.889463622527e-02  -2.464804402239e-01  4.754852748977e-01 -6.420065469238e-02  9.384792591546e-02
 -2.464804402239e-01  4.754852748977e-01 -6.420065469238e-02  9.384792591546e-02  -2.394886927003e-01  4.750383529179e-01 -6.243868054683e-02  9.057233419622e-02
 -2.394886927003e-01  4.750383529179e-01 -6.243868054683e-02  9.057233419622e-02  -2.365089989052e-01  4.748254295805e-01 -6.169598556134e-02  8.916783831015e-02
 -2.365089989052e-01  4.748254295805e-01 -6.169598556134e-02  8.916783831015e-02  -2.221356038006e-01  4.736159421939e-01 -5.818631741431e-02  8.232636612616e-02
 -2.221356038006e-01  4.736159421939e-01 -5.818631741431e-02  8.232636612616e-02  -2.120913948959e-01  4.725976363789e-01 -5.580967743523e-02  7.748570336181e-02
 -2.120913948959e-01  4.725976363789e-01 -5.580967743523e-02  7.748570336181e-02  -2.054058306459e-01  4.718438595692e-01 -5.426446940091e-02  7.423928012740e-02
 -2.054058306459e-01  4.718438595692e-01 -5.426446940091e-02  7.423928012740e-02  -1.901289742151e-01  4.699016797890e-01 -5.084977022290e-02  6.675657487091e-02
 -1.901289742151e-01  4.699016797890e-01 -5.084977022290e-02  6.675657487091e-02  -1.888614107241e-01  4.697271354616e-01 -5.057396633767e-02  6.613208103284e-02
 -1.888614107241e-01  4.697271354616e-01 -5.057396633767e-02  6.613208103284e-02  -1.879092802218e-01  4.695947005538e-01 -5.036757355169e-02  6.566265626678e-02
 -1.879092802218e-01  4.695947005538e-01 -5.036757355169e-02  6.566265626678e-02  -1.665897632812e-01  4.663380086420e-01 -4.592627902362e-02  5.508514836342e-02
 -1.665897632812e-01  4.663380086420e-01 -4.592627902362e-02  5.508514836342e-02  -1.500473119176e-01  4.634395707073e-01 -4.272894031482e-02  4.680981596346e-02
 -1.500473119176e-01  4.634395707073e-01 -4.272894031482e-02  4.680981596346e-02  -1.451190971712e-01  4.625154124019e-01 -4.182038390840e-02  4.433668819846e-02
 -1.451190971712e-01  4.625154124019e-01 -4.182038390840e-02  4.433668819846e-02  -1.381562614925e-01  4.611631461791e-01 -4.057205923348e-02  4.083833920674e-02
 -1.381562614925e-01  4.611631461791e-01 -4.057205923348e-02  4.083833920674e-02  -1.243370229589e-01  4.583201688622e-01 -3.821970423163e-02  3.388660707094e-02
 -1.243370229589e-01  4.583201688622e-01 -3.821970423163e-02  3.388660707094e-02  -1.140263679260e-01  4.560633015759e-01 -3.657563894997e-02  2.869879031904e-02
 -1.140263679260e-01  4.560633015759e-01 -3.657563894997e-02  2.869879031904e-02  -1.041611404728e-01  4.537968707655e-01 -3.509347525535e-02  2.373974845218e-02
 -1.041611404728e-01  4.537968707655e-01 -3.509347525535e-02  2.373974845218e-02  -9.122233399727e-02  4.506671472436e-01 -3.328682500985e-02  1.725053067581e-02
 -9.122233399727e-02  4.506671472436e-01 -3.328682500985e-02  1.725053067581e-02  -8.467513195645e-02  4.490158960013e-01 -3.243286585461e-02  1.397635744357e-02
 -8.467513195645e-02  4.490158960013e-01 -3.243286585461e-02  1.397635744357e-02  -7.999085586323e-02  4.478066952288e-01 -3.184698574438e-02  1.163873473272e-02
 -7.999085586323e-02  4.478066952288e-01 -3.184698574438e-02  1.163873473272e-02  -6.624133285433e-02  4.441235245143e-01 -3.024925999429e-02  4.806026317272e-03
 -6.624133285433e-02  4.441235245143e-01 -3.024925999429e-02  4.806026317272e-03  -4.897362679762e-02  4.392139894146e-01 -2.850304542746e-02 -3.698987167742e-03
 -4.897362679762e-02  4.392139894146e-01 -2.850304542746e-02 -3.698987167742e-03  -4.866554262362e-02  4.391235074126e-01 -2.847453962015e-02 -3.849828179380e-03
 -4.866554262362e-02  4.391235074126e-01 -2.847453962015e-02 -3.849828179380e-03  -4.825035842865e-02  4.390014094424e-01 -2.843627151179e-02 -4.053052701705e-03
 -4.825035842865e-02  4.390014094424e-01 -2.843627151179e-02 -4.053052701705e-03  -3.147278669976e-02  4.339117449418e-01 -2.703160954010e-02 -1.220942417542e-02
 -3.147278669976e-02  4.339117449418e-01 -2.703160954010e-02 -1.220942417542e-02  -2.005311089341e-02  4.302714040556e-01 -2.623394187077e-02 -1.769167236856e-02
 -2.005311089341e-02  4.302714040556e-01 -2.623394187077e-02 -1.769167236856e-02  -1.504577948351e-02  4.286293937812e-01 -2.592461799875e-02 -2.007578876496e-02
 -1.504577948351e-02  4.286293937812e-01 -2.592461799875e-02 -2.007578876496e-02  -8.258576938423e-03  4.263585033776e-01 -2.554461672698e-02 -2.328677156279e-02
 -8.258576938423e-03  4.263585033776e-01 -2.554461672698e-02 -2.328677156279e-02   7.080630835540e-03  4.210306588213e-01 -2.485159512800e-02 -3.044989274612e-02
  7.080630835540e-03  4.210306588213e-01 -2.485159512800e-02 -3.044989274612e-02   2.860648268364e-02  4.130794805343e-01 -2.426257499078e-02 -4.025905366205e-02
  2.860648268364e-02  4.130794805343e-01 -2.426257499078e-02 -4.025905366205e-02   3.263697761662e-02  4.115266929250e-01 -2.420140241061e-02 -4.206138020554e-02
  3.263697761662e-02  4.115266929250e-01 -2.420140241061e-02 -4.206138020554e-02   4.311656160433e-02  4.073912421601e-01 -2.411376564644e-02 -4.669333767793e-02
  4.311656160433e-02  4.073912421601e-01 -2.411376564644e-02 -4.669333767793e-02   5.676771613924e-02  4.017848350856e-01 -2.415211329917e-02 -5.260390403668e-02
  5.676771613924e-02  4.017848350856e-01 -2.415211329917e-02 -5.260390403668e-02   6.231697116372e-02  3.994323132753e-01 -2.421619698974e-02 -5.496479288519e-02
  6.231697116372e-02  3.994323132753e-01 -2.421619698974e-02 -5.496479288519e-02   7.737398436558e-02  3.928258638690e-01 -2.452812934866e-02 -6.124258034157e-02
  7.737398436558e-02  3.928258638690e-01 -2.452812934866e-02 -6.124258034157e-02   9.373802047459e-02  3.852577271763e-01 -2.508949375533e-02 -6.784165662897e-02
  9.373802047459e-02  3.852577271763e-01 -2.508949375533e-02 -6.784165662897e-02   9.582834161021e-02  3.842605353240e-01 -2.517740485821e-02 -6.866705566296e-02
  9.582834161021e-02  3.842605353240e-01 -2.517740485821e-02 -6.866705566296e-02   9.872529148687e-02  3.828668019457e-01 -2.530518419388e-02 -6.980420074059e-02
  9.872529148687e-02  3.828668019457e-01 -2.530518419388e-02 -6.980420074059e-02   1.134798085452e-01  3.755509014344e-01 -2.606088296489e-02 -7.547063245069e-02
  1.134798085452e-01  3.755509014344e-01 -2.606088296489e-02 -7.547063245069e-02   1.235452265882e-01  3.703432493335e-01 -2.667378144174e-02 -7.921163807840e-02
  1.235452265882e-01  3.703432493335e-01 -2.667378144174e-02 -7.921163807840e-02   1.379876058370e-01  3.625465145508e-01 -2.768386257655e-02 -8.439328926750e-02
  1.379876058370e-01  3.625465145508e-01 -2.768386257655e-02 -8.439328926750e-02   1.515283977266e-01  3.548700257127e-01 -2.876203395488e-02 -8.904121924968e-02
  1.515283977266e-01  3.548700257127e-01 -2.876203395488e-02 -8.904121924968e-02   1.707758481556e-01  3.433065587036e-01 -3.049150183598e-02 -9.527195628376e-02
  1.707758481556e-01  3.433065587036e-01 -3.049150183598e-02 -9.527195628376e-02   1.775387110485e-01  3.390518927222e-01 -3.114805496233e-02 -9.734949201641e-02
  1.775387110485e-01  3.390518927222e-01 -3.114805496233e-02 -9.734949201641e-02   1.938822679546e-01  3.283348356148e-01 -3.282275501749e-02 -1.021118605555e-01
  1.938822679546e-01  3.283348356148e-01 -3.282275501749e-02 -1.021118605555e-01   2.021387011725e-01  3.226775146801e-01 -3.370795282517e-02 -1.043703119766e-01
  2.021387011725e-01  3.226775146801e-01 -3.370795282517e-02 -1.043703119766e-01   2.132361046604e-01  3.148052671730e-01 -3.492748359622e-02 -1.072385791108e-01
  2.132361046604e-01  3.148052671730e-01 -3.492748359622e-02 -1.072385791108e-01   2.257983752369e-01  3.055096061878e-01 -3.633152591102e-02 -1.102379252266e-01
  2.257983752369e-01  3.055096061878e-01 -3.633152591102e-02 -1.102379252266e-01   2.445226450517e-01  2.908661429070e-01 -3.841350854963e-02 -1.141734309813e-01
  2.445226450517e-01  2.908661429070e-01 -3.841350854963e-02 -1.141734309813e-01   2.483244002264e-01  2.877745423253e-01 -3.882630147592e-02 -1.148880190209e-01
  2.483244002264e-01  2.877745423253e-01 -3.882630147592e-02 -1.148880190209e-01   2.506094699975e-01  2.858967913100e-01 -3.907168304462e-02 -1.153030382875e-01
  2.506094699975e-01  2.858967913100e-01 -3.907168304462e-02 -1.153030382875e-01   2.695900345133e-01  2.697268678320e-01 -4.099205828344e-02 -1.183066774783e-01
  2.695900345133e-01  2.697268678320e-01 -4.099205828344e-02 -1.183066774783e-01   2.827968291090e-01  2.578689757034e-01 -4.213949965644e-02 -1.198952601846e-01
  2.827968291090e-01  2.578689757034e-01 -4.213949965644e-02 -1.198952601846e-01   2.900780120646e-01  2.511195460049e-01 -4.267593770411e-02 -1.205818646937e-01
  2.900780120646e-01  2.511195460049e-01 -4.267593770411e-02 -1.205818646937e-01   3.062484122892e-01  2.356028695623e-01 -4.353952087726e-02 -1.215985305806e-01
  3.062484122892e-01  2.356028695623e-01 -4.353952087726e-02 -1.215985305806e-01   3.102463360110e-01  2.316574892099e-01 -4.366869997612e-02 -1.217384096279e-01
  3.102463360110e-01  2.316574892099e-01 -4.366869997612e-02 -1.217384096279e-01   3.135560591711e-01  2.283595580597e-01 -4.374635492953e-02 -1.218201338888e-01
  3.135560591711e-01  2.283595580597e-01 -4.374635492953e-02 -1.218201338888e-01   3.300232696276e-01  2.115421340857e-01 -4.368081010999e-02 -1.217648657911e-01
  3.300232696276e-01  2.115421340857e-01 -4.368081010999e-02 -1.217648657911e-01   3.321663089728e-01  2.093057556298e-01 -4.361031353157e-02 -1.217012759988e-01
  3.321663089728e-01  2.093057556298e-01 -4.361031353157e-02 -1.217012759988e-01   3.493856037393e-01  1.909737288372e-01 -4.243517194846e-02 -1.207330863258e-01
  3.493856037393e-01  1.909737288372e-01 -4.243517194846e-02 -1.207330863258e-01   3.520755936909e-01  1.880555958746e-01 -4.214511586799e-02 -1.205110756564e-01
  3.520755936909e-01  1.880555958746e-01 -4.214511586799e-02 -1.205110756564e-01   3.688702595068e-01  1.695463359991e-01 -3.960181497500e-02 -1.187337400493e-01
  3.688702595068e-01  1.695463359991e-01 -3.960181497500e-02 -1.187337400493e-01   3.810164735411e-01  1.558856870151e-01 -3.691191383234e-02 -1.170816245083e-01
  3.810164735411e-01  1.558856870151e-01 -3.691191383234e-02 -1.170816245083e-01   3.890508444833e-01  1.467411953729e-01 -3.471271828485e-02 -1.158544318873e-01
  3.890508444833e-01  1.467411953729e-01 -3.471271828485e-02 -1.158544318873e-01   3.978521253787e-01  1.366353435301e-01 -3.190644446022e-02 -1.144160992227e-01
  3.978521253787e-01  1.366353435301e-01 -3.190644446022e-02 -1.144160992227e-01   4.099912118119e-01  1.225580703489e-01 -2.734179885956e-02 -1.123241461894e-01
  4.099912118119e-01  1.225580703489e-01 -2.734179885956e-02 -1.123241461894e-01   4.103830882071e-01  1.221010660584e-01 -2.718095222434e-02 -1.122553000412e-01
  4.103830882071e-01  1.221010660584e-01 -2.718095222434e-02 -1.122553000412e-01   4.109617807200e-01  1.214259144935e-01 -2.694188144417e-02 -1.121535375573e-01
  4.109617807200e-01  1.214259144935e-01 -2.694188144417e-02 -1.121535375573e-01   4.229288052448e-01  1.073878431628e-01 -2.158660947656e-02 -1.100380961729e-01
  4.229288052448e-01  1.073878431628e-01 -2.158660947656e-02 -1.100380961729e-01   4.317294508367e-01  9.697037535625e-02 -1.715192606481e-02 -1.084974265927e-01
  4.317294508367e-01  9.697037535625e-02 -1.715192606481e-02 -1.084974265927e-01   4.366123547665e-01  9.115480623375e-02 -1.451290822728e-02 -1.076602875566e-01
  4.366123547665e-01  9.115480623375e-02 -1.451290822728e-02 -1.076602875566e-01   4.459221725977e-01  7.999187563079e-02 -9.135442947675e-03 -1.061196528882e-01
  4.459221725977e-01  7.999187563079e-02 -9.135442947675e-03 -1.061196528882e-01   4.517479291636e-01  7.295294096257e-02 -5.544390961372e-03 -1.052038850445e-01
  4.517479291636e-01  7.295294096257e-02 -5.544390961372e-03 -1.052038850445e-01   4.548735833171e-01  6.915812828113e-02 -3.547483534565e-03 -1.047309950149e-01
  4.548735833171e-01  6.915812828113e-02 -3.547483534565e-03 -1.047309950149e-01   4.669115804820e-01  5.441223764179e-02  4.589644809896e-03 -1.030518058424e-01
  4.669115804820e-01  5.441223764179e-02  4.589644809896e-03 -1.030518058424e-01   4.800579639437e-01  3.803743615054e-02  1.425629522042e-02 -1.015247163675e-01
  4.800579639437e-01  3.803743615054e-02  1.425629522042e-02 -1.015247163675e-01   4.813415546437e-01  3.642141106945e-02  1.524228661501e-02 -1.013951553716e-01
  4.813415546437e-01  3.642141106945e-02  1.524228661501e-02 -1.013951553716e-01   4.821099605171e-01  3.545242103844e-02  1.583605699573e-02 -1.013193677382e-01
  4.821099605171e-01  3.545242103844e-02  1.583605699573e-02 -1.013193677382e-01   4.909678996734e-01  2.419214361744e-02  2.286857827218e-02 -1.005455696855e-01
  4.909678996734e-01  2.419214361744e-02  2.286857827218e-02 -1.005455696855e-01   4.973520381840e-01  1.596525244300e-02  2.814729606968e-02 -1.001083016588e-01
  4.973520381840e-01  1.596525244300e-02  2.814729606968e-02 -1.001083016588e-01   5.007718604983e-01  1.151626562786e-02  3.104591671222e-02 -9.991806991232e-02
  5.007718604983e-01  1.151626562786e-02  3.104591671222e-02 -9.991806991232e-02   5.071230875195e-01  3.169359419951e-03  3.655843381741e-02 -9.965008672044e-02
  5.071230875195e-01  3.169359419951e-03  3.655843381741e-02 -9.965008672044e-02   5.106582978865e-01 -1.527436228083e-03  3.969877674400e-02 -9.955072358921e-02
  5.106582978865e-01 -1.527436228083e-03  3.969877674400e-02 -9.955072358921e-02   5.126494578857e-01 -4.189795187769e-03  4.148999444292e-02 -9.951092559216e-02
  5.126494578857e-01 -4.189795187769e-03  4.148999444292e-02 -9.951092559216e-02   5.205601057576e-01 -1.489619304739e-02  4.876495253244e-02 -9.947179781114e-02
  5.205601057576e-01 -1.489619304739e-02  4.876495253244e-02 -9.947179781114e-02   5.280173645197e-01 -2.519549358611e-02  5.585358657199e-02 -9.961641863337e-02
  5.280173645197e-01 -2.519549358611e-02  5.585358657199e-02 -9.961641863337e-02   5.305978069042e-01 -2.881053325797e-02  5.835845446873e-02 -9.970924844084e-02
  5.305978069042e-01 -2.881053325797e-02  5.835845446873e-02 -9.970924844084e-02   5.355223734106e-01 -3.578848695838e-02  6.321310569902e-02 -9.994962735310e-02
  5.355223734106e-01 -3.578848695838e-02  6.321310569902e-02 -9.994962735310e-02   5.407954752356e-01 -4.338331997812e-02  6.852003408236e-02 -1.003018189788e-01
  5.407954752356e-01 -4.338331997812e-02  6.852003408236e-02 -1.003018189788e-01   5.435804013862e-01 -4.744953373151e-02  7.136857003713e-02 -1.005286349663e-01
  5.435804013862e-01 -4.744953373151e-02  7.136857003713e-02 -1.005286349663e-01   5.509859195482e-01 -5.846429781050e-02  7.909947082998e-02 -1.012743691662e-01
  5.509859195482e-01 -5.846429781050e-02  7.909947082998e-02 -1.012743691662e-01   5.590242736259e-01 -7.079045634562e-02  8.775496094334e-02 -1.023298892306e-01
  5.590242736259e-01 -7.079045634562e-02  8.775496094334e-02 -1.023298892306e-01   5.610644870234e-01 -7.398706728261e-02  8.999699800904e-02 -1.026405610892e-01
  5.610644870234e-01 -7.398706728261e-02  8.999699800904e-02 -1.026405610892e-01   5.649500640447e-01 -8.015829113472e-02  9.431927207171e-02 -1.032821542858e-01
  5.649500640447e-01 -8.015829113472e-02  9.431927207171e-02 -1.032821542858e-01   5.710128646625e-01 -9.002394479112e-02  1.012054727656e-01 -1.044191947793e-01
  5.710128646625e-01 -9.002394479112e-02  1.012054727656e-01 -1.044191947793e-01   5.739347941327e-01 -9.489117409920e-02  1.045887987390e-01 -1.050290370228e-01
  5.739347941327e-01 -9.489117409920e-02  1.045887987390e-01 -1.050290370228e-01   5.808082169273e-01 -1.066651058372e-01  1.127241479865e-01 -1.066320949659e-01
  5.808082169273e-01 -1.066651058372e-01  1.127241479865e-01 -1.066320949659e-01   5.884452024658e-01 -1.203616157688e-01  1.220801272515e-01 -1.087123934423e-01
  5.884452024658e-01 -1.203616157688e-01  1.220801272515e-01 -1.087123934423e-01   5.904211610375e-01 -1.240265803957e-01  1.245605534673e-01 -1.093061649888e-01
  5.904211610375e-01 -1.240265803957e-01  1.245605534673e-01 -1.093061649888e-01   5.942455117855e-01 -1.312801700803e-01  1.294375923921e-01 -1.105251851902e-01
  5.942455117855e-01 -1.312801700803e-01  1.294375923921e-01 -1.105251851902e-01   5.984029714624e-01 -1.394308603095e-01  1.348628336709e-01 -1.119615334031e-01
  5.984029714624e-01 -1.394308603095e-01  1.348628336709e-01 -1.119615334031e-01   5.998124315555e-01 -1.422634241737e-01  1.367336901802e-01 -1.124764868287e-01
  5.998124315555e-01 -1.422634241737e-01  1.367336901802e-01 -1.124764868287e-01   6.052548080021e-01 -1.535754541399e-01  1.441246319172e-01 -1.146096769942e-01
  6.052548080021e-01 -1.535754541399e-01  1.441246319172e-01 -1.146096769942e-01   6.089270201084e-01 -1.615928603232e-01  1.492797891251e-01 -1.161914527392e-01
  6.089270201084e-01 -1.615928603232e-01  1.492797891251e-01 -1.161914527392e-01   6.119099641187e-01 -1.683749692782e-01  1.535828768296e-01 -1.175713666399e-01
  6.119099641187e-01 -1.683749692782e-01  1.535828768296e-01 -1.175713666399e-01   6.176829719823e-01 -1.823385206903e-01  1.622635488367e-01 -1.205221821382e-01
  6.176829719823e-01 -1.823385206903e-01  1.622635488367e-01 -1.205221821382e-01   6.183104600696e-01 -1.839347482788e-01  1.632397412711e-01 -1.208681620462e-01
  6.183104600696e-01 -1.839347482788e-01  1.632397412711e-01 -1.208681620462e-01   6.200275078787e-01 -1.883946119877e-01  1.659489191610e-01 -1.218435079995e-01
  6.200275078787e-01 -1.883946119877e-01  1.659489191610e-01 -1.218435079995e-01   6.243263752381e-01 -2.002481821013e-01  1.730135258866e-01 -1.244930958384e-01
  6.243263752381e-01 -2.002481821013e-01  1.730135258866e-01 -1.244930958384e-01   6.259472497112e-01 -2.050257583477e-01  1.758026958523e-01 -1.255821641481e-01
  6.259472497112e-01 -2.050257583477e-01  1.758026958523e-01 -1.255821641481e-01   6.298925921758e-01 -2.175948042931e-01  1.829717926312e-01 -1.284960691701e-01
  6.298925921758e-01 -2.175948042931e-01  1.829717926312e-01 -1.284960691701e-01   6.334738003208e-01 -2.306262145177e-01  1.901317780323e-01 -1.315763356827e-01
  6.334738003208e-01 -2.306262145177e-01  1.901317780323e-01 -1.315763356827e-01   6.348711103792e-01 -2.363326611022e-01  1.931747258589e-01 -1.329388492185e-01
  6.348711103792e-01 -2.363326611022e-01  1.931747258589e-01 -1.329388492185e-01   6.375638986188e-01 -2.489042665007e-01  1.996688765742e-01 -1.359579066461e-01
  6.375638986188e-01 -2.489042665007e-01  1.996688765742e-01 -1.359579066461e-01   6.388832538904e-01 -2.562620419635e-01  2.033298619631e-01 -1.377293122795e-01
  6.388832538904e-01 -2.562620419635e-01  2.033298619631e-01 -1.377293122795e-01   6.394395650745e-01 -2.597485984171e-01  2.050271105864e-01 -1.385682189512e-01
  6.394395650745e-01 -2.597485984171e-01  2.050271105864e-01 -1.385682189512e-01   6.415118565033e-01 -2.770687719162e-01  2.130824274451e-01 -1.427107755282e-01
  6.415118565033e-01 -2.770687719162e-01  2.130824274451e-01 -1.427107755282e-01   6.423394398564e-01 -2.940488568665e-01  2.203284138267e-01 -1.466836221196e-01
  6.423394398564e-01 -2.940488568665e-01  2.203284138267e-01 -1.466836221196e-01   6.423098336816e-01 -3.006774826882e-01  2.229681760400e-01 -1.481952262159e-01
  6.423098336816e-01 -3.006774826882e-01  2.229681760400e-01 -1.481952262159e-01   6.421175348109e-01 -3.063257138651e-01  2.251288497701e-01 -1.494602869249e-01
  6.421175348109e-01 -3.063257138651e-01  2.251288497701e-01 -1.494602869249e-01   6.387362018619e-01 -3.338741891582e-01  2.343927825261e-01 -1.552086405343e-01
  6.387362018619e-01 -3.338741891582e-01  2.343927825261e-01 -1.552086405343e-01   6.360837791601e-01 -3.449352652770e-01  2.374522991231e-01 -1.572457402868e-01
  6.360837791601e-01 -3.449352652770e-01  2.374522991231e-01 -1.572457402868e-01   6.131604799591e-01 -3.924455504126e-01  2.450715688601e-01 -1.627993513621e-01
  6.131604799591e-01 -3.924455504126e-01  2.450715688601e-01 -1.627993513621e-01   5.999409961134e-01 -4.079519080597e-01  2.449949709123e-01 -1.627272024637e-01
  5.999409961134e-01 -4.079519080597e-01  2.449949709123e-01 -1.627272024637e-01   5.815833235935e-01 -4.239139129275e-01  2.429711701544e-01 -1.608796546533e-01
  5.815833235935e-01 -4.239139129275e-01  2.429711701544e-01 -1.608796546533e-01   5.493160005780e-01 -4.430151404777e-01  2.366629049335e-01 -1.545382598067e-01
  5.493160005780e-01 -4.430151404777e-01  2.366629049335e-01 -1.545382598067e-01   5.479603569946e-01 -4.436438001372e-01  2.363510072571e-01 -1.542072414901e-01
  5.479603569946e-01 -4.436438001372e-01  2.363510072571e-01 -1.542072414901e-01   5.246253799541e-01 -4.528390175056e-01  2.306157289773e-01 -1.478660917805e-01
  5.246253799541e-01 -4.528390175056e-01  2.306157289773e-01 -1.478660917805e-01   5.094249541924e-01 -4.574299493279e-01  2.266089952632e-01 -1.431632945833e-01
  5.094249541924e-01 -4.574299493279e-01  2.266089952632e-01 -1.431632945833e-01   5.027897508242e-01 -4.591434432328e-01  2.248155224680e-01 -1.409874807354e-01
  5.027897508242e-01 -4.591434432328e-01  2.248155224680e-01 -1.409874807354e-01   4.910611660860e-01 -4.617864676024e-01  2.215982633789e-01 -1.369748508067e-01
  4.910611660860e-01 -4.617864676024e-01  2.215982633789e-01 -1.369748508067e-01   4.826709717653e-01 -4.633987523531e-01  2.192699454719e-01 -1.339825710371e-01
  4.826709717653e-01 -4.633987523531e-01  2.192699454719e-01 -1.339825710371e-01   4.787788686865e-01 -4.640731701905e-01  2.181845632755e-01 -1.325620228360e-01
  4.787788686865e-01 -4.640731701905e-01  2.181845632755e-01 -1.325620228360e-01   4.636965627070e-01 -4.662779669651e-01  2.139605160989e-01 -1.268752334046e-01
  4.636965627070e-01 -4.662779669651e-01  2.139605160989e-01 -1.268752334046e-01   4.521942450322e-01 -4.675552284062e-01  2.107342684221e-01 -1.223571426901e-01
  4.521942450322e-01 -4.675552284062e-01  2.107342684221e-01 -1.223571426901e-01   4.457211482112e-01 -4.681319979413e-01  2.089221945342e-01 -1.197506588931e-01
  4.457211482112e-01 -4.681319979413e-01  2.089221945342e-01 -1.197506588931e-01   4.301207458257e-01 -4.691318687501e-01  2.045797939231e-01 -1.132937441975e-01
  4.301207458257e-01 -4.691318687501e-01  2.045797939231e-01 -1.132937441975e-01   4.279312762951e-01 -4.692302700671e-01  2.039742246666e-01 -1.123687796163e-01
  4.279312762951e-01 -4.692302700671e-01  2.039742246666e-01 -1.123687796163e-01   4.265259292991e-01 -4.692882010109e-01  2.035861361380e-01 -1.117727471564e-01
  4.265259292991e-01 -4.692882010109e-01  2.035861361380e-01 -1.117727471564e-01   4.052312969724e-01 -4.696887882360e-01  1.977754832557e-01 -1.025307931139e-01
  4.052312969724e-01 -4.696887882360e-01  1.977754832557e-01 -1.025307931139e-01   3.910623350671e-01 -4.694912065004e-01  1.939988414109e-01 -9.618057728828e-02
  3.910623350671e-01 -4.694912065004e-01  1.939988414109e-01 -9.618057728828e-02   3.836818343619e-01 -4.692518233035e-01  1.920657698735e-01 -9.281557380444e-02
  3.836818343619e-01 -4.692518233035e-01  1.920657698735e-01 -9.281557380444e-02   3.703171575295e-01 -4.685932350823e-01  1.886323563397e-01 -8.663102525774e-02
  3.703171575295e-01 -4.685932350823e-01  1.886323563397e-01 -8.663102525774e-02   3.630291109778e-01 -4.681168982153e-01  1.867994810418e-01 -8.321261688435e-02
  3.630291109778e-01 -4.681168982153e-01  1.867994810418e-01 -8.321261688435e-02   3.589701848458e-01 -4.678169866131e-01  1.857915484540e-01 -8.129573709603e-02
  3.589701848458e-01 -4.678169866131e-01  1.857915484540e-01 -8.129573709603e-02   3.431040667699e-01 -4.664155976902e-01  1.819454448857e-01 -7.372033296234e-02
  3.431040667699e-01 -4.664155976902e-01  1.819454448857e-01 -7.372033296234e-02   3.286447254999e-01 -4.648342140687e-01  1.785797976082e-01 -6.671470876386e-02
  3.286447254999e-01 -4.648342140687e-01  1.785797976082e-01 -6.671470876386e-02   3.237876459871e-01 -4.642405865389e-01  1.774809940658e-01 -6.434233208722e-02
  3.237876459871e-01 -4.642405865389e-01  1.774809940658e-01 -6.434233208722e-02   3.147629165437e-01 -4.630568185986e-01  1.754837125514e-01 -5.991171368071e-02
  3.147629165437e-01 -4.630568185986e-01  1.754837125514e-01 -5.991171368071e-02   3.047979947909e-01 -4.616306808560e-01  1.733477002250e-01 -5.498903139375e-02
  3.047979947909e-01 -4.616306808560e-01  1.733477002250e-01 -5.498903139375e-02   2.994265693449e-01 -4.608113382461e-01  1.722275054986e-01 -5.232389864624e-02
  2.994265693449e-01 -4.608113382461e-01  1.722275054986e-01 -5.232389864624e-02   2.863655150636e-01 -4.586748780648e-01  1.695980217449e-01 -4.581493317853e-02
  2.863655150636e-01 -4.586748780648e-01  1.695980217449e-01 -4.581493317853e-02   2.715723696737e-01 -4.560149182105e-01  1.667873396930e-01 -3.840514853360e-02
  2.715723696737e-01 -4.560149182105e-01  1.667873396930e-01 -3.840514853360e-02   2.686816095867e-01 -4.554660035291e-01  1.662595282758e-01 -3.695379508611e-02
  2.686816095867e-01 -4.554660035291e-01  1.662595282758e-01 -3.695379508611e-02   2.634703612594e-01 -4.544527665351e-01  1.653261016094e-01 -3.433538772204e-02
  2.634703612594e-01 -4.544527665351e-01  1.653261016094e-01 -3.433538772204e-02   2.514579572986e-01 -4.520024092133e-01  1.632645259680e-01 -2.829323568338e-02
  2.514579572986e-01 -4.520024092133e-01  1.632645259680e-01 -2.829323568338e-02   2.452830245347e-01 -4.506812829355e-01  1.622545574139e-01 -2.518591115861e-02
  2.452830245347e-01 -4.506812829355e-01  1.622545574139e-01 -2.518591115861e-02   2.347781797151e-01 -4.483389959686e-01  1.606156284816e-01 -1.990165244868e-02
  2.347781797151e-01 -4.483389959686e-01  1.606156284816e-01 -1.990165244868e-02   2.202693487969e-01 -4.449097098019e-01  1.585192932275e-01 -1.261651007819e-02
  2.202693487969e-01 -4.449097098019e-01  1.585192932275e-01 -1.261651007819e-02   2.187062971212e-01 -4.445269173107e-01  1.583052005934e-01 -1.183313212044e-02
  2.187062971212e-01 -4.445269173107e-01  1.583052005934e-01 -1.183313212044e-02   2.158562763256e-01 -4.438222860535e-01  1.579207673380e-01 -1.040566948588e-02
  2.158562763256e-01 -4.438222860535e-01  1.579207673380e-01 -1.040566948588e-02   1.963390670396e-01 -4.387662070451e-01  1.554962293400e-01 -6.707372578152e-04
  1.963390670396e-01 -4.387662070451e-01  1.554962293400e-01 -6.707372578152e-04   1.745260441165e-01 -4.326382764486e-01  1.532225237572e-01  1.009394936345e-02
  1.745260441165e-01 -4.326382764486e-01  1.532225237572e-01  1.009394936345e-02   1.733595679734e-01 -4.322963001780e-01  1.531140338885e-01  1.066527478395e-02
  1.733595679734e-01 -4.322963001780e-01  1.531140338885e-01  1.066527478395e-02   1.723144618734e-01 -4.319886672704e-01  1.530179662713e-01  1.117673784256e-02
  1.723144618734e-01 -4.319886672704e-01  1.530179662713e-01  1.117673784256e-02   1.512370830757e-01 -4.255321799753e-01  1.513097136095e-01  2.139944808528e-02
  1.512370830757e-01 -4.255321799753e-01  1.513097136095e-01  2.139944808528e-02   1.328925192648e-01 -4.195136421787e-01  1.501785590537e-01  3.013163276213e-02
  1.328925192648e-01 -4.195136421787e-01  1.501785590537e-01  3.013163276213e-02   1.301061777852e-01 -4.185661522052e-01  1.500356180107e-01  3.144269930595e-02
  1.301061777852e-01 -4.185661522052e-01  1.500356180107e-01  3.144269930595e-02   1.272388022494e-01 -4.175817685124e-01  1.498964404852e-01  3.278741695099e-02
  1.272388022494e-01 -4.175817685124e-01  1.498964404852e-01  3.278741695099e-02   1.111982031107e-01 -4.118971434095e-01  1.492653436317e-01  4.022165772088e-02
  1.111982031107e-01 -4.118971434095e-01  1.492653436317e-01  4.022165772088e-02   9.651227476832e-02 -4.064200092574e-01  1.489049107561e-01  4.688635954753e-02
  9.651227476832e-02 -4.064200092574e-01  1.489049107561e-01  4.688635954753e-02   9.332238876489e-02 -4.051947497712e-01  1.488537682166e-01  4.831479761932e-02
  9.332238876489e-02 -4.051947497712e-01  1.488537682166e-01  4.831479761932e-02   9.024650458420e-02 -4.040009878960e-01  1.488135494714e-01  4.968544243627e-02
  9.024650458420e-02 -4.040009878960e-01  1.488135494714e-01  4.968544243627e-02   7.604266347247e-02 -3.983283282720e-01  1.487425436504e-01  5.592578346908e-02
  7.604266347247e-02 -3.983283282720e-01  1.487425436504e-01  5.592578346908e-02   6.231697116372e-02 -3.925874520783e-01  1.488501393173e-01  6.180965408250e-02
  6.231697116372e-02 -3.925874520783e-01  1.488501393173e-01  6.180965408250e-02   5.729374661435e-02 -3.904202072796e-01  1.489319469663e-01  6.392513641022e-02
  5.729374661435e-02 -3.904202072796e-01  1.489319469663e-01  6.392513641022e-02   3.047515096766e-02 -3.782127035564e-01  1.497408417573e-01  7.485299335405e-02
  3.047515096766e-02 -3.782127035564e-01  1.497408417573e-01  7.485299335405e-02   2.760437883335e-02 -3.768394266632e-01  1.498634953983e-01  7.598438993698e-02
  2.760437883335e-02 -3.768394266632e-01  1.498634953983e-01  7.598438993698e-02   1.088716055575e-03 -3.634983862455e-01  1.513077241299e-01  8.605650131463e-02
  1.088716055575e-03 -3.634983862455e-01  1.513077241299e-01  8.605650131463e-02   7.136473382467e-04 -3.633008160911e-01  1.513320385187e-01  8.619388038648e-02
  7.136473382467e-04 -3.633008160911e-01  1.513320385187e-01  8.619388038648e-02  -2.860554027476e-04 -3.627729524817e-01  1.513973568651e-01  8.655933685375e-02
 -2.860554027476e-04 -3.627729524817e-01  1.513973568651e-01  8.655933685375e-02  -1.936614494739e-02 -3.523381206007e-01  1.527814881704e-01  9.332782563156e-02
 -1.936614494739e-02 -3.523381206007e-01  1.527814881704e-01  9.332782563156e-02  -2.652329782346e-02 -3.482404919386e-01  1.533648226946e-01  9.576150279639e-02
 -2.652329782346e-02 -3.482404919386e-01  1.533648226946e-01  9.576150279639e-02  -3.794788219958e-02 -3.414812181067e-01  1.543627365996e-01  9.952035915734e-02
 -3.794788219958e-02 -3.414812181067e-01  1.543627365996e-01  9.952035915734e-02  -5.290476871885e-02 -3.322070315233e-01  1.557819972920e-01  1.041943532159e-01
 -5.290476871885e-02 -3.322070315233e-01  1.557819972920e-01  1.041943532159e-01  -5.908338944405e-02 -3.282290233485e-01  1.564014382346e-01  1.060387372508e-01
 -5.908338944405e-02 -3.282290233485e-01  1.564014382346e-01  1.060387372508e-01  -7.783652169698e-02 -3.156018132493e-01  1.583779106497e-01  1.113037524516e-01
 -7.783652169698e-02 -3.156018132493e-01  1.583779106497e-01  1.113037524516e-01  -9.931678180462e-02 -3.000581034440e-01  1.607583034032e-01  1.166589158954e-01
 -9.931678180462e-02 -3.000581034440e-01  1.607583034032e-01  1.166589158954e-01  -1.011644318559e-01 -2.986647430484e-01  1.609654692846e-01  1.170827885441e-01
 -1.011644318559e-01 -2.986647430484e-01  1.609654692846e-01  1.170827885441e-01  -1.233894652433e-01 -2.811759270727e-01  1.634277591515e-01  1.216773958237e-01
  5.662576534205e-02  2.476064157542e-03  4.840641251435e-01  1.934475862928e-01   5.675658453505e-02  2.014349467974e-03  4.772867327432e-01  2.257549254916e-01
  5.675658453505e-02  2.014349467974e-03  4.772867327432e-01  2.257549254916e-01   5.692758627157e-02  1.568824104540e-03  4.683294694935e-01  2.557461862963e-01
  5.692758627157e-02  1.568824104540e-03  4.683294694935e-01  2.557461862963e-01   5.737103854456e-02  7.494626920252e-04  4.451343782414e-01  3.086209071617e-01
  5.737103854456e-02  7.494626920252e-04  4.451343782414e-01  3.086209071617e-01   5.764338097675e-02  3.690217332065e-04  4.309122022567e-01  3.324479002591e-01
  5.764338097675e-02  3.690217332065e-04  4.309122022567e-01  3.324479002591e-01   5.794350715132e-02  1.442948737827e-05  4.152047984717e-01  3.543825652243e-01
  5.794350715132e-02  1.442948737827e-05  4.152047984717e-01  3.543825652243e-01   5.860541376327e-02 -6.047948433207e-04  3.802236435915e-01  3.923204307335e-01
  5.860541376327e-02 -6.047948433207e-04  3.802236435915e-01  3.923204307335e-01   5.897097101413e-02 -8.765104838176e-04  3.605983253147e-01  4.089155260929e-01
  5.897097101413e-02 -8.765104838176e-04  3.605983253147e-01  4.089155260929e-01   5.935346156122e-02 -1.119199635442e-03  3.397622850469e-01  4.237522634900e-01
  5.935346156122e-02 -1.119199635442e-03  3.397622850469e-01  4.237522634900e-01   6.014933026379e-02 -1.511659770753e-03  2.952138727980e-01  4.478075008927e-01
  6.014933026379e-02 -1.511659770753e-03  2.952138727980e-01  4.478075008927e-01   6.056998386050e-02 -1.666369568592e-03  2.709080700932e-01  4.572840000853e-01
  6.056998386050e-02 -1.666369568592e-03  2.709080700932e-01  4.572840000853e-01   6.099991963222e-02 -1.790950632487e-03  2.454419783159e-01  4.648468949831e-01
  6.099991963222e-02 -1.790950632487e-03  2.454419783159e-01  4.648468949831e-01   6.186897628741e-02 -1.946941621387e-03  1.917472257126e-01  4.737655519103e-01
  6.186897628741e-02 -1.946941621387e-03  1.917472257126e-01  4.737655519103e-01   6.231697116372e-02 -1.979575776732e-03  1.627262222366e-01  4.749758965960e-01
  6.231697116372e-02 -1.979575776732e-03  1.627262222366e-01  4.749758965960e-01   6.276773946115e-02 -1.980182024566e-03  1.324506146516e-01  4.737202238399e-01
  6.276773946115e-02 -1.980182024566e-03  1.324506146516e-01  4.737202238399e-01   6.365771947695e-02 -1.884751333625e-03  6.891203747230e-02  4.630633865921e-01
  6.365771947695e-02 -1.884751333625e-03  6.891203747230e-02  4.630633865921e-01   6.410500439304e-02 -1.785932266688e-03  3.471477767978e-02  4.529046483343e-01
  6.410500439304e-02 -1.785932266688e-03  3.471477767978e-02  4.529046483343e-01   6.454636880675e-02 -1.652233493659e-03 -8.215020695110e-04  4.390389880369e-01
  6.454636880675e-02 -1.652233493659e-03 -8.215020695110e-04  4.390389880369e-01   6.538810613930e-02 -1.284137399660e-03 -7.453677683222e-02  3.990252051010e-01
  6.538810613930e-02 -1.284137399660e-03 -7.453677683222e-02  3.990252051010e-01   6.579345515098e-02 -1.044156121872e-03 -1.132934857300e-01  3.713807796133e-01
  6.579345515098e-02 -1.044156121872e-03 -1.132934857300e-01  3.713807796133e-01   6.617941689622e-02 -7.685162313458e-04 -1.523577934863e-01  3.382871234463e-01
  6.617941689622e-02 -7.685162313458e-04 -1.523577934863e-01  3.382871234463e-01   6.686789928708e-02 -1.238585802095e-04 -2.268054515453e-01  2.573005987892e-01
  6.686789928708e-02 -1.238585802095e-04 -2.268054515453e-01  2.573005987892e-01   6.717166000657e-02  2.507040761549e-04 -2.608006750618e-01  2.097553116314e-01
  6.717166000657e-02  2.507040761549e-04 -2.608006750618e-01  2.097553116314e-01   6.743961599806e-02  6.539607683582e-04 -2.906134459165e-01  1.597504647881e-01
  6.743961599806e-02  6.539607683582e-04 -2.906134459165e-01  1.597504647881e-01   6.784971955315e-02  1.519516156683e-03 -3.343659792529e-01  6.046563869967e-02
  6.784971955315e-02  1.519516156683e-03 -3.343659792529e-01  6.046563869967e-02   6.799217142204e-02  1.985274708255e-03 -3.487299533131e-01  1.238406951751e-02
  6.799217142204e-02  1.985274708255e-03 -3.487299533131e-01  1.238406951751e-02   6.808817467295e-02  2.462761681923e-03 -3.583026204544e-01 -3.320434142727e-02
  6.808817467295e-02  2.462761681923e-03 -3.583026204544e-01 -3.320434142727e-02   6.813897596371e-02  3.419118183173e-03 -3.652311097450e-01 -1.149798747849e-01
  6.813897596371e-02  3.419118183173e-03 -3.652311097450e-01 -1.149798747849e-01   6.809528551279e-02  3.901235374213e-03 -3.636991008728e-01 -1.523251931560e-01
  6.809528551279e-02  3.901235374213e-03 -3.636991008728e-01 -1.523251931560e-01   6.800667180800e-02  4.375201304720e-03 -3.593534508248e-01 -1.870606137759e-01
  6.800667180800e-02  4.375201304720e-03 -3.593534508248e-01 -1.870606137759e-01   6.770895146547e-02  5.270071139277e-03 -3.438315664330e-01 -2.485063532221e-01
  6.770895146547e-02  5.270071139277e-03 -3.438315664330e-01 -2.485063532221e-01   6.750122281539e-02  5.696454208999e-03 -3.329535912213e-01 -2.763443223933e-01
  6.750122281539e-02  5.696454208999e-03 -3.329535912213e-01 -2.763443223933e-01   6.725938228213e-02  6.100766364688e-03 -3.203165529212e-01 -3.021148394177e-01
  6.725938228213e-02  6.100766364688e-03 -3.203165529212e-01 -3.021148394177e-01   6.669471136309e-02  6.825764763127e-03 -2.907951220045e-01 -3.472503328255e-01
  6.669471136309e-02  6.825764763127e-03 -2.907951220045e-01 -3.472503328255e-01   6.637015372374e-02  7.153647992512e-03 -2.737184973644e-01 -3.673775495010e-01
  6.637015372374e-02  7.153647992512e-03 -2.737184973644e-01 -3.673775495010e-01   6.602365617198e-02  7.453564194192e-03 -2.553297691393e-01 -3.857142862141e-01
  6.602365617198e-02  7.453564194192e-03 -2.553297691393e-01 -3.857142862141e-01   6.528581342870e-02  7.960940545529e-03 -2.154211788279e-01 -4.167164682766e-01
  6.528581342870e-02  7.960940545529e-03 -2.154211788279e-01 -4.167164682766e-01   6.488876451213e-02  8.174688464566e-03 -1.934201366632e-01 -4.298089722289e-01
  6.488876451213e-02  8.174688464566e-03 -1.934201366632e-01 -4.298089722289e-01   6.447893192562e-02  8.358837582380e-03 -1.702554750199e-01 -4.411047447816e-01
  6.447893192562e-02  8.358837582380e-03 -1.702554750199e-01 -4.411047447816e-01   6.363995503950e-02  8.634313417039e-03 -1.211640165306e-01 -4.579119407156e-01
  6.363995503950e-02  8.634313417039e-03 -1.211640165306e-01 -4.579119407156e-01   6.320245393874e-02  8.728837949153e-03 -9.454120337516e-02 -4.634957615351e-01
  6.320245393874e-02  8.728837949153e-03 -9.454120337516e-02 -4.634957615351e-01   6.275886855453e-02  8.792461991769e-03 -6.672488012099e-02 -4.669529713967e-01
  6.275886855453e-02  8.792461991769e-03 -6.672488012099e-02 -4.669529713967e-01   6.187237534652e-02  8.825253845034e-03 -8.239146903517e-03 -4.669101353152e-01
  6.187237534652e-02  8.825253845034e-03 -8.239146903517e-03 -4.669101353152e-01   6.142068223004e-02  8.793595707715e-03  2.330903207318e-02 -4.629947539901e-01
  6.142068223004e-02  8.793595707715e-03  2.330903207318e-02 -4.629947539901e-01   6.097008054856e-02  8.728493797155e-03  5.618027948691e-02 -4.561028070869e-01
  6.097008054856e-02  8.728493797155e-03  5.618027948691e-02 -4.561028070869e-01   6.009355435375e-02  8.499160233193e-03  1.249608241299e-01 -4.324106238944e-01
  6.009355435375e-02  8.499160233193e-03  1.249608241299e-01 -4.324106238944e-01   5.966086519949e-02  8.330484532776e-03  1.617616653702e-01 -4.144448992818e-01
  5.966086519949e-02  8.330484532776e-03  1.617616653702e-01 -4.144448992818e-01   5.924018209258e-02  8.125960310823e-03  1.996957782737e-01 -3.918378534968e-01
  5.924018209258e-02  8.125960310823e-03  1.996957782737e-01 -3.918378534968e-01   5.845965258548e-02  7.617382820155e-03  2.764589997953e-01 -3.319320730107e-01
  5.845965258548e-02  7.617382820155e-03  2.764589997953e-01 -3.319320730107e-01   5.809682825688e-02  7.307345819170e-03  3.150153465677e-01 -2.934125420987e-01
  5.809682825688e-02  7.307345819170e-03  3.150153465677e-01 -2.934125420987e-01   5.776166688922e-02  6.963806276823e-03  3.519270269425e-01 -2.498298623365e-01
  5.776166688922e-02  6.963806276823e-03  3.519270269425e-01 -2.498298623365e-01   5.719773113603e-02  6.196591495634e-03  4.148724295954e-01 -1.535978557416e-01
  5.719773113603e-02  6.196591495634e-03  4.148724295954e-01 -1.535978557416e-01   5.696863066913e-02  5.768430248832e-03  4.397259912448e-01 -1.028768747560e-01
  5.696863066913e-02  5.768430248832e-03  4.397259912448e-01 -1.028768747560e-01   5.678196880218e-02  5.319079730080e-03  4.592306948002e-01 -5.294902294745e-02
  5.678196880218e-02  5.319079730080e-03  4.592306948002e-01 -5.294902294745e-02   5.654676224271e-02  4.388682844901e-03  4.828356455776e-01  3.944435889593e-02
  5.654676224271e-02  4.388682844901e-03  4.828356455776e-01  3.944435889593e-02   5.649737991545e-02  3.904655675595e-03  4.882096437333e-01  8.230561340940e-02
  5.649737991545e-02  3.904655675595e-03  4.882096437333e-01  8.230561340940e-02   5.649525310500e-02  3.419118346314e-03  4.898648743945e-01  1.223534531114e-01
  5.649525310500e-02  3.419118346314e-03  4.898648743945e-01  1.223534531114e-01   5.662576534205e-02  2.476064157542e-03  4.840641251435e-01  1.934475862928e-01
