LENS PARMS:
   alpha 7.401974e-01 7.620780e-01 -6.713778e-01 3.796741e-01 5.639589e+01 1.452957e-01 5.125696e+01 0.0 0.0 1.000000e+00
  pjaffe 3.023869e-04 3.845009e-02 -6.645472e-01 0.0 0.0 0.0 0.0 0.0 1.502578e-02 0.0
  pjaffe 5.495505e-04 1.114771e+00 -6.173064e-01 0.0 0.0 0.0 0.0 0.0 2.025626e-02 0.0
  pjaffe 5.952637e-04 1.452164e+00 -9.168056e-02 0.0 0.0 0.0 0.0 0.0 2.108192e-02 0.0
  pjaffe 2.728586e-04 1.321917e+00 -5.959464e-01 0.0 0.0 0.0 0.0 0.0 1.427330e-02 0.0
  pjaffe 3.002767e-04 -1.810306e-01 -1.238796e+00 0.0 0.0 0.0 0.0 0.0 1.497326e-02 0.0
  pjaffe 4.521834e-04 3.346966e-01 -4.037664e-02 0.0 0.0 0.0 0.0 0.0 1.837438e-02 0.0
  pjaffe 4.893259e-04 7.875773e-01 -1.502737e+00 0.0 0.0 0.0 0.0 0.0 1.911413e-02 0.0
  pjaffe 2.644128e-04 9.830922e-01 -1.933140e+00 0.0 0.0 0.0 0.0 0.0 1.405066e-02 0.0
  pjaffe 3.200022e-04 1.643103e+00 -8.811117e-02 0.0 0.0 0.0 0.0 0.0 1.545724e-02 0.0
  pjaffe 4.016129e-04 1.864411e+00 -2.951567e-01 0.0 0.0 0.0 0.0 0.0 1.731647e-02 0.0
  pjaffe 2.535294e-04 -9.114818e-02 -1.702938e+00 0.0 0.0 0.0 0.0 0.0 1.375845e-02 0.0
  pjaffe 2.944821e-04 2.086403e-01 6.286553e-01 0.0 0.0 0.0 0.0 0.0 1.482808e-02 0.0
  pjaffe 4.129741e-04 5.497748e-01 -2.752469e-01 0.0 0.0 0.0 0.0 0.0 1.755969e-02 0.0
  pjaffe 3.350308e-04 -2.865600e-01 -3.748129e-01 0.0 0.0 0.0 0.0 0.0 1.581604e-02 0.0
  pjaffe 3.277929e-04 4.366774e-01 -1.921564e+00 0.0 0.0 0.0 0.0 0.0 1.564427e-02 0.0
  pjaffe 2.331830e-04 -6.625320e-01 -4.318857e-01 0.0 0.0 0.0 0.0 0.0 1.319483e-02 0.0
  pjaffe 3.694399e-04 1.401512e+00 -1.909267e-01 0.0 0.0 0.0 0.0 0.0 1.660838e-02 0.0
  pjaffe 7.452129e-04 2.080782e+00 -1.278571e+00 0.0 0.0 0.0 0.0 0.0 2.358824e-02 0.0
  pjaffe 1.892853e-03 6.257021e-01 -2.100902e+00 0.0 0.0 0.0 0.0 0.0 3.759360e-02 0.0
  pjaffe 3.659326e-04 1.571718e+00 -6.130826e-01 0.0 0.0 0.0 0.0 0.0 1.652936e-02 0.0
  pjaffe 9.482011e-04 8.239652e-01 3.724115e-01 0.0 0.0 0.0 0.0 0.0 2.660760e-02 0.0
  pjaffe 1.324250e-03 1.037207e+00 1.417171e-01 0.0 0.0 0.0 0.0 0.0 3.144420e-02 0.0
  pjaffe 5.481706e-04 -6.178909e-01 -1.320576e-01 0.0 0.0 0.0 0.0 0.0 2.023081e-02 0.0
  pjaffe 1.220485e-03 -1.796346e-01 4.531745e-01 0.0 0.0 0.0 0.0 0.0 3.018712e-02 0.0
  pjaffe 3.371670e-04 7.210134e-01 -8.713490e-01 0.0 0.0 0.0 0.0 0.0 1.586638e-02 0.0
  pjaffe 6.426268e-04 1.506408e-03 7.068024e-02 0.0 0.0 0.0 0.0 0.0 2.190458e-02 0.0
  pjaffe 3.481589e-04 8.071158e-01 -1.821706e-01 0.0 0.0 0.0 0.0 0.0 1.612294e-02 0.0
  pjaffe 3.940727e-04 -5.753576e-01 -7.278665e-01 0.0 0.0 0.0 0.0 0.0 1.715314e-02 0.0
  pjaffe 3.921952e-04 4.470340e-01 -8.858984e-01 0.0 0.0 0.0 0.0 0.0 1.711223e-02 0.0
  pjaffe 1.242967e-03 -2.665083e-01 -1.293590e+00 0.0 0.0 0.0 0.0 0.0 3.046388e-02 0.0
  pjaffe 2.946257e-04 1.736912e+00 -8.061067e-01 0.0 0.0 0.0 0.0 0.0 1.483169e-02 0.0
  pjaffe 4.375967e-04 2.121013e+00 -5.981270e-01 0.0 0.0 0.0 0.0 0.0 1.807559e-02 0.0
  pjaffe 5.528468e-04 1.333651e+00 2.529953e-01 0.0 0.0 0.0 0.0 0.0 2.031692e-02 0.0
  pjaffe 2.875618e-04 -5.112429e-01 -1.263581e+00 0.0 0.0 0.0 0.0 0.0 1.465282e-02 0.0
  pjaffe 2.781253e-04 -4.128662e-01 4.755495e-02 0.0 0.0 0.0 0.0 0.0 1.441039e-02 0.0
  pjaffe 2.781198e-03 1.097726e+00 7.573787e-02 0.0 0.0 0.0 0.0 0.0 4.556920e-02 0.0
  pjaffe 2.642420e-04 -1.402370e-02 1.338979e-01 0.0 0.0 0.0 0.0 0.0 1.404612e-02 0.0
  pjaffe 2.492647e-04 -4.876293e-01 -1.305894e+00 0.0 0.0 0.0 0.0 0.0 1.364225e-02 0.0
  pjaffe 2.306308e-04 1.746160e+00 -6.980178e-01 0.0 0.0 0.0 0.0 0.0 1.312243e-02 0.0
  pjaffe 2.827767e-04 7.159431e-01 5.097159e-01 0.0 0.0 0.0 0.0 0.0 1.453039e-02 0.0
  pjaffe 8.994475e-04 6.738248e-01 4.622387e-01 0.0 0.0 0.0 0.0 0.0 2.591453e-02 0.0
  pjaffe 4.368252e-04 1.351723e+00 -9.925967e-01 0.0 0.0 0.0 0.0 0.0 1.805965e-02 0.0
  pjaffe 3.571443e-03 7.245719e-01 1.166763e-01 0.0 0.0 0.0 0.0 0.0 5.163894e-02 0.0
  pjaffe 3.738916e-04 -1.521652e-01 -9.902086e-01 0.0 0.0 0.0 0.0 0.0 1.670815e-02 0.0
  pjaffe 3.559679e-04 2.564484e-01 -1.307320e+00 0.0 0.0 0.0 0.0 0.0 1.630275e-02 0.0
  pjaffe 2.411736e-04 9.824854e-01 5.950789e-01 0.0 0.0 0.0 0.0 0.0 1.341901e-02 0.0
  pjaffe 3.161025e-04 1.573118e+00 2.689026e-01 0.0 0.0 0.0 0.0 0.0 1.536277e-02 0.0
  pjaffe 2.462229e-04 5.887482e-01 -1.611428e+00 0.0 0.0 0.0 0.0 0.0 1.355875e-02 0.0
  pjaffe 1.599711e-03 1.140951e+00 -4.342933e-01 0.0 0.0 0.0 0.0 0.0 3.456020e-02 0.0
  pjaffe 3.007809e-04 7.837341e-01 -9.351883e-02 0.0 0.0 0.0 0.0 0.0 1.498582e-02 0.0
  pjaffe 2.693677e-04 4.216593e-01 7.344540e-01 0.0 0.0 0.0 0.0 0.0 1.418170e-02 0.0
  pjaffe 4.054456e-04 -6.543354e-02 4.634487e-01 0.0 0.0 0.0 0.0 0.0 1.739890e-02 0.0
  pjaffe 4.756963e-04 -2.431188e-01 -6.164811e-01 0.0 0.0 0.0 0.0 0.0 1.884605e-02 0.0
  pjaffe 3.850681e-04 7.144310e-01 -6.219365e-01 0.0 0.0 0.0 0.0 0.0 1.695603e-02 0.0
  pjaffe 2.610335e-04 1.481970e+00 3.213309e-01 0.0 0.0 0.0 0.0 0.0 1.396058e-02 0.0
  pjaffe 3.556929e-04 1.147417e+00 1.791374e-01 0.0 0.0 0.0 0.0 0.0 1.629645e-02 0.0
  pjaffe 9.673909e-04 9.876805e-01 -1.044029e+00 0.0 0.0 0.0 0.0 0.0 2.687549e-02 0.0
  pjaffe 2.025307e-03 9.951401e-02 3.333768e-01 0.0 0.0 0.0 0.0 0.0 3.888668e-02 0.0
  pjaffe 3.467495e-04 -2.072911e-01 -1.478587e+00 0.0 0.0 0.0 0.0 0.0 1.609027e-02 0.0
  pjaffe 3.738258e-03 8.928133e-01 -1.582828e+00 0.0 0.0 0.0 0.0 0.0 5.283115e-02 0.0
  pjaffe 2.826927e-04 7.729604e-01 -3.193101e-01 0.0 0.0 0.0 0.0 0.0 1.452823e-02 0.0
  pjaffe 5.260288e-04 2.299934e-01 -1.379458e+00 0.0 0.0 0.0 0.0 0.0 1.981802e-02 0.0
  pjaffe 3.543018e-03 9.037627e-01 -1.111326e+00 0.0 0.0 0.0 0.0 0.0 5.143303e-02 0.0
  pjaffe 2.974245e-04 1.151995e-02 -1.671819e+00 0.0 0.0 0.0 0.0 0.0 1.490198e-02 0.0
  pjaffe 4.066690e-04 2.705391e-01 -9.497844e-01 0.0 0.0 0.0 0.0 0.0 1.742513e-02 0.0
  pjaffe 4.106933e-04 -4.748783e-01 4.461276e-02 0.0 0.0 0.0 0.0 0.0 1.751113e-02 0.0
  pjaffe 2.912672e-04 2.586612e-01 -1.843962e+00 0.0 0.0 0.0 0.0 0.0 1.474692e-02 0.0
  pjaffe 3.036399e-04 1.824931e+00 4.234980e-02 0.0 0.0 0.0 0.0 0.0 1.505687e-02 0.0
  pjaffe 2.870839e-04 -2.910582e-01 -1.505080e+00 0.0 0.0 0.0 0.0 0.0 1.464063e-02 0.0
  pjaffe 3.269283e-04 -5.317813e-01 -4.964515e-01 0.0 0.0 0.0 0.0 0.0 1.562362e-02 0.0
  pjaffe 3.291065e-04 7.993129e-01 -7.229940e-01 0.0 0.0 0.0 0.0 0.0 1.567558e-02 0.0
  pjaffe 2.385770e-04 1.766946e+00 -1.328878e+00 0.0 0.0 0.0 0.0 0.0 1.334657e-02 0.0
  pjaffe 3.100292e-04 1.054328e+00 -4.757048e-01 0.0 0.0 0.0 0.0 0.0 1.521447e-02 0.0
  pjaffe 4.058879e-03 1.000683e+00 7.602334e-01 0.0 0.0 0.0 0.0 0.0 5.505015e-02 0.0
  pjaffe 2.996358e-03 6.882996e-01 4.639807e-01 0.0 0.0 0.0 0.0 0.0 4.729903e-02 0.0
  pjaffe 2.459432e-04 2.170698e+00 -7.734770e-01 0.0 0.0 0.0 0.0 0.0 1.355105e-02 0.0
  pjaffe 6.277867e-04 6.517182e-02 -1.421183e+00 0.0 0.0 0.0 0.0 0.0 2.165018e-02 0.0
  pjaffe 8.882597e-04 1.691495e+00 -2.708549e-01 0.0 0.0 0.0 0.0 0.0 2.575286e-02 0.0
  pjaffe 1.591475e-03 -6.722865e-01 -6.133042e-01 0.0 0.0 0.0 0.0 0.0 3.447112e-02 0.0
  pjaffe 6.056149e-04 6.303811e-01 -1.613845e+00 0.0 0.0 0.0 0.0 0.0 2.126443e-02 0.0
  pjaffe 5.132814e-04 3.975910e-01 -1.967608e+00 0.0 0.0 0.0 0.0 0.0 1.957642e-02 0.0
  pjaffe 2.442744e-04 1.171196e+00 -1.428076e+00 0.0 0.0 0.0 0.0 0.0 1.350499e-02 0.0
  pjaffe 3.442812e-04 5.760023e-01 -9.823633e-01 0.0 0.0 0.0 0.0 0.0 1.603290e-02 0.0
  pjaffe 6.250157e-04 1.858698e+00 -2.983072e-01 0.0 0.0 0.0 0.0 0.0 2.160235e-02 0.0
  pjaffe 3.675874e-04 3.358519e-01 1.365902e-01 0.0 0.0 0.0 0.0 0.0 1.656669e-02 0.0
  pjaffe 3.897720e-04 -3.700625e-01 -1.449046e+00 0.0 0.0 0.0 0.0 0.0 1.705928e-02 0.0
  pjaffe 2.507010e-04 4.371292e-01 -1.882770e+00 0.0 0.0 0.0 0.0 0.0 1.368149e-02 0.0
  pjaffe 3.476182e-04 -6.077774e-01 -8.113935e-01 0.0 0.0 0.0 0.0 0.0 1.611041e-02 0.0
  pjaffe 2.746816e-04 1.242081e+00 -1.759238e+00 0.0 0.0 0.0 0.0 0.0 1.432090e-02 0.0
  pjaffe 4.509331e-04 4.415620e-01 -1.407508e-01 0.0 0.0 0.0 0.0 0.0 1.834896e-02 0.0
  pjaffe 7.243294e-04 -5.496849e-01 -7.256514e-01 0.0 0.0 0.0 0.0 0.0 2.325538e-02 0.0
  pjaffe 4.001720e-04 1.296959e+00 5.612726e-01 0.0 0.0 0.0 0.0 0.0 1.728538e-02 0.0
  pjaffe 2.803757e-04 -3.094303e-02 3.814100e-01 0.0 0.0 0.0 0.0 0.0 1.446857e-02 0.0
  pjaffe 2.828478e-04 1.071577e+00 -8.126402e-01 0.0 0.0 0.0 0.0 0.0 1.453222e-02 0.0
  pjaffe 4.880879e-04 1.964442e+00 -7.589837e-01 0.0 0.0 0.0 0.0 0.0 1.908994e-02 0.0
  pjaffe 2.360730e-04 1.368724e+00 -9.661727e-01 0.0 0.0 0.0 0.0 0.0 1.327635e-02 0.0
  pjaffe 8.703612e-04 1.782394e+00 -2.311095e-01 0.0 0.0 0.0 0.0 0.0 2.549208e-02 0.0
  pjaffe 2.974507e-04 6.458311e-01 -2.009103e+00 0.0 0.0 0.0 0.0 0.0 1.490263e-02 0.0
  pjaffe 2.326650e-04 1.598557e+00 -1.173527e+00 0.0 0.0 0.0 0.0 0.0 1.318017e-02 0.0
  pjaffe 4.521398e-04 6.990674e-01 -2.060864e+00 0.0 0.0 0.0 0.0 0.0 1.837350e-02 0.0
  pjaffe 2.398869e-04 1.843531e+00 -5.618457e-01 0.0 0.0 0.0 0.0 0.0 1.338316e-02 0.0
  pjaffe 2.707943e-04 -2.197736e-01 7.161334e-03 0.0 0.0 0.0 0.0 0.0 1.421920e-02 0.0
  pjaffe 3.141241e-04 8.471926e-01 -1.179694e+00 0.0 0.0 0.0 0.0 0.0 1.531461e-02 0.0
  pjaffe 4.909950e-04 -4.388282e-01 -3.678416e-01 0.0 0.0 0.0 0.0 0.0 1.914670e-02 0.0
  pjaffe 2.468354e-04 8.941270e-01 -1.419883e+00 0.0 0.0 0.0 0.0 0.0 1.357561e-02 0.0
  pjaffe 2.704510e-04 4.704515e-01 -3.222279e-02 0.0 0.0 0.0 0.0 0.0 1.421019e-02 0.0
  pjaffe 2.363754e-04 -2.356432e-02 -8.931200e-01 0.0 0.0 0.0 0.0 0.0 1.328485e-02 0.0
  pjaffe 4.536076e-04 4.859986e-01 3.773678e-01 0.0 0.0 0.0 0.0 0.0 1.840330e-02 0.0
  pjaffe 4.402630e-04 1.771289e+00 -9.212468e-01 0.0 0.0 0.0 0.0 0.0 1.813057e-02 0.0
  pjaffe 4.782519e-04 -1.395785e-01 -1.415318e+00 0.0 0.0 0.0 0.0 0.0 1.889661e-02 0.0
  pjaffe 3.499063e-04 1.027762e+00 2.210607e-01 0.0 0.0 0.0 0.0 0.0 1.616335e-02 0.0
  pjaffe 7.997094e-04 1.183214e+00 -5.430455e-01 0.0 0.0 0.0 0.0 0.0 2.443552e-02 0.0
  pjaffe 7.307170e-04 -2.532295e-01 -1.258399e+00 0.0 0.0 0.0 0.0 0.0 2.335770e-02 0.0
  pjaffe 5.235555e-04 1.663809e+00 -3.828817e-01 0.0 0.0 0.0 0.0 0.0 1.977137e-02 0.0
  pjaffe 2.661600e-04 7.397413e-01 -1.496116e+00 0.0 0.0 0.0 0.0 0.0 1.409700e-02 0.0
  pjaffe 2.944800e-04 2.012203e+00 -3.962035e-01 0.0 0.0 0.0 0.0 0.0 1.482803e-02 0.0
  pjaffe 5.520053e-04 5.240534e-01 -8.309575e-01 0.0 0.0 0.0 0.0 0.0 2.030145e-02 0.0
  pjaffe 4.582240e-04 4.629627e-02 -8.008835e-01 0.0 0.0 0.0 0.0 0.0 1.849670e-02 0.0
  pjaffe 3.861734e-04 -5.126732e-02 -6.492921e-01 0.0 0.0 0.0 0.0 0.0 1.698035e-02 0.0
  pjaffe 2.909917e-04 1.056629e-01 -1.984289e-02 0.0 0.0 0.0 0.0 0.0 1.473994e-02 0.0
  pjaffe 3.053325e-04 1.661033e+00 -1.577802e+00 0.0 0.0 0.0 0.0 0.0 1.509878e-02 0.0
  pjaffe 3.143898e-04 6.110437e-01 -1.479625e+00 0.0 0.0 0.0 0.0 0.0 1.532109e-02 0.0
  pjaffe 1.759677e-03 1.867703e+00 -1.244830e+00 0.0 0.0 0.0 0.0 0.0 3.624699e-02 0.0
  pjaffe 2.464817e-03 1.947582e+00 -1.347958e+00 0.0 0.0 0.0 0.0 0.0 4.289906e-02 0.0
  pjaffe 2.582542e-04 1.054703e+00 2.394565e-01 0.0 0.0 0.0 0.0 0.0 1.388606e-02 0.0
  pjaffe 3.197966e-03 1.181189e+00 -5.591419e-01 0.0 0.0 0.0 0.0 0.0 4.886438e-02 0.0
  pjaffe 2.579178e-04 1.700792e+00 -1.573988e+00 0.0 0.0 0.0 0.0 0.0 1.387702e-02 0.0
  pjaffe 2.803286e-04 1.517167e+00 4.392455e-01 0.0 0.0 0.0 0.0 0.0 1.446736e-02 0.0
  pjaffe 4.590265e-04 3.299442e-01 -2.318469e-01 0.0 0.0 0.0 0.0 0.0 1.851290e-02 0.0
  pjaffe 4.163838e-04 -4.314882e-01 -1.342267e+00 0.0 0.0 0.0 0.0 0.0 1.763203e-02 0.0
  pjaffe 3.403316e-04 1.879621e+00 -9.136649e-01 0.0 0.0 0.0 0.0 0.0 1.594067e-02 0.0
  pjaffe 7.120639e-04 1.235481e+00 4.176168e-02 0.0 0.0 0.0 0.0 0.0 2.305764e-02 0.0
  pjaffe 2.896343e-04 2.692180e-01 3.561546e-01 0.0 0.0 0.0 0.0 0.0 1.470552e-02 0.0
  pjaffe 3.352515e-04 -4.143749e-01 2.333463e-01 0.0 0.0 0.0 0.0 0.0 1.582125e-02 0.0
  pjaffe 1.027298e-03 1.114252e+00 6.219270e-01 0.0 0.0 0.0 0.0 0.0 2.769515e-02 0.0
  pjaffe 2.946742e-03 -6.765491e-01 -6.211372e-01 0.0 0.0 0.0 0.0 0.0 4.690579e-02 0.0
  pjaffe 3.154960e-04 -5.571192e-01 -5.815812e-01 0.0 0.0 0.0 0.0 0.0 1.534802e-02 0.0
  pjaffe 4.501638e-04 -1.255384e-01 8.488493e-02 0.0 0.0 0.0 0.0 0.0 1.833330e-02 0.0
  pjaffe 4.054826e-04 5.646470e-01 -1.616531e-01 0.0 0.0 0.0 0.0 0.0 1.739969e-02 0.0
  pjaffe 9.830807e-04 2.665401e-03 -1.068066e+00 0.0 0.0 0.0 0.0 0.0 2.709256e-02 0.0
  pjaffe 7.718227e-04 1.981866e-01 -5.957772e-01 0.0 0.0 0.0 0.0 0.0 2.400569e-02 0.0
  pjaffe 2.781762e-04 8.253915e-01 -3.650828e-01 0.0 0.0 0.0 0.0 0.0 1.441171e-02 0.0
  pjaffe 5.407542e-04 1.811763e+00 -1.139773e+00 0.0 0.0 0.0 0.0 0.0 2.009349e-02 0.0
  pjaffe 5.305202e-04 5.416787e-02 -1.382951e+00 0.0 0.0 0.0 0.0 0.0 1.990244e-02 0.0
  pjaffe 2.757303e-04 1.666585e+00 -1.651628e+00 0.0 0.0 0.0 0.0 0.0 1.434821e-02 0.0
  pjaffe 3.352180e-04 1.498585e+00 -1.951937e+00 0.0 0.0 0.0 0.0 0.0 1.582046e-02 0.0
  pjaffe 5.886080e-04 1.826912e+00 -6.936572e-01 0.0 0.0 0.0 0.0 0.0 2.096373e-02 0.0
  pjaffe 6.805634e-04 1.436593e+00 -1.604359e+00 0.0 0.0 0.0 0.0 0.0 2.254186e-02 0.0
  pjaffe 4.052508e-04 3.898674e-01 -1.429889e+00 0.0 0.0 0.0 0.0 0.0 1.739472e-02 0.0
  pjaffe 1.589685e-03 -3.938254e-01 1.301397e-01 0.0 0.0 0.0 0.0 0.0 3.445172e-02 0.0
  pjaffe 5.459775e-04 -1.914417e-02 -1.414900e+00 0.0 0.0 0.0 0.0 0.0 2.019030e-02 0.0
  pjaffe 4.838328e-04 1.597070e-01 -2.879234e-01 0.0 0.0 0.0 0.0 0.0 1.900654e-02 0.0
  pjaffe 3.084419e-04 1.616841e-01 -1.819234e-01 0.0 0.0 0.0 0.0 0.0 1.517547e-02 0.0
  pjaffe 3.554489e-04 8.966481e-01 -2.069591e+00 0.0 0.0 0.0 0.0 0.0 1.629086e-02 0.0
  pjaffe 5.548948e-04 3.134105e-01 -8.545259e-01 0.0 0.0 0.0 0.0 0.0 2.035452e-02 0.0
  pjaffe 1.886751e-03 6.631021e-01 -9.026881e-02 0.0 0.0 0.0 0.0 0.0 3.753296e-02 0.0
  pjaffe 8.931483e-04 1.378800e+00 -5.341343e-01 0.0 0.0 0.0 0.0 0.0 2.582363e-02 0.0
  pjaffe 2.522492e-04 1.009497e+00 -3.199832e-01 0.0 0.0 0.0 0.0 0.0 1.372367e-02 0.0
  pjaffe 9.461255e-04 5.965728e-01 -1.682979e+00 0.0 0.0 0.0 0.0 0.0 2.657846e-02 0.0
  pjaffe 3.131860e-04 3.157751e-01 -1.386747e+00 0.0 0.0 0.0 0.0 0.0 1.529173e-02 0.0
  pjaffe 2.883781e-04 3.328977e-01 -1.333810e+00 0.0 0.0 0.0 0.0 0.0 1.467360e-02 0.0
  pjaffe 3.589127e-04 7.560789e-01 -1.965061e+00 0.0 0.0 0.0 0.0 0.0 1.637005e-02 0.0
  pjaffe 2.345177e-04 5.768035e-01 -2.102000e+00 0.0 0.0 0.0 0.0 0.0 1.323254e-02 0.0
  pjaffe 6.303679e-04 1.388627e+00 -2.598611e-01 0.0 0.0 0.0 0.0 0.0 2.169464e-02 0.0
  pjaffe 5.698357e-04 3.036891e-01 -5.165515e-01 0.0 0.0 0.0 0.0 0.0 2.062673e-02 0.0
  pjaffe 4.789910e-04 3.377156e-01 6.000388e-01 0.0 0.0 0.0 0.0 0.0 1.891120e-02 0.0
  pjaffe 2.741593e-04 1.435590e+00 -8.825287e-01 0.0 0.0 0.0 0.0 0.0 1.430728e-02 0.0
  pjaffe 6.154649e-04 6.245664e-01 6.310968e-01 0.0 0.0 0.0 0.0 0.0 2.143666e-02 0.0
  pjaffe 3.435825e-04 1.851312e+00 -1.686196e+00 0.0 0.0 0.0 0.0 0.0 1.601662e-02 0.0
  pjaffe 2.594994e-04 2.219954e-01 -1.303219e+00 0.0 0.0 0.0 0.0 0.0 1.391950e-02 0.0
  pjaffe 2.410412e-04 7.282045e-01 -1.903737e-02 0.0 0.0 0.0 0.0 0.0 1.341532e-02 0.0
  pjaffe 8.657577e-04 1.912274e+00 -1.539596e+00 0.0 0.0 0.0 0.0 0.0 2.542457e-02 0.0
  pjaffe 3.295523e-04 8.990786e-01 -6.133590e-01 0.0 0.0 0.0 0.0 0.0 1.568620e-02 0.0
  pjaffe 2.672744e-04 7.602626e-01 -2.404450e-01 0.0 0.0 0.0 0.0 0.0 1.412649e-02 0.0
  pjaffe 2.508279e-04 -4.723287e-01 -4.124514e-02 0.0 0.0 0.0 0.0 0.0 1.368495e-02 0.0
  pjaffe 8.881225e-04 6.531034e-01 -1.301885e+00 0.0 0.0 0.0 0.0 0.0 2.575087e-02 0.0
  pjaffe 3.164363e-04 -1.501821e-01 -1.508112e+00 0.0 0.0 0.0 0.0 0.0 1.537088e-02 0.0
  pjaffe 2.284286e-04 6.594060e-01 -5.810219e-01 0.0 0.0 0.0 0.0 0.0 1.305962e-02 0.0
  pjaffe 3.065222e-04 1.669559e+00 4.661299e-01 0.0 0.0 0.0 0.0 0.0 1.512817e-02 0.0
  pjaffe 2.839892e-04 9.009579e-01 -1.125872e-01 0.0 0.0 0.0 0.0 0.0 1.456151e-02 0.0
  pjaffe 4.347572e-04 1.081990e+00 -2.032773e+00 0.0 0.0 0.0 0.0 0.0 1.801685e-02 0.0
  pjaffe 8.396806e-04 -2.069061e-01 -3.996407e-01 0.0 0.0 0.0 0.0 0.0 2.503874e-02 0.0
  pjaffe 5.196925e-04 1.135045e+00 -5.325046e-01 0.0 0.0 0.0 0.0 0.0 1.969830e-02 0.0
  pjaffe 3.208536e-04 8.983774e-01 3.288518e-01 0.0 0.0 0.0 0.0 0.0 1.547779e-02 0.0
  pjaffe 5.486754e-04 2.137905e+00 -8.207131e-01 0.0 0.0 0.0 0.0 0.0 2.024012e-02 0.0
  pjaffe 3.291332e-04 1.048036e+00 6.728546e-01 0.0 0.0 0.0 0.0 0.0 1.567622e-02 0.0
  pjaffe 1.068439e-03 1.346562e+00 -1.700061e+00 0.0 0.0 0.0 0.0 0.0 2.824426e-02 0.0
  pjaffe 2.689758e-04 1.086201e+00 -5.582461e-01 0.0 0.0 0.0 0.0 0.0 1.417138e-02 0.0
  pjaffe 3.238094e-04 9.762201e-01 2.991293e-01 0.0 0.0 0.0 0.0 0.0 1.554892e-02 0.0
  pjaffe 2.740009e-04 1.496815e+00 -1.467632e+00 0.0 0.0 0.0 0.0 0.0 1.430314e-02 0.0
  pjaffe 2.447248e-04 9.173262e-01 -1.029350e+00 0.0 0.0 0.0 0.0 0.0 1.351744e-02 0.0
  pjaffe 5.302461e-04 1.256023e+00 -9.149044e-01 0.0 0.0 0.0 0.0 0.0 1.989730e-02 0.0
  pjaffe 4.554079e-03 1.232317e-01 -7.750272e-02 0.0 0.0 0.0 0.0 0.0 5.831170e-02 0.0
  pjaffe 2.792155e-04 4.315864e-02 -3.826722e-01 0.0 0.0 0.0 0.0 0.0 1.443860e-02 0.0
  pjaffe 7.188885e-04 1.238629e+00 -3.360498e-01 0.0 0.0 0.0 0.0 0.0 2.316788e-02 0.0
  pjaffe 2.527311e-04 -2.003065e-01 -1.781134e+00 0.0 0.0 0.0 0.0 0.0 1.373678e-02 0.0
  pjaffe 3.122515e-04 8.656433e-01 7.507504e-01 0.0 0.0 0.0 0.0 0.0 1.526890e-02 0.0
  pjaffe 3.373407e-04 4.638346e-02 -1.188643e+00 0.0 0.0 0.0 0.0 0.0 1.587047e-02 0.0
  pjaffe 1.265378e-03 1.087551e+00 -1.699843e+00 0.0 0.0 0.0 0.0 0.0 3.073729e-02 0.0
  pjaffe 8.027491e-04 1.328171e+00 5.507052e-01 0.0 0.0 0.0 0.0 0.0 2.448191e-02 0.0
  pjaffe 3.139558e-04 1.291966e+00 3.035208e-01 0.0 0.0 0.0 0.0 0.0 1.531051e-02 0.0
  pjaffe 3.937441e-04 1.176138e+00 5.915652e-01 0.0 0.0 0.0 0.0 0.0 1.714599e-02 0.0
  pjaffe 4.590057e-04 1.332580e+00 -1.680893e+00 0.0 0.0 0.0 0.0 0.0 1.851248e-02 0.0
  pjaffe 2.488410e-04 2.039170e+00 -1.211454e+00 0.0 0.0 0.0 0.0 0.0 1.363065e-02 0.0
  pjaffe 1.768725e-03 5.543410e-01 3.375288e-01 0.0 0.0 0.0 0.0 0.0 3.634006e-02 0.0
  pjaffe 6.879884e-04 9.811655e-01 -4.445212e-02 0.0 0.0 0.0 0.0 0.0 2.266449e-02 0.0
  pjaffe 7.663658e-04 5.804255e-01 4.889093e-01 0.0 0.0 0.0 0.0 0.0 2.392068e-02 0.0
  pjaffe 7.782721e-04 5.983287e-01 6.318741e-01 0.0 0.0 0.0 0.0 0.0 2.410578e-02 0.0
  pjaffe 2.623870e-04 1.213222e+00 -1.848074e-01 0.0 0.0 0.0 0.0 0.0 1.399673e-02 0.0
  pjaffe 3.556547e-04 2.088105e+00 -1.293888e+00 0.0 0.0 0.0 0.0 0.0 1.629558e-02 0.0
  pjaffe 3.784704e-04 1.414906e+00 -2.970815e-01 0.0 0.0 0.0 0.0 0.0 1.681014e-02 0.0
  pjaffe 3.332025e-04 1.182187e+00 2.146460e-01 0.0 0.0 0.0 0.0 0.0 1.577283e-02 0.0
  pjaffe 2.668212e-04 1.656298e+00 -7.434707e-02 0.0 0.0 0.0 0.0 0.0 1.411450e-02 0.0
  pjaffe 5.902964e-04 1.435127e+00 -8.537205e-01 0.0 0.0 0.0 0.0 0.0 2.099377e-02 0.0
  pjaffe 2.393766e-04 2.568926e-01 -2.497209e-01 0.0 0.0 0.0 0.0 0.0 1.336892e-02 0.0
  pjaffe 3.551667e-04 -1.302716e-01 -1.112626e+00 0.0 0.0 0.0 0.0 0.0 1.628439e-02 0.0
  pjaffe 2.475946e-04 9.599309e-01 -1.244306e-01 0.0 0.0 0.0 0.0 0.0 1.359647e-02 0.0
  pjaffe 4.589011e-04 1.184575e+00 -1.513079e+00 0.0 0.0 0.0 0.0 0.0 1.851037e-02 0.0
  pjaffe 1.135645e-03 1.273868e+00 -2.262514e-01 0.0 0.0 0.0 0.0 0.0 2.911901e-02 0.0
  pjaffe 7.848491e-04 6.721829e-01 -1.351522e+00 0.0 0.0 0.0 0.0 0.0 2.420742e-02 0.0
  pjaffe 2.297065e-03 1.713455e+00 -8.782726e-01 0.0 0.0 0.0 0.0 0.0 4.141351e-02 0.0
  pjaffe 2.307352e-04 7.557331e-01 -7.498777e-01 0.0 0.0 0.0 0.0 0.0 1.312539e-02 0.0
  pjaffe 4.974861e-04 8.641173e-01 -2.118727e+00 0.0 0.0 0.0 0.0 0.0 1.927285e-02 0.0
  pjaffe 2.532769e-04 2.047576e+00 -5.511077e-01 0.0 0.0 0.0 0.0 0.0 1.375160e-02 0.0
  pjaffe 3.764768e-04 8.029964e-01 2.070166e-01 0.0 0.0 0.0 0.0 0.0 1.676581e-02 0.0
  pjaffe 3.690974e-04 8.374318e-01 -7.149050e-01 0.0 0.0 0.0 0.0 0.0 1.660068e-02 0.0
  pjaffe 3.549377e-04 8.363867e-01 -1.625083e+00 0.0 0.0 0.0 0.0 0.0 1.627914e-02 0.0
  pjaffe 2.355546e-04 5.037148e-01 6.542414e-01 0.0 0.0 0.0 0.0 0.0 1.326176e-02 0.0
  pjaffe 1.816713e-03 1.364989e+00 -7.234491e-01 0.0 0.0 0.0 0.0 0.0 3.682974e-02 0.0
  pjaffe 2.442242e-04 4.259558e-01 5.095757e-01 0.0 0.0 0.0 0.0 0.0 1.350361e-02 0.0
  pjaffe 2.322317e-04 5.506009e-01 -1.652265e+00 0.0 0.0 0.0 0.0 0.0 1.316789e-02 0.0
  pjaffe 1.635598e-03 1.196039e+00 -5.555002e-01 0.0 0.0 0.0 0.0 0.0 3.494570e-02 0.0
  pjaffe 5.459214e-04 2.229354e+00 -3.969822e-01 0.0 0.0 0.0 0.0 0.0 2.018926e-02 0.0
  pjaffe 2.950145e-04 1.918667e-01 -6.541832e-01 0.0 0.0 0.0 0.0 0.0 1.484148e-02 0.0
  pjaffe 2.688609e-04 -5.846415e-01 -1.033185e+00 0.0 0.0 0.0 0.0 0.0 1.416835e-02 0.0
  pjaffe 3.548605e-04 1.869470e+00 -6.286071e-01 0.0 0.0 0.0 0.0 0.0 1.627737e-02 0.0
  pjaffe 4.327698e-04 5.383930e-01 -9.623017e-01 0.0 0.0 0.0 0.0 0.0 1.797562e-02 0.0
  pjaffe 2.372638e-04 1.320188e+00 -1.611539e+00 0.0 0.0 0.0 0.0 0.0 1.330979e-02 0.0
  pjaffe 4.247699e-04 1.606894e+00 -1.413886e+00 0.0 0.0 0.0 0.0 0.0 1.780870e-02 0.0
  pjaffe 2.331538e-04 8.208583e-03 -5.191103e-01 0.0 0.0 0.0 0.0 0.0 1.319401e-02 0.0
  pjaffe 1.019473e-03 1.428512e+00 -1.263125e-01 0.0 0.0 0.0 0.0 0.0 2.758947e-02 0.0
  pjaffe 2.708011e-04 1.645951e+00 -1.666388e+00 0.0 0.0 0.0 0.0 0.0 1.421938e-02 0.0
  pjaffe 3.144816e-04 6.630481e-01 -4.392793e-01 0.0 0.0 0.0 0.0 0.0 1.532333e-02 0.0
  pjaffe 1.331788e-03 2.023565e+00 -3.301826e-01 0.0 0.0 0.0 0.0 0.0 3.153356e-02 0.0
  pjaffe 2.765382e-04 2.363981e-01 -6.597583e-01 0.0 0.0 0.0 0.0 0.0 1.436921e-02 0.0
  pjaffe 8.943007e-04 1.860986e+00 -1.569562e+00 0.0 0.0 0.0 0.0 0.0 2.584028e-02 0.0
  pjaffe 2.321503e-04 2.385705e-01 5.328298e-01 0.0 0.0 0.0 0.0 0.0 1.316558e-02 0.0
  pjaffe 3.730126e-04 1.833249e+00 6.404701e-02 0.0 0.0 0.0 0.0 0.0 1.668850e-02 0.0
  pjaffe 6.442947e-04 8.187078e-01 2.729605e-01 0.0 0.0 0.0 0.0 0.0 2.193298e-02 0.0
  pjaffe 5.174618e-04 7.988808e-01 -1.744874e-01 0.0 0.0 0.0 0.0 0.0 1.965598e-02 0.0
  pjaffe 5.014575e-04 1.583093e+00 -2.646104e-01 0.0 0.0 0.0 0.0 0.0 1.934962e-02 0.0
  pjaffe 4.272729e-04 2.079807e+00 -1.550841e-01 0.0 0.0 0.0 0.0 0.0 1.786110e-02 0.0
  pjaffe 2.581599e-04 -1.223444e-01 -1.273386e+00 0.0 0.0 0.0 0.0 0.0 1.388353e-02 0.0
  pjaffe 6.949766e-04 3.736676e-02 5.957914e-01 0.0 0.0 0.0 0.0 0.0 2.277931e-02 0.0
  pjaffe 3.465505e-04 1.056085e+00 -2.036030e+00 0.0 0.0 0.0 0.0 0.0 1.608565e-02 0.0
  pjaffe 2.319564e-04 1.798927e+00 -1.021417e+00 0.0 0.0 0.0 0.0 0.0 1.316008e-02 0.0
  pjaffe 3.458698e-04 3.240957e-01 -1.137677e+00 0.0 0.0 0.0 0.0 0.0 1.606985e-02 0.0
  pjaffe 2.933429e-04 2.246665e+00 -5.483508e-01 0.0 0.0 0.0 0.0 0.0 1.479937e-02 0.0
  pjaffe 5.430398e-04 4.846925e-01 3.573485e-01 0.0 0.0 0.0 0.0 0.0 2.013591e-02 0.0
  pjaffe 2.324134e-04 6.943736e-01 -1.967446e+00 0.0 0.0 0.0 0.0 0.0 1.317304e-02 0.0
  pjaffe 3.277585e-04 1.805901e-01 -1.840187e+00 0.0 0.0 0.0 0.0 0.0 1.564345e-02 0.0
  pjaffe 6.282168e-04 2.160217e+00 -9.317168e-01 0.0 0.0 0.0 0.0 0.0 2.165759e-02 0.0
  pjaffe 3.030143e-03 8.050206e-01 4.199909e-01 0.0 0.0 0.0 0.0 0.0 4.756495e-02 0.0
  pjaffe 3.965297e-04 1.603615e+00 -1.697469e+00 0.0 0.0 0.0 0.0 0.0 1.720653e-02 0.0
  pjaffe 7.336722e-04 1.733175e+00 -1.932302e-01 0.0 0.0 0.0 0.0 0.0 2.340488e-02 0.0
  pjaffe 5.372750e-04 1.706274e+00 -8.361555e-01 0.0 0.0 0.0 0.0 0.0 2.002875e-02 0.0
  pjaffe 2.373441e-04 1.089533e+00 -2.947489e-01 0.0 0.0 0.0 0.0 0.0 1.331204e-02 0.0
  pjaffe 8.142226e-04 9.646683e-02 -1.951557e+00 0.0 0.0 0.0 0.0 0.0 2.465625e-02 0.0
  pjaffe 6.404203e-04 1.033409e+00 -6.413817e-02 0.0 0.0 0.0 0.0 0.0 2.186694e-02 0.0
  pjaffe 3.169169e-04 1.756077e+00 -7.396527e-01 0.0 0.0 0.0 0.0 0.0 1.538254e-02 0.0
  pjaffe 4.999814e-04 1.326141e+00 -1.444418e+00 0.0 0.0 0.0 0.0 0.0 1.932112e-02 0.0
  pjaffe 9.995355e-04 1.523112e-01 -1.122888e+00 0.0 0.0 0.0 0.0 0.0 2.731836e-02 0.0
  pjaffe 2.513776e-04 2.454421e-01 3.165083e-01 0.0 0.0 0.0 0.0 0.0 1.369994e-02 0.0
  pjaffe 2.293873e-04 -1.933109e-01 -1.814497e+00 0.0 0.0 0.0 0.0 0.0 1.308700e-02 0.0
  pjaffe 8.331887e-04 1.935967e+00 -8.465254e-01 0.0 0.0 0.0 0.0 0.0 2.494176e-02 0.0
  pjaffe 3.160070e-04 9.739875e-01 1.824950e-01 0.0 0.0 0.0 0.0 0.0 1.536045e-02 0.0
  pjaffe 7.747906e-04 9.758079e-01 -1.583206e+00 0.0 0.0 0.0 0.0 0.0 2.405180e-02 0.0
  pjaffe 2.873889e-04 7.017026e-01 7.904592e-01 0.0 0.0 0.0 0.0 0.0 1.464841e-02 0.0
  pjaffe 2.822363e-04 2.454381e-01 -8.456405e-01 0.0 0.0 0.0 0.0 0.0 1.451650e-02 0.0
  pjaffe 2.282308e-03 -1.517111e-01 -4.907376e-01 0.0 0.0 0.0 0.0 0.0 4.128027e-02 0.0
  pjaffe 1.836043e-03 5.114213e-01 6.351161e-01 0.0 0.0 0.0 0.0 0.0 3.702516e-02 0.0
  pjaffe 2.410842e-04 -5.664142e-01 -1.097805e+00 0.0 0.0 0.0 0.0 0.0 1.341652e-02 0.0
  pjaffe 2.476196e-04 2.225209e-01 -2.012604e+00 0.0 0.0 0.0 0.0 0.0 1.359715e-02 0.0
  pjaffe 2.646167e-04 1.002045e-01 -1.568869e+00 0.0 0.0 0.0 0.0 0.0 1.405608e-02 0.0
  pjaffe 2.456362e-04 -7.056810e-02 -1.143877e+00 0.0 0.0 0.0 0.0 0.0 1.354259e-02 0.0
  pjaffe 3.315540e-04 5.413734e-01 -5.047695e-01 0.0 0.0 0.0 0.0 0.0 1.573376e-02 0.0
  pjaffe 2.586621e-04 -2.056104e-01 -5.788561e-01 0.0 0.0 0.0 0.0 0.0 1.389703e-02 0.0
  pjaffe 1.490940e-03 1.287794e+00 -1.041425e+00 0.0 0.0 0.0 0.0 0.0 3.336457e-02 0.0
  pjaffe 3.476008e-04 1.808144e+00 -1.190145e+00 0.0 0.0 0.0 0.0 0.0 1.611001e-02 0.0
  pjaffe 6.697550e-04 1.384255e+00 -6.127133e-01 0.0 0.0 0.0 0.0 0.0 2.236214e-02 0.0
  pjaffe 7.080651e-04 7.017427e-01 -2.160861e+00 0.0 0.0 0.0 0.0 0.0 2.299281e-02 0.0
  pjaffe 4.062508e-04 -1.636962e-01 -4.546446e-01 0.0 0.0 0.0 0.0 0.0 1.741617e-02 0.0
  pjaffe 7.177296e-04 1.452712e+00 -1.343365e+00 0.0 0.0 0.0 0.0 0.0 2.314919e-02 0.0
  pjaffe 2.412745e-04 7.753722e-01 -8.196428e-01 0.0 0.0 0.0 0.0 0.0 1.342181e-02 0.0
  pjaffe 4.101932e-04 9.822032e-01 -2.030325e+00 0.0 0.0 0.0 0.0 0.0 1.750047e-02 0.0
  pjaffe 7.118328e-04 1.005860e+00 1.979597e-01 0.0 0.0 0.0 0.0 0.0 2.305390e-02 0.0
  pjaffe 1.363821e-03 2.858877e-02 -9.118878e-01 0.0 0.0 0.0 0.0 0.0 3.191054e-02 0.0
  pjaffe 4.452415e-04 9.484949e-02 1.161205e-01 0.0 0.0 0.0 0.0 0.0 1.823280e-02 0.0
  pjaffe 4.526961e-04 1.195826e+00 -9.807308e-01 0.0 0.0 0.0 0.0 0.0 1.838480e-02 0.0
  pjaffe 1.319479e-03 5.280469e-01 -6.720321e-01 0.0 0.0 0.0 0.0 0.0 3.138750e-02 0.0
  pjaffe 3.900844e-04 5.015460e-01 -1.792110e+00 0.0 0.0 0.0 0.0 0.0 1.706612e-02 0.0
  pjaffe 3.135019e-04 -1.712548e-01 -1.428078e+00 0.0 0.0 0.0 0.0 0.0 1.529944e-02 0.0
  pjaffe 3.739942e-04 -2.454517e-01 1.649822e-01 0.0 0.0 0.0 0.0 0.0 1.671044e-02 0.0
  pjaffe 1.149141e-03 -1.549050e-01 -1.482153e+00 0.0 0.0 0.0 0.0 0.0 2.929153e-02 0.0
  pjaffe 2.416604e-04 1.486619e+00 -7.709179e-01 0.0 0.0 0.0 0.0 0.0 1.343254e-02 0.0
  pjaffe 3.940068e-04 2.097768e+00 -1.439632e-02 0.0 0.0 0.0 0.0 0.0 1.715171e-02 0.0
  pjaffe 1.391940e-03 1.984417e+00 -1.090574e+00 0.0 0.0 0.0 0.0 0.0 3.223782e-02 0.0
  pjaffe 2.819301e-04 3.920811e-01 2.392826e-01 0.0 0.0 0.0 0.0 0.0 1.450862e-02 0.0
  pjaffe 3.437609e-03 5.940586e-01 2.754338e-01 0.0 0.0 0.0 0.0 0.0 5.066216e-02 0.0
  pjaffe 3.751736e-04 1.105099e+00 3.708939e-01 0.0 0.0 0.0 0.0 0.0 1.673677e-02 0.0
  pjaffe 3.712971e-04 4.364737e-02 -1.307530e+00 0.0 0.0 0.0 0.0 0.0 1.665008e-02 0.0
  pjaffe 3.493773e-04 1.274263e+00 -1.723902e+00 0.0 0.0 0.0 0.0 0.0 1.615112e-02 0.0
  pjaffe 7.000570e-04 -7.029118e-01 -8.604355e-01 0.0 0.0 0.0 0.0 0.0 2.286242e-02 0.0
  pjaffe 2.697096e-04 1.271518e-01 -3.020014e-01 0.0 0.0 0.0 0.0 0.0 1.419070e-02 0.0
  pjaffe 3.613829e-04 1.749165e+00 -2.021040e-01 0.0 0.0 0.0 0.0 0.0 1.642628e-02 0.0
  pjaffe 2.371466e-04 -2.878016e-01 -6.673022e-01 0.0 0.0 0.0 0.0 0.0 1.330650e-02 0.0
  pjaffe 3.128293e-04 -1.626942e-01 2.178591e-03 0.0 0.0 0.0 0.0 0.0 1.528302e-02 0.0
  pjaffe 2.942742e-04 1.340049e+00 -1.062412e-01 0.0 0.0 0.0 0.0 0.0 1.482284e-02 0.0
  pjaffe 2.945200e-04 8.916178e-01 -5.527918e-01 0.0 0.0 0.0 0.0 0.0 1.482903e-02 0.0
  pjaffe 2.439552e-04 1.901905e+00 -1.138183e+00 0.0 0.0 0.0 0.0 0.0 1.349617e-02 0.0
  pjaffe 3.105527e-04 1.779494e+00 5.054917e-02 0.0 0.0 0.0 0.0 0.0 1.522731e-02 0.0
  pjaffe 8.423384e-04 1.537898e+00 -6.339718e-01 0.0 0.0 0.0 0.0 0.0 2.507834e-02 0.0
  pjaffe 3.923020e-04 9.106852e-01 -8.344870e-01 0.0 0.0 0.0 0.0 0.0 1.711456e-02 0.0
  pjaffe 2.464279e-04 2.299106e-01 -1.523943e+00 0.0 0.0 0.0 0.0 0.0 1.356439e-02 0.0
  pjaffe 4.383957e-04 1.799896e+00 -1.702438e+00 0.0 0.0 0.0 0.0 0.0 1.809208e-02 0.0
  pjaffe 2.932029e-04 1.980723e+00 -2.618523e-01 0.0 0.0 0.0 0.0 0.0 1.479584e-02 0.0
  pjaffe 2.437917e-04 5.357702e-01 2.523383e-01 0.0 0.0 0.0 0.0 0.0 1.349165e-02 0.0
  pjaffe 2.553670e-04 -6.691662e-01 -4.873035e-01 0.0 0.0 0.0 0.0 0.0 1.380822e-02 0.0
  pjaffe 5.920843e-04 -1.971645e-01 3.556838e-01 0.0 0.0 0.0 0.0 0.0 2.102554e-02 0.0
  pjaffe 2.350442e-04 1.711598e+00 -4.361896e-01 0.0 0.0 0.0 0.0 0.0 1.324739e-02 0.0
  pjaffe 2.809373e-04 1.488666e-01 -1.972574e+00 0.0 0.0 0.0 0.0 0.0 1.448305e-02 0.0
  pjaffe 2.671838e-04 1.130212e+00 4.080896e-01 0.0 0.0 0.0 0.0 0.0 1.412409e-02 0.0
  pjaffe 2.489243e-04 1.557880e+00 -5.930782e-01 0.0 0.0 0.0 0.0 0.0 1.363293e-02 0.0
  pjaffe 1.289672e-03 7.379022e-01 -7.528220e-01 0.0 0.0 0.0 0.0 0.0 3.103096e-02 0.0
  pjaffe 2.379357e-04 1.651445e+00 -1.516249e+00 0.0 0.0 0.0 0.0 0.0 1.332862e-02 0.0
  pjaffe 3.788216e-04 8.794976e-01 -4.717765e-01 0.0 0.0 0.0 0.0 0.0 1.681794e-02 0.0
  pjaffe 6.873761e-04 1.202612e+00 -4.872000e-01 0.0 0.0 0.0 0.0 0.0 2.265441e-02 0.0
  pjaffe 1.245935e-03 1.024344e+00 2.646583e-01 0.0 0.0 0.0 0.0 0.0 3.050023e-02 0.0
  pjaffe 7.104872e-04 8.803111e-01 -2.599862e-01 0.0 0.0 0.0 0.0 0.0 2.303210e-02 0.0
  pjaffe 3.771326e-04 -5.260031e-01 -1.096293e-01 0.0 0.0 0.0 0.0 0.0 1.678041e-02 0.0
  pjaffe 8.193864e-04 1.388153e+00 3.343210e-01 0.0 0.0 0.0 0.0 0.0 2.473431e-02 0.0
  pjaffe 2.628140e-04 1.662340e+00 -1.093179e+00 0.0 0.0 0.0 0.0 0.0 1.400812e-02 0.0
  pjaffe 7.676125e-04 2.246778e+00 -5.511243e-01 0.0 0.0 0.0 0.0 0.0 2.394013e-02 0.0
  pjaffe 7.786117e-04 1.260916e+00 -6.353397e-01 0.0 0.0 0.0 0.0 0.0 2.411104e-02 0.0
  pjaffe 4.378721e-04 -8.948993e-02 -1.102542e+00 0.0 0.0 0.0 0.0 0.0 1.808128e-02 0.0
  pjaffe 3.555042e-04 1.313247e+00 -1.838305e-01 0.0 0.0 0.0 0.0 0.0 1.629213e-02 0.0
  pjaffe 2.851834e-04 1.632348e-01 2.018534e-01 0.0 0.0 0.0 0.0 0.0 1.459209e-02 0.0
  pjaffe 2.326897e-04 -2.181260e-02 -1.622308e+00 0.0 0.0 0.0 0.0 0.0 1.318087e-02 0.0
  pjaffe 5.483900e-04 1.086489e-01 -6.028033e-01 0.0 0.0 0.0 0.0 0.0 2.023486e-02 0.0
  pjaffe 2.960345e-04 1.593121e+00 -4.876405e-01 0.0 0.0 0.0 0.0 0.0 1.486711e-02 0.0
  pjaffe 6.490519e-04 1.268979e+00 -3.562760e-01 0.0 0.0 0.0 0.0 0.0 2.201381e-02 0.0
  pjaffe 4.667128e-03 3.864138e-01 8.109731e-02 0.0 0.0 0.0 0.0 0.0 5.903102e-02 0.0
  pjaffe 2.881251e-04 1.493553e+00 -1.540123e+00 0.0 0.0 0.0 0.0 0.0 1.466716e-02 0.0
  pjaffe 2.900025e-04 6.817265e-01 2.247609e-01 0.0 0.0 0.0 0.0 0.0 1.471487e-02 0.0
  pjaffe 3.080499e-04 3.996140e-01 -1.577994e+00 0.0 0.0 0.0 0.0 0.0 1.516582e-02 0.0
  pjaffe 1.393447e-03 4.560910e-01 -5.721444e-01 0.0 0.0 0.0 0.0 0.0 3.225527e-02 0.0
  pjaffe 1.221020e-03 1.359300e+00 -1.319701e+00 0.0 0.0 0.0 0.0 0.0 3.019374e-02 0.0
  pjaffe 4.286253e-04 -2.615819e-01 -1.366516e+00 0.0 0.0 0.0 0.0 0.0 1.788934e-02 0.0
  pjaffe 4.031550e-04 1.712911e+00 -1.143062e-01 0.0 0.0 0.0 0.0 0.0 1.734968e-02 0.0
  pjaffe 5.550635e-04 5.558892e-01 -9.709937e-01 0.0 0.0 0.0 0.0 0.0 2.035761e-02 0.0
  pjaffe 2.536497e-04 6.269715e-01 -1.778245e+00 0.0 0.0 0.0 0.0 0.0 1.376172e-02 0.0
  pjaffe 2.692477e-04 1.203835e+00 1.524917e-02 0.0 0.0 0.0 0.0 0.0 1.417854e-02 0.0
  pjaffe 9.063165e-04 5.770924e-01 -3.599208e-01 0.0 0.0 0.0 0.0 0.0 2.601330e-02 0.0
  pjaffe 7.032396e-04 -3.944166e-01 -1.584753e+00 0.0 0.0 0.0 0.0 0.0 2.291433e-02 0.0
  pjaffe 2.519553e-04 -3.673202e-01 -1.337089e+00 0.0 0.0 0.0 0.0 0.0 1.371568e-02 0.0
  pjaffe 8.700231e-04 1.050991e+00 -1.832483e+00 0.0 0.0 0.0 0.0 0.0 2.548713e-02 0.0
  pjaffe 5.595501e-04 4.745303e-01 -6.581751e-01 0.0 0.0 0.0 0.0 0.0 2.043972e-02 0.0
  pjaffe 9.309511e-04 1.215768e+00 -1.856373e+00 0.0 0.0 0.0 0.0 0.0 2.636446e-02 0.0
  pjaffe 2.738621e-04 -3.745694e-01 -2.911155e-01 0.0 0.0 0.0 0.0 0.0 1.429952e-02 0.0
  pjaffe 2.349195e-04 5.815870e-01 -1.288505e+00 0.0 0.0 0.0 0.0 0.0 1.324387e-02 0.0
  pjaffe 4.279671e-04 1.611710e+00 -1.733801e+00 0.0 0.0 0.0 0.0 0.0 1.787560e-02 0.0
  pjaffe 1.478266e-03 7.162629e-01 -1.286957e-01 0.0 0.0 0.0 0.0 0.0 3.322246e-02 0.0
  pjaffe 2.766280e-04 -5.779501e-01 -5.333304e-01 0.0 0.0 0.0 0.0 0.0 1.437155e-02 0.0
  pjaffe 3.190581e-04 1.896966e+00 -1.527671e+00 0.0 0.0 0.0 0.0 0.0 1.543442e-02 0.0
  pjaffe 2.471509e-04 1.781423e+00 -1.220306e-01 0.0 0.0 0.0 0.0 0.0 1.358428e-02 0.0
  pjaffe 3.080941e-04 8.167301e-01 -1.494439e-01 0.0 0.0 0.0 0.0 0.0 1.516691e-02 0.0
  pjaffe 2.925415e-04 -6.497732e-01 -2.516567e-01 0.0 0.0 0.0 0.0 0.0 1.477914e-02 0.0
  pjaffe 2.959736e-04 1.210916e+00 -1.370933e+00 0.0 0.0 0.0 0.0 0.0 1.486558e-02 0.0
  pjaffe 2.841235e-04 7.805985e-01 -1.223908e+00 0.0 0.0 0.0 0.0 0.0 1.456495e-02 0.0
  pjaffe 1.084714e-03 1.812995e+00 -4.424547e-01 0.0 0.0 0.0 0.0 0.0 2.845857e-02 0.0
  pjaffe 4.520366e-04 1.447009e+00 -3.588707e-01 0.0 0.0 0.0 0.0 0.0 1.837140e-02 0.0
  pjaffe 1.067854e-03 1.547699e+00 -1.750192e+00 0.0 0.0 0.0 0.0 0.0 2.823653e-02 0.0
  pjaffe 3.235273e-04 9.188644e-01 1.813983e-01 0.0 0.0 0.0 0.0 0.0 1.554214e-02 0.0
  pjaffe 2.780170e-04 5.288346e-01 6.819450e-01 0.0 0.0 0.0 0.0 0.0 1.440758e-02 0.0
  pjaffe 3.160119e-04 2.018721e-01 -1.191959e+00 0.0 0.0 0.0 0.0 0.0 1.536056e-02 0.0
  pjaffe 7.097748e-04 1.806562e+00 -6.628137e-02 0.0 0.0 0.0 0.0 0.0 2.302055e-02 0.0
  pjaffe 3.498303e-04 6.675471e-01 -1.114658e+00 0.0 0.0 0.0 0.0 0.0 1.616159e-02 0.0
  pjaffe 2.476258e-04 3.987934e-01 -3.602379e-01 0.0 0.0 0.0 0.0 0.0 1.359732e-02 0.0
  pjaffe 7.102999e-04 8.499863e-01 5.900031e-01 0.0 0.0 0.0 0.0 0.0 2.302907e-02 0.0
  pjaffe 3.166129e-04 9.390009e-01 7.012261e-01 0.0 0.0 0.0 0.0 0.0 1.537516e-02 0.0
  pjaffe 3.038190e-04 9.587277e-01 1.509683e-03 0.0 0.0 0.0 0.0 0.0 1.506132e-02 0.0
  pjaffe 3.600570e-04 9.923718e-01 -4.121382e-02 0.0 0.0 0.0 0.0 0.0 1.639612e-02 0.0
  pjaffe 3.487791e-04 1.873600e+00 -1.069905e+00 0.0 0.0 0.0 0.0 0.0 1.613729e-02 0.0
  pjaffe 4.680417e-04 -1.892796e-01 -6.904285e-01 0.0 0.0 0.0 0.0 0.0 1.869380e-02 0.0
  pjaffe 4.805890e-04 1.195430e+00 3.602540e-01 0.0 0.0 0.0 0.0 0.0 1.894272e-02 0.0
  pjaffe 4.024184e-04 -5.459824e-01 2.206316e-02 0.0 0.0 0.0 0.0 0.0 1.733382e-02 0.0
  pjaffe 3.443244e-04 6.528313e-01 4.208003e-01 0.0 0.0 0.0 0.0 0.0 1.603391e-02 0.0
  pjaffe 1.286132e-03 -3.319902e-01 -2.684984e-01 0.0 0.0 0.0 0.0 0.0 3.098833e-02 0.0
  pjaffe 5.258338e-04 5.092941e-01 -1.963561e+00 0.0 0.0 0.0 0.0 0.0 1.981434e-02 0.0
  pjaffe 5.117028e-04 1.647207e+00 2.170656e-02 0.0 0.0 0.0 0.0 0.0 1.954629e-02 0.0
  pjaffe 2.537943e-04 4.796901e-01 -1.814005e+00 0.0 0.0 0.0 0.0 0.0 1.376564e-02 0.0
  pjaffe 2.618514e-04 -6.252917e-01 -9.846339e-01 0.0 0.0 0.0 0.0 0.0 1.398244e-02 0.0
  pjaffe 3.179272e-04 3.474231e-01 1.254822e-01 0.0 0.0 0.0 0.0 0.0 1.540704e-02 0.0
  pjaffe 5.577567e-04 4.896877e-01 -4.140761e-01 0.0 0.0 0.0 0.0 0.0 2.040694e-02 0.0
  pjaffe 4.060086e-04 -3.025921e-01 -7.178563e-01 0.0 0.0 0.0 0.0 0.0 1.741097e-02 0.0
  pjaffe 2.526804e-04 2.374810e-01 2.460983e-01 0.0 0.0 0.0 0.0 0.0 1.373540e-02 0.0
  pjaffe 2.845559e-04 5.763395e-01 -2.016524e+00 0.0 0.0 0.0 0.0 0.0 1.457603e-02 0.0
  pjaffe 8.880187e-04 4.444220e-01 5.217138e-01 0.0 0.0 0.0 0.0 0.0 2.574936e-02 0.0
  pjaffe 4.258264e-04 1.138659e+00 -9.250035e-01 0.0 0.0 0.0 0.0 0.0 1.783084e-02 0.0
  pjaffe 2.741487e-04 1.233702e+00 -2.062976e+00 0.0 0.0 0.0 0.0 0.0 1.430700e-02 0.0
  pjaffe 2.531399e-04 5.659764e-01 5.484773e-01 0.0 0.0 0.0 0.0 0.0 1.374788e-02 0.0
  pjaffe 4.360467e-04 8.195109e-01 2.542899e-02 0.0 0.0 0.0 0.0 0.0 1.804355e-02 0.0
  pjaffe 7.090870e-04 2.658198e-01 -1.654582e+00 0.0 0.0 0.0 0.0 0.0 2.300940e-02 0.0
  pjaffe 2.326292e-04 3.493128e-01 -1.744875e-01 0.0 0.0 0.0 0.0 0.0 1.317916e-02 0.0
  pjaffe 3.745554e-04 -2.869126e-01 -1.030040e-02 0.0 0.0 0.0 0.0 0.0 1.672297e-02 0.0
  pjaffe 3.658822e-04 2.042312e+00 -1.402604e+00 0.0 0.0 0.0 0.0 0.0 1.652822e-02 0.0
  pjaffe 4.608449e-04 -2.167755e-02 3.237147e-01 0.0 0.0 0.0 0.0 0.0 1.854953e-02 0.0
  pjaffe 5.458168e-04 1.557146e-01 3.604353e-01 0.0 0.0 0.0 0.0 0.0 2.018733e-02 0.0
  pjaffe 4.676955e-04 -6.461899e-01 -1.041962e+00 0.0 0.0 0.0 0.0 0.0 1.868689e-02 0.0
  pjaffe 8.722921e-04 1.037266e+00 -8.512361e-01 0.0 0.0 0.0 0.0 0.0 2.552034e-02 0.0
  pjaffe 5.886564e-04 -9.441573e-02 -1.444486e+00 0.0 0.0 0.0 0.0 0.0 2.096459e-02 0.0
  pjaffe 2.330723e-04 1.226796e+00 1.395696e-01 0.0 0.0 0.0 0.0 0.0 1.319170e-02 0.0
  pjaffe 3.368467e-04 2.293213e-01 -3.495525e-01 0.0 0.0 0.0 0.0 0.0 1.585885e-02 0.0
  pjaffe 4.782191e-04 1.724626e-01 -1.166111e-01 0.0 0.0 0.0 0.0 0.0 1.889596e-02 0.0
  pjaffe 8.814198e-04 1.528509e-01 -1.209075e+00 0.0 0.0 0.0 0.0 0.0 2.565351e-02 0.0
  pjaffe 1.124082e-03 1.112117e+00 -1.612449e+00 0.0 0.0 0.0 0.0 0.0 2.897040e-02 0.0
  pjaffe 3.291314e-04 1.483230e+00 -3.693391e-01 0.0 0.0 0.0 0.0 0.0 1.567617e-02 0.0
  pjaffe 9.737355e-04 1.569931e+00 -2.353476e-01 0.0 0.0 0.0 0.0 0.0 2.696348e-02 0.0
  pjaffe 2.286343e-04 2.018432e+00 -1.366461e+00 0.0 0.0 0.0 0.0 0.0 1.306550e-02 0.0
  pjaffe 6.386030e-04 4.541462e-01 -4.565355e-01 0.0 0.0 0.0 0.0 0.0 2.183589e-02 0.0
  pjaffe 3.168171e-04 1.710270e+00 -1.416058e+00 0.0 0.0 0.0 0.0 0.0 1.538012e-02 0.0
  pjaffe 3.096710e-04 1.860225e+00 -1.156471e+00 0.0 0.0 0.0 0.0 0.0 1.520568e-02 0.0
  pjaffe 6.551091e-04 9.687594e-01 5.943030e-01 0.0 0.0 0.0 0.0 0.0 2.211629e-02 0.0
  pjaffe 4.624018e-04 1.156061e+00 4.476970e-01 0.0 0.0 0.0 0.0 0.0 1.858083e-02 0.0
  pjaffe 1.147329e-03 8.207661e-01 -5.563141e-01 0.0 0.0 0.0 0.0 0.0 2.926842e-02 0.0
  pjaffe 3.436990e-04 8.809398e-01 -5.472483e-01 0.0 0.0 0.0 0.0 0.0 1.601934e-02 0.0
  pjaffe 4.285278e-04 1.026050e+00 -2.833586e-01 0.0 0.0 0.0 0.0 0.0 1.788731e-02 0.0
  pjaffe 2.559820e-04 1.788160e+00 -2.645264e-01 0.0 0.0 0.0 0.0 0.0 1.382484e-02 0.0
  pjaffe 2.859592e-04 1.455240e+00 -6.140483e-01 0.0 0.0 0.0 0.0 0.0 1.461193e-02 0.0
  pjaffe 2.730206e-04 4.620464e-02 -2.395093e-01 0.0 0.0 0.0 0.0 0.0 1.427753e-02 0.0
  pjaffe 2.520677e-04 1.625933e+00 -1.510233e+00 0.0 0.0 0.0 0.0 0.0 1.371873e-02 0.0
  pjaffe 3.654286e-04 2.124539e+00 -1.213256e+00 0.0 0.0 0.0 0.0 0.0 1.651797e-02 0.0
  pjaffe 2.458382e-04 8.114381e-01 5.749577e-01 0.0 0.0 0.0 0.0 0.0 1.354816e-02 0.0
  pjaffe 1.111162e-03 -1.078746e-02 -1.552064e+00 0.0 0.0 0.0 0.0 0.0 2.880343e-02 0.0
  pjaffe 4.510560e-04 1.183671e+00 -9.198499e-01 0.0 0.0 0.0 0.0 0.0 1.835146e-02 0.0
  pjaffe 4.539605e-04 2.077194e-01 -7.739715e-01 0.0 0.0 0.0 0.0 0.0 1.841045e-02 0.0
  pjaffe 6.808737e-04 2.109381e+00 -1.007814e-01 0.0 0.0 0.0 0.0 0.0 2.254700e-02 0.0
  pjaffe 3.453638e-04 5.252870e-01 -4.929338e-01 0.0 0.0 0.0 0.0 0.0 1.605809e-02 0.0
  pjaffe 3.577678e-04 -1.265751e-01 2.806933e-01 0.0 0.0 0.0 0.0 0.0 1.634391e-02 0.0
  pjaffe 2.587660e-04 1.773591e+00 -7.141549e-01 0.0 0.0 0.0 0.0 0.0 1.389982e-02 0.0
  pjaffe 1.485080e-03 9.001846e-01 -1.443606e-01 0.0 0.0 0.0 0.0 0.0 3.329893e-02 0.0
  pjaffe 3.046108e-04 -3.534414e-01 -4.228914e-01 0.0 0.0 0.0 0.0 0.0 1.508093e-02 0.0
  pjaffe 2.493333e-04 4.912452e-01 4.922348e-01 0.0 0.0 0.0 0.0 0.0 1.364412e-02 0.0
  pjaffe 2.331392e-04 1.855436e+00 -1.190186e+00 0.0 0.0 0.0 0.0 0.0 1.319359e-02 0.0
  pjaffe 3.111880e-04 1.298557e+00 -4.601946e-01 0.0 0.0 0.0 0.0 0.0 1.524287e-02 0.0
  pjaffe 1.667263e-03 -7.750084e-02 -1.064889e+00 0.0 0.0 0.0 0.0 0.0 3.528235e-02 0.0
  pjaffe 6.328793e-04 8.476954e-01 -4.544677e-01 0.0 0.0 0.0 0.0 0.0 2.173782e-02 0.0
  pjaffe 5.448969e-04 1.943754e+00 -7.726600e-01 0.0 0.0 0.0 0.0 0.0 2.017031e-02 0.0
  pjaffe 5.306473e-04 4.358572e-01 -4.950164e-01 0.0 0.0 0.0 0.0 0.0 1.990483e-02 0.0
  pjaffe 5.064904e-04 2.081186e+00 -2.077471e-01 0.0 0.0 0.0 0.0 0.0 1.944648e-02 0.0
  pjaffe 8.023747e-04 -3.943528e-01 -1.155197e+00 0.0 0.0 0.0 0.0 0.0 2.447620e-02 0.0
  pjaffe 2.821063e-04 -5.970803e-01 -1.035154e+00 0.0 0.0 0.0 0.0 0.0 1.451316e-02 0.0
  pjaffe 2.676189e-04 1.486380e-01 -1.406124e+00 0.0 0.0 0.0 0.0 0.0 1.413559e-02 0.0
  pjaffe 2.923519e-04 1.339599e+00 -9.476529e-01 0.0 0.0 0.0 0.0 0.0 1.477435e-02 0.0
  pjaffe 1.675253e-03 1.403748e+00 2.174010e-01 0.0 0.0 0.0 0.0 0.0 3.536679e-02 0.0
  pjaffe 4.371263e-04 1.488108e+00 3.428942e-01 0.0 0.0 0.0 0.0 0.0 1.806587e-02 0.0
  pjaffe 2.089537e-03 -2.680680e-01 -1.614943e+00 0.0 0.0 0.0 0.0 0.0 3.949849e-02 0.0
  pjaffe 3.423870e-04 8.296694e-01 -8.289724e-01 0.0 0.0 0.0 0.0 0.0 1.598873e-02 0.0
  pjaffe 3.096555e-04 1.728493e+00 2.717738e-01 0.0 0.0 0.0 0.0 0.0 1.520529e-02 0.0
  pjaffe 3.056397e-04 -5.566428e-01 -7.962406e-01 0.0 0.0 0.0 0.0 0.0 1.510638e-02 0.0
  pjaffe 1.253867e-03 5.776046e-02 -6.738601e-01 0.0 0.0 0.0 0.0 0.0 3.059717e-02 0.0
  pjaffe 2.323055e-04 1.128456e+00 -1.521384e+00 0.0 0.0 0.0 0.0 0.0 1.316998e-02 0.0
  pjaffe 1.244603e-03 -3.895731e-01 -1.386986e+00 0.0 0.0 0.0 0.0 0.0 3.048392e-02 0.0
  pjaffe 3.169051e-04 3.127938e-01 -1.423612e+00 0.0 0.0 0.0 0.0 0.0 1.538226e-02 0.0
  pjaffe 2.885013e-04 1.079109e+00 -3.605127e-01 0.0 0.0 0.0 0.0 0.0 1.467673e-02 0.0
  pjaffe 2.765726e-04 1.175287e+00 -7.912035e-01 0.0 0.0 0.0 0.0 0.0 1.437011e-02 0.0
  pjaffe 3.146049e-04 1.024110e-01 2.359343e-01 0.0 0.0 0.0 0.0 0.0 1.532633e-02 0.0
  pjaffe 3.383397e-04 3.477289e-01 -3.062390e-01 0.0 0.0 0.0 0.0 0.0 1.589395e-02 0.0
  pjaffe 6.897299e-04 -1.857453e-01 -6.860260e-01 0.0 0.0 0.0 0.0 0.0 2.269316e-02 0.0
  pjaffe 3.333312e-04 1.590809e+00 -8.363813e-01 0.0 0.0 0.0 0.0 0.0 1.577587e-02 0.0
  pjaffe 1.565499e-03 1.944835e+00 -1.265879e+00 0.0 0.0 0.0 0.0 0.0 3.418864e-02 0.0
  pjaffe 2.785169e-04 5.488222e-01 5.670755e-01 0.0 0.0 0.0 0.0 0.0 1.442053e-02 0.0
  pjaffe 3.420409e-04 9.649398e-01 -2.162407e-01 0.0 0.0 0.0 0.0 0.0 1.598065e-02 0.0
  pjaffe 2.886618e-04 -2.958483e-01 -1.487230e+00 0.0 0.0 0.0 0.0 0.0 1.468081e-02 0.0
  pjaffe 4.824146e-04 -1.516856e-01 -1.669697e+00 0.0 0.0 0.0 0.0 0.0 1.897867e-02 0.0
  pjaffe 2.626021e-04 4.705979e-01 -9.762973e-02 0.0 0.0 0.0 0.0 0.0 1.400247e-02 0.0
  pjaffe 4.300509e-04 9.308163e-01 -1.460940e+00 0.0 0.0 0.0 0.0 0.0 1.791907e-02 0.0
  pjaffe 4.606434e-04 7.200712e-01 -8.664020e-01 0.0 0.0 0.0 0.0 0.0 1.854547e-02 0.0
  pjaffe 1.377846e-03 1.311978e+00 -1.727115e+00 0.0 0.0 0.0 0.0 0.0 3.207420e-02 0.0
  pjaffe 3.119575e-04 1.357092e+00 -2.966275e-01 0.0 0.0 0.0 0.0 0.0 1.526171e-02 0.0
  pjaffe 5.257321e-04 1.572888e+00 -1.078531e+00 0.0 0.0 0.0 0.0 0.0 1.981243e-02 0.0
  pjaffe 5.495534e-04 9.144230e-01 -1.614734e-01 0.0 0.0 0.0 0.0 0.0 2.025631e-02 0.0
  pjaffe 2.428924e-04 1.153915e+00 -4.945845e-01 0.0 0.0 0.0 0.0 0.0 1.346674e-02 0.0
  pjaffe 3.136381e-04 1.615243e+00 -1.547828e+00 0.0 0.0 0.0 0.0 0.0 1.530276e-02 0.0
  pjaffe 2.488793e-04 2.538606e-01 -1.133088e-01 0.0 0.0 0.0 0.0 0.0 1.363169e-02 0.0
  pjaffe 4.101732e-04 1.370573e+00 -2.030692e+00 0.0 0.0 0.0 0.0 0.0 1.750004e-02 0.0
  pjaffe 4.689513e-04 -1.974378e-01 7.343202e-02 0.0 0.0 0.0 0.0 0.0 1.871196e-02 0.0
  pjaffe 3.102643e-04 3.181993e-01 -1.773178e+00 0.0 0.0 0.0 0.0 0.0 1.522024e-02 0.0
  pjaffe 3.087059e-04 -5.458198e-01 -8.073430e-01 0.0 0.0 0.0 0.0 0.0 1.518196e-02 0.0
  pjaffe 4.451187e-04 1.418544e+00 -1.316393e+00 0.0 0.0 0.0 0.0 0.0 1.823028e-02 0.0
  pjaffe 2.444878e-04 2.321772e-01 -1.221763e+00 0.0 0.0 0.0 0.0 0.0 1.351089e-02 0.0
  pjaffe 4.553192e-04 5.665670e-02 -9.886152e-01 0.0 0.0 0.0 0.0 0.0 1.843798e-02 0.0
  pjaffe 1.705594e-03 1.125897e+00 -1.570321e+00 0.0 0.0 0.0 0.0 0.0 3.568563e-02 0.0
  pjaffe 9.109526e-04 6.488470e-01 9.855847e-03 0.0 0.0 0.0 0.0 0.0 2.607974e-02 0.0
  pjaffe 1.046081e-03 7.888530e-01 -6.913477e-01 0.0 0.0 0.0 0.0 0.0 2.794719e-02 0.0
  pjaffe 4.315945e-04 1.272086e+00 6.379881e-01 0.0 0.0 0.0 0.0 0.0 1.795120e-02 0.0
  pjaffe 3.640182e-03 -1.251763e-01 -3.760556e-01 0.0 0.0 0.0 0.0 0.0 5.213351e-02 0.0
  pjaffe 2.683256e-04 -2.092086e-01 -1.778268e+00 0.0 0.0 0.0 0.0 0.0 1.415424e-02 0.0
  pjaffe 3.302079e-04 1.536942e+00 2.874353e-01 0.0 0.0 0.0 0.0 0.0 1.570179e-02 0.0
  pjaffe 3.650004e-04 1.584437e+00 3.523170e-01 0.0 0.0 0.0 0.0 0.0 1.650829e-02 0.0
  pjaffe 2.855469e-04 1.113984e+00 -4.974145e-01 0.0 0.0 0.0 0.0 0.0 1.460139e-02 0.0
  pjaffe 2.316989e-04 7.094264e-01 7.214140e-01 0.0 0.0 0.0 0.0 0.0 1.315278e-02 0.0
  pjaffe 3.611973e-04 6.595492e-01 -1.128204e+00 0.0 0.0 0.0 0.0 0.0 1.642206e-02 0.0
  pjaffe 2.421520e-04 1.992235e+00 -1.185207e+00 0.0 0.0 0.0 0.0 0.0 1.344620e-02 0.0
  pjaffe 1.558577e-03 8.139272e-01 -1.593251e+00 0.0 0.0 0.0 0.0 0.0 3.411297e-02 0.0
  pjaffe 5.557730e-04 4.652694e-02 -2.195311e-01 0.0 0.0 0.0 0.0 0.0 2.037062e-02 0.0
  pjaffe 6.786695e-04 -2.338765e-01 -5.781509e-01 0.0 0.0 0.0 0.0 0.0 2.251047e-02 0.0
  pjaffe 4.296611e-04 8.047365e-01 -1.339405e+00 0.0 0.0 0.0 0.0 0.0 1.791094e-02 0.0
  pjaffe 3.674200e-04 1.235946e+00 -1.695550e-01 0.0 0.0 0.0 0.0 0.0 1.656292e-02 0.0
  pjaffe 9.585295e-04 -1.222883e-01 -1.198713e+00 0.0 0.0 0.0 0.0 0.0 2.675212e-02 0.0
  pjaffe 2.757007e-04 7.406496e-01 -1.962733e+00 0.0 0.0 0.0 0.0 0.0 1.434744e-02 0.0
  pjaffe 5.160957e-04 2.153488e+00 -1.609809e-01 0.0 0.0 0.0 0.0 0.0 1.963001e-02 0.0
  pjaffe 3.152014e-03 1.721521e+00 -7.351002e-01 0.0 0.0 0.0 0.0 0.0 4.851204e-02 0.0
  pjaffe 3.372733e-04 1.791430e+00 1.408037e-01 0.0 0.0 0.0 0.0 0.0 1.586889e-02 0.0
  pjaffe 5.680662e-04 1.171469e+00 -9.909937e-01 0.0 0.0 0.0 0.0 0.0 2.059467e-02 0.0
  pjaffe 3.338671e-04 1.856070e+00 -1.020727e+00 0.0 0.0 0.0 0.0 0.0 1.578855e-02 0.0
  pjaffe 2.539259e-04 1.670489e+00 2.532946e-01 0.0 0.0 0.0 0.0 0.0 1.376921e-02 0.0
  pjaffe 9.842652e-04 1.699561e+00 -1.207228e+00 0.0 0.0 0.0 0.0 0.0 2.710888e-02 0.0
  pjaffe 2.951066e-04 -4.910967e-01 -6.471461e-01 0.0 0.0 0.0 0.0 0.0 1.484379e-02 0.0
  pjaffe 4.726723e-04 -8.842049e-02 -1.281213e+00 0.0 0.0 0.0 0.0 0.0 1.878605e-02 0.0
  pjaffe 7.334871e-04 1.742433e+00 -9.818581e-01 0.0 0.0 0.0 0.0 0.0 2.340193e-02 0.0
  pjaffe 1.549833e-03 7.730660e-01 -1.012517e+00 0.0 0.0 0.0 0.0 0.0 3.401715e-02 0.0
  pjaffe 5.241757e-04 1.558912e+00 -4.834138e-01 0.0 0.0 0.0 0.0 0.0 1.978308e-02 0.0
  pjaffe 2.824240e-04 1.746117e+00 -1.537174e+00 0.0 0.0 0.0 0.0 0.0 1.452133e-02 0.0
  pjaffe 4.370268e-04 -3.650029e-01 -2.912129e-01 0.0 0.0 0.0 0.0 0.0 1.806382e-02 0.0
  pjaffe 5.665355e-04 1.470984e-01 -8.102971e-01 0.0 0.0 0.0 0.0 0.0 2.056691e-02 0.0
  pjaffe 4.380844e-04 1.214447e+00 -1.379802e+00 0.0 0.0 0.0 0.0 0.0 1.808566e-02 0.0
  pjaffe 4.602606e-04 6.476537e-01 -1.358142e-01 0.0 0.0 0.0 0.0 0.0 1.853776e-02 0.0
  pjaffe 7.768555e-04 6.874717e-01 -1.974946e+00 0.0 0.0 0.0 0.0 0.0 2.408383e-02 0.0
  pjaffe 2.982029e-04 6.005850e-01 -3.538066e-01 0.0 0.0 0.0 0.0 0.0 1.492146e-02 0.0
  pjaffe 2.870693e-04 3.606390e-01 -9.038858e-01 0.0 0.0 0.0 0.0 0.0 1.464026e-02 0.0
  pjaffe 2.976287e-04 1.624822e+00 -3.083000e-01 0.0 0.0 0.0 0.0 0.0 1.490709e-02 0.0
  pjaffe 3.303638e-04 1.782286e-01 -9.401964e-01 0.0 0.0 0.0 0.0 0.0 1.570550e-02 0.0
  pjaffe 5.592587e-04 9.253667e-01 -1.350330e+00 0.0 0.0 0.0 0.0 0.0 2.043440e-02 0.0
  pjaffe 6.500316e-04 1.169005e+00 -1.615531e+00 0.0 0.0 0.0 0.0 0.0 2.203042e-02 0.0
  pjaffe 9.025372e-04 4.081734e-01 -2.000716e+00 0.0 0.0 0.0 0.0 0.0 2.595900e-02 0.0
  pjaffe 2.712680e-04 1.363445e+00 -1.218676e-01 0.0 0.0 0.0 0.0 0.0 1.423163e-02 0.0
  pjaffe 4.906339e-04 2.539475e-01 -1.931252e+00 0.0 0.0 0.0 0.0 0.0 1.913966e-02 0.0
  pjaffe 2.664747e-04 7.197269e-01 5.662511e-01 0.0 0.0 0.0 0.0 0.0 1.410534e-02 0.0
  pjaffe 4.256608e-04 6.772331e-01 -6.698375e-01 0.0 0.0 0.0 0.0 0.0 1.782737e-02 0.0
  pjaffe 1.338797e-03 1.630216e+00 -8.913288e-01 0.0 0.0 0.0 0.0 0.0 3.161643e-02 0.0
  pjaffe 6.261103e-04 1.530328e+00 -1.088928e+00 0.0 0.0 0.0 0.0 0.0 2.162125e-02 0.0
  pjaffe 2.907170e-04 3.009297e-02 -1.914122e+00 0.0 0.0 0.0 0.0 0.0 1.473298e-02 0.0
  pjaffe 2.421354e-04 7.409339e-01 3.127336e-01 0.0 0.0 0.0 0.0 0.0 1.344574e-02 0.0
  pjaffe 1.193803e-03 3.760455e-01 -7.274696e-01 0.0 0.0 0.0 0.0 0.0 2.985532e-02 0.0
  pjaffe 1.292169e-03 5.166986e-01 -1.341411e+00 0.0 0.0 0.0 0.0 0.0 3.106098e-02 0.0
  pjaffe 3.185477e-04 5.237410e-01 5.511416e-01 0.0 0.0 0.0 0.0 0.0 1.542207e-02 0.0
  pjaffe 2.408984e-04 2.225207e+00 -7.713044e-01 0.0 0.0 0.0 0.0 0.0 1.341135e-02 0.0
  pjaffe 3.490696e-04 -6.530198e-02 -3.363531e-01 0.0 0.0 0.0 0.0 0.0 1.614401e-02 0.0
  pjaffe 7.455227e-04 1.127324e-01 -1.216983e+00 0.0 0.0 0.0 0.0 0.0 2.359315e-02 0.0
  pjaffe 3.467261e-04 3.018833e-01 -1.181230e+00 0.0 0.0 0.0 0.0 0.0 1.608973e-02 0.0
  pjaffe 4.738836e-04 -2.813708e-01 -7.802884e-01 0.0 0.0 0.0 0.0 0.0 1.881011e-02 0.0
  pjaffe 2.449627e-04 1.602984e+00 1.388515e-01 0.0 0.0 0.0 0.0 0.0 1.352401e-02 0.0
  pjaffe 3.681539e-04 2.733574e-01 -5.212212e-01 0.0 0.0 0.0 0.0 0.0 1.657945e-02 0.0
  pjaffe 6.625303e-04 -1.269192e-02 -1.160270e+00 0.0 0.0 0.0 0.0 0.0 2.224121e-02 0.0
  pjaffe 2.597214e-03 2.216367e-01 -6.133850e-02 0.0 0.0 0.0 0.0 0.0 4.403614e-02 0.0
  pjaffe 2.676629e-04 2.025068e+00 -1.234087e-01 0.0 0.0 0.0 0.0 0.0 1.413675e-02 0.0
  pjaffe 2.714842e-04 1.091032e+00 -8.402699e-01 0.0 0.0 0.0 0.0 0.0 1.423730e-02 0.0
  pjaffe 9.249944e-04 1.773865e+00 -8.741977e-01 0.0 0.0 0.0 0.0 0.0 2.627998e-02 0.0
  pjaffe 2.677169e-04 1.824731e+00 -1.635571e+00 0.0 0.0 0.0 0.0 0.0 1.413818e-02 0.0
  pjaffe 4.260325e-04 6.591283e-01 -2.057828e+00 0.0 0.0 0.0 0.0 0.0 1.783515e-02 0.0
  pjaffe 4.133394e-04 1.248929e+00 -9.760859e-01 0.0 0.0 0.0 0.0 0.0 1.756745e-02 0.0
  pjaffe 2.401151e-04 1.523714e+00 -1.004266e+00 0.0 0.0 0.0 0.0 0.0 1.338953e-02 0.0
  pjaffe 2.576257e-04 1.189247e+00 -1.628463e+00 0.0 0.0 0.0 0.0 0.0 1.386916e-02 0.0
  pjaffe 3.036953e-04 3.116794e-01 -6.105951e-01 0.0 0.0 0.0 0.0 0.0 1.505825e-02 0.0
  pjaffe 1.841374e-03 1.182807e+00 -6.975116e-01 0.0 0.0 0.0 0.0 0.0 3.707887e-02 0.0
  pjaffe 7.362298e-04 1.236206e+00 1.741212e-01 0.0 0.0 0.0 0.0 0.0 2.344564e-02 0.0
  pjaffe 9.742482e-04 1.039175e+00 -1.059290e+00 0.0 0.0 0.0 0.0 0.0 2.697058e-02 0.0
  pjaffe 2.547063e-04 -9.545185e-02 -1.341098e+00 0.0 0.0 0.0 0.0 0.0 1.379035e-02 0.0
  pjaffe 3.399458e-04 1.387096e+00 -1.561478e+00 0.0 0.0 0.0 0.0 0.0 1.593163e-02 0.0
  pjaffe 1.095277e-03 1.091660e+00 6.612750e-02 0.0 0.0 0.0 0.0 0.0 2.859680e-02 0.0
  pjaffe 2.405692e-04 9.838317e-01 5.126008e-01 0.0 0.0 0.0 0.0 0.0 1.340218e-02 0.0
  pjaffe 3.349088e-04 2.238950e+00 -7.053258e-01 0.0 0.0 0.0 0.0 0.0 1.581316e-02 0.0
  pjaffe 2.729689e-04 7.925838e-01 -1.560570e+00 0.0 0.0 0.0 0.0 0.0 1.427618e-02 0.0
  pjaffe 2.419153e-04 -4.712257e-01 -7.220421e-01 0.0 0.0 0.0 0.0 0.0 1.343962e-02 0.0
  pjaffe 4.704891e-04 5.933641e-01 -1.201518e-01 0.0 0.0 0.0 0.0 0.0 1.874262e-02 0.0
  pjaffe 2.658371e-04 1.649221e+00 -1.184841e-01 0.0 0.0 0.0 0.0 0.0 1.408845e-02 0.0
  pjaffe 3.862409e-04 8.627373e-01 -4.353377e-01 0.0 0.0 0.0 0.0 0.0 1.698183e-02 0.0
  pjaffe 3.528476e-04 1.023797e+00 -3.063813e-01 0.0 0.0 0.0 0.0 0.0 1.623114e-02 0.0
  pjaffe 3.252097e-04 1.319522e+00 -1.718671e+00 0.0 0.0 0.0 0.0 0.0 1.558250e-02 0.0
  pjaffe 2.603584e-04 2.952642e-01 -1.535179e+00 0.0 0.0 0.0 0.0 0.0 1.394252e-02 0.0
  pjaffe 2.787719e-03 1.915581e+00 -5.216985e-01 0.0 0.0 0.0 0.0 0.0 4.562259e-02 0.0
  pjaffe 7.152099e-04 -3.214255e-01 -6.199696e-01 0.0 0.0 0.0 0.0 0.0 2.310852e-02 0.0
  pjaffe 3.511169e-04 4.310498e-01 -1.561899e+00 0.0 0.0 0.0 0.0 0.0 1.619129e-02 0.0
  pjaffe 6.751241e-04 1.290040e+00 -1.125959e+00 0.0 0.0 0.0 0.0 0.0 2.245160e-02 0.0
  pjaffe 5.778605e-04 -6.273517e-01 -4.434651e-01 0.0 0.0 0.0 0.0 0.0 2.077146e-02 0.0
  pjaffe 2.587645e-04 2.248210e-01 3.174988e-01 0.0 0.0 0.0 0.0 0.0 1.389977e-02 0.0
  pjaffe 2.570940e-04 1.293180e+00 1.619474e-01 0.0 0.0 0.0 0.0 0.0 1.385484e-02 0.0
  pjaffe 7.077324e-04 -1.533080e-01 1.569110e-01 0.0 0.0 0.0 0.0 0.0 2.298741e-02 0.0
  pjaffe 6.463657e-04 8.764551e-01 2.997362e-01 0.0 0.0 0.0 0.0 0.0 2.196821e-02 0.0
  pjaffe 2.957315e-04 9.092339e-01 -8.962961e-01 0.0 0.0 0.0 0.0 0.0 1.485950e-02 0.0
  pjaffe 2.311092e-04 -3.320658e-01 -4.169378e-01 0.0 0.0 0.0 0.0 0.0 1.313603e-02 0.0
  pjaffe 4.462573e-04 7.115574e-01 5.748141e-01 0.0 0.0 0.0 0.0 0.0 1.825358e-02 0.0
  pjaffe 5.065297e-04 8.630615e-01 -6.036831e-01 0.0 0.0 0.0 0.0 0.0 1.944724e-02 0.0
  pjaffe 3.271470e-04 8.481202e-01 -1.115052e+00 0.0 0.0 0.0 0.0 0.0 1.562885e-02 0.0
  pjaffe 1.671138e-03 8.171274e-01 6.075696e-01 0.0 0.0 0.0 0.0 0.0 3.532333e-02 0.0
  pjaffe 3.283552e-04 8.522568e-01 -1.916064e+00 0.0 0.0 0.0 0.0 0.0 1.565768e-02 0.0
  pjaffe 3.200815e-04 9.276496e-01 -1.495752e+00 0.0 0.0 0.0 0.0 0.0 1.545915e-02 0.0
  pjaffe 7.473151e-04 1.958220e+00 -1.870561e-01 0.0 0.0 0.0 0.0 0.0 2.362149e-02 0.0
  pjaffe 3.819223e-04 7.783858e-01 2.113890e-01 0.0 0.0 0.0 0.0 0.0 1.688663e-02 0.0
  pjaffe 2.794715e-04 -1.099058e-01 -6.326498e-01 0.0 0.0 0.0 0.0 0.0 1.444522e-02 0.0
  pjaffe 1.084442e-03 -4.508688e-02 5.063458e-02 0.0 0.0 0.0 0.0 0.0 2.845500e-02 0.0
  pjaffe 7.389459e-04 7.576021e-01 -4.323148e-01 0.0 0.0 0.0 0.0 0.0 2.348885e-02 0.0
  pjaffe 2.503769e-04 4.109780e-01 9.560491e-02 0.0 0.0 0.0 0.0 0.0 1.367265e-02 0.0
  pjaffe 3.129459e-04 1.785544e+00 -1.263159e+00 0.0 0.0 0.0 0.0 0.0 1.528587e-02 0.0
  pjaffe 4.750119e-04 -2.684254e-01 -6.155605e-01 0.0 0.0 0.0 0.0 0.0 1.883249e-02 0.0
  pjaffe 2.854105e-04 1.635879e+00 2.008432e-01 0.0 0.0 0.0 0.0 0.0 1.459790e-02 0.0
  pjaffe 9.042729e-04 1.235961e+00 -1.609422e-01 0.0 0.0 0.0 0.0 0.0 2.598395e-02 0.0
  pjaffe 5.412678e-04 2.084734e-01 6.199896e-01 0.0 0.0 0.0 0.0 0.0 2.010303e-02 0.0
  pjaffe 3.691223e-04 -3.317587e-01 -4.078432e-01 0.0 0.0 0.0 0.0 0.0 1.660124e-02 0.0
  pjaffe 2.540986e-04 3.609377e-01 -8.191832e-01 0.0 0.0 0.0 0.0 0.0 1.377389e-02 0.0
  pjaffe 1.108684e-03 1.566766e+00 2.282169e-01 0.0 0.0 0.0 0.0 0.0 2.877129e-02 0.0
  pjaffe 2.431661e-04 1.657522e+00 -1.847421e+00 0.0 0.0 0.0 0.0 0.0 1.347432e-02 0.0
  pjaffe 4.554173e-04 7.276618e-01 -6.260366e-01 0.0 0.0 0.0 0.0 0.0 1.843997e-02 0.0
  pjaffe 2.573492e-04 -6.579033e-01 -8.293629e-01 0.0 0.0 0.0 0.0 0.0 1.386171e-02 0.0
  pjaffe 3.824504e-04 -2.141318e-01 -3.526759e-01 0.0 0.0 0.0 0.0 0.0 1.689830e-02 0.0
  pjaffe 3.585199e-04 9.018775e-01 -1.966294e+00 0.0 0.0 0.0 0.0 0.0 1.636108e-02 0.0
  pjaffe 3.564766e-04 1.929968e+00 -1.458469e+00 0.0 0.0 0.0 0.0 0.0 1.631439e-02 0.0
  pjaffe 2.751578e-04 -1.081039e-01 1.470403e-01 0.0 0.0 0.0 0.0 0.0 1.433331e-02 0.0
  pjaffe 9.509801e-04 5.858725e-01 -1.679723e+00 0.0 0.0 0.0 0.0 0.0 2.664656e-02 0.0
  pjaffe 6.152445e-04 1.960726e-01 -2.914371e-01 0.0 0.0 0.0 0.0 0.0 2.143282e-02 0.0
  pjaffe 1.137860e-03 2.001073e+00 -1.576847e-01 0.0 0.0 0.0 0.0 0.0 2.914740e-02 0.0
  pjaffe 2.944730e-04 1.348902e+00 -6.543122e-01 0.0 0.0 0.0 0.0 0.0 1.482785e-02 0.0
  pjaffe 3.013941e-04 1.528979e-01 -1.637528e+00 0.0 0.0 0.0 0.0 0.0 1.500109e-02 0.0
  pjaffe 1.149922e-03 7.678026e-01 -4.856189e-01 0.0 0.0 0.0 0.0 0.0 2.930149e-02 0.0
  pjaffe 2.996597e-04 1.049407e+00 -9.573382e-01 0.0 0.0 0.0 0.0 0.0 1.495787e-02 0.0
  pjaffe 5.771779e-04 4.149611e-03 -3.626241e-01 0.0 0.0 0.0 0.0 0.0 2.075919e-02 0.0
  pjaffe 5.504122e-04 1.206870e+00 -9.071817e-02 0.0 0.0 0.0 0.0 0.0 2.027213e-02 0.0
  pjaffe 5.868905e-04 1.455859e+00 1.161497e-01 0.0 0.0 0.0 0.0 0.0 2.093312e-02 0.0
  pjaffe 1.187504e-03 6.606697e-01 6.172114e-02 0.0 0.0 0.0 0.0 0.0 2.977646e-02 0.0
  pjaffe 4.467935e-04 1.486054e+00 6.161769e-01 0.0 0.0 0.0 0.0 0.0 1.826455e-02 0.0
  pjaffe 2.535198e-04 5.547271e-02 -1.674258e+00 0.0 0.0 0.0 0.0 0.0 1.375819e-02 0.0
  pjaffe 9.102903e-04 4.801792e-01 -1.939610e+00 0.0 0.0 0.0 0.0 0.0 2.607026e-02 0.0
  pjaffe 5.439165e-04 -5.514110e-01 -1.281923e+00 0.0 0.0 0.0 0.0 0.0 2.015216e-02 0.0
  pjaffe 2.441883e-04 1.165023e+00 -1.117432e-01 0.0 0.0 0.0 0.0 0.0 1.350262e-02 0.0
  pjaffe 2.621859e-04 8.370823e-01 -2.150167e+00 0.0 0.0 0.0 0.0 0.0 1.399137e-02 0.0
  pjaffe 7.744341e-04 1.961401e+00 -9.406337e-01 0.0 0.0 0.0 0.0 0.0 2.404627e-02 0.0
  pjaffe 4.541166e-04 1.004057e+00 7.795256e-01 0.0 0.0 0.0 0.0 0.0 1.841362e-02 0.0
  pjaffe 2.478958e-04 -6.245160e-01 -1.076018e+00 0.0 0.0 0.0 0.0 0.0 1.360473e-02 0.0
  pjaffe 4.751851e-04 -2.136595e-01 -1.031680e+00 0.0 0.0 0.0 0.0 0.0 1.883592e-02 0.0
  pjaffe 3.083956e-04 1.328289e+00 -2.884729e-02 0.0 0.0 0.0 0.0 0.0 1.517433e-02 0.0
  pjaffe 4.644485e-04 -1.353184e-01 -1.457852e+00 0.0 0.0 0.0 0.0 0.0 1.862191e-02 0.0
  pjaffe 9.167830e-04 1.731667e+00 3.186434e-01 0.0 0.0 0.0 0.0 0.0 2.616307e-02 0.0
  pjaffe 2.442159e-04 2.190160e+00 -8.448782e-01 0.0 0.0 0.0 0.0 0.0 1.350338e-02 0.0
  pjaffe 3.653186e-04 -5.221000e-01 -1.116943e+00 0.0 0.0 0.0 0.0 0.0 1.651549e-02 0.0
  pjaffe 9.808317e-04 1.153712e+00 -5.527628e-01 0.0 0.0 0.0 0.0 0.0 2.706155e-02 0.0
  pjaffe 2.303598e-04 -3.153528e-01 3.220674e-02 0.0 0.0 0.0 0.0 0.0 1.311471e-02 0.0
  pjaffe 2.395069e-04 1.647901e+00 4.137317e-01 0.0 0.0 0.0 0.0 0.0 1.337256e-02 0.0
  pjaffe 2.429865e-04 9.811079e-01 -1.921629e+00 0.0 0.0 0.0 0.0 0.0 1.346935e-02 0.0
  pjaffe 2.574361e-04 9.500978e-01 -6.670642e-01 0.0 0.0 0.0 0.0 0.0 1.386405e-02 0.0
  pjaffe 6.758355e-04 9.667360e-01 -1.608549e+00 0.0 0.0 0.0 0.0 0.0 2.246342e-02 0.0
  pjaffe 6.652022e-04 -2.219314e-01 -1.713756e+00 0.0 0.0 0.0 0.0 0.0 2.228601e-02 0.0
  pjaffe 3.216791e-04 1.371830e+00 -7.358886e-01 0.0 0.0 0.0 0.0 0.0 1.549769e-02 0.0
  pjaffe 9.839317e-04 9.964963e-01 -2.025710e+00 0.0 0.0 0.0 0.0 0.0 2.710428e-02 0.0
  pjaffe 4.077073e-04 -5.764441e-01 -4.971762e-01 0.0 0.0 0.0 0.0 0.0 1.744736e-02 0.0
  pjaffe 2.304750e-04 -4.073018e-01 -5.418026e-01 0.0 0.0 0.0 0.0 0.0 1.311799e-02 0.0
  pjaffe 4.379921e-04 -2.784865e-01 -1.636441e+00 0.0 0.0 0.0 0.0 0.0 1.808375e-02 0.0
  pjaffe 2.592629e-04 2.413210e-01 -5.512751e-01 0.0 0.0 0.0 0.0 0.0 1.391316e-02 0.0
  pjaffe 6.251231e-04 3.523377e-01 -1.136260e+00 0.0 0.0 0.0 0.0 0.0 2.160420e-02 0.0
  pjaffe 4.050990e-04 5.000535e-01 1.284052e-01 0.0 0.0 0.0 0.0 0.0 1.739146e-02 0.0
  pjaffe 7.247443e-04 1.828609e+00 -7.800957e-01 0.0 0.0 0.0 0.0 0.0 2.326204e-02 0.0
  pjaffe 4.074325e-04 6.795138e-01 -6.276622e-01 0.0 0.0 0.0 0.0 0.0 1.744148e-02 0.0
  pjaffe 4.070207e-04 8.572437e-01 -1.868730e+00 0.0 0.0 0.0 0.0 0.0 1.743266e-02 0.0
  pjaffe 3.263915e-04 1.375894e+00 2.877255e-01 0.0 0.0 0.0 0.0 0.0 1.561079e-02 0.0
  pjaffe 2.311838e-04 5.034095e-01 -6.041659e-01 0.0 0.0 0.0 0.0 0.0 1.313815e-02 0.0
  pjaffe 5.727682e-04 5.407904e-01 -3.196848e-01 0.0 0.0 0.0 0.0 0.0 2.067973e-02 0.0
  pjaffe 1.801557e-03 6.702636e-01 5.216165e-04 0.0 0.0 0.0 0.0 0.0 3.667578e-02 0.0
  pjaffe 3.152172e-04 5.928649e-01 -1.803681e+00 0.0 0.0 0.0 0.0 0.0 1.534124e-02 0.0
  pjaffe 2.794565e-04 7.877106e-01 -1.254283e+00 0.0 0.0 0.0 0.0 0.0 1.444483e-02 0.0
  pjaffe 2.577259e-04 1.783744e+00 1.715814e-01 0.0 0.0 0.0 0.0 0.0 1.387185e-02 0.0
  pjaffe 1.707861e-03 -1.185876e-02 -1.113293e+00 0.0 0.0 0.0 0.0 0.0 3.570933e-02 0.0
  pjaffe 3.011515e-04 9.220359e-01 4.369885e-01 0.0 0.0 0.0 0.0 0.0 1.499505e-02 0.0
  pjaffe 2.725908e-04 1.752930e-01 -1.093076e-01 0.0 0.0 0.0 0.0 0.0 1.426629e-02 0.0
  pjaffe 2.899969e-04 7.358258e-01 5.902544e-01 0.0 0.0 0.0 0.0 0.0 1.471472e-02 0.0
  pjaffe 1.359919e-03 9.005185e-01 -2.578583e-01 0.0 0.0 0.0 0.0 0.0 3.186486e-02 0.0
  pjaffe 2.330343e-04 -6.457883e-02 -2.500009e-01 0.0 0.0 0.0 0.0 0.0 1.319063e-02 0.0
  pjaffe 3.647641e-04 1.442402e-02 -1.315593e+00 0.0 0.0 0.0 0.0 0.0 1.650295e-02 0.0
  pjaffe 1.910833e-03 4.249206e-01 -2.124020e-01 0.0 0.0 0.0 0.0 0.0 3.777173e-02 0.0
  pjaffe 1.465428e-03 1.756356e+00 -1.317512e+00 0.0 0.0 0.0 0.0 0.0 3.307788e-02 0.0
  pjaffe 1.087042e-03 1.501664e+00 -9.298071e-01 0.0 0.0 0.0 0.0 0.0 2.848909e-02 0.0
  pjaffe 1.272388e-03 9.130064e-01 1.443761e-01 0.0 0.0 0.0 0.0 0.0 3.082231e-02 0.0
  pjaffe 4.646095e-03 4.829313e-01 1.977788e-01 0.0 0.0 0.0 0.0 0.0 5.889785e-02 0.0
  pjaffe 4.448285e-04 1.352905e+00 -2.720636e-01 0.0 0.0 0.0 0.0 0.0 1.822434e-02 0.0
  pjaffe 2.347742e-04 -4.658771e-01 -8.245619e-01 0.0 0.0 0.0 0.0 0.0 1.323978e-02 0.0
  pjaffe 3.248160e-04 -5.609856e-01 -1.352678e+00 0.0 0.0 0.0 0.0 0.0 1.557307e-02 0.0
  pjaffe 7.327876e-04 2.260136e-01 -2.644402e-01 0.0 0.0 0.0 0.0 0.0 2.339077e-02 0.0
  pjaffe 2.494157e-04 1.142209e+00 -1.139234e+00 0.0 0.0 0.0 0.0 0.0 1.364638e-02 0.0
  pjaffe 2.330166e-04 4.075810e-01 -2.608713e-01 0.0 0.0 0.0 0.0 0.0 1.319012e-02 0.0
  pjaffe 5.041415e-04 2.122685e-01 -6.394557e-01 0.0 0.0 0.0 0.0 0.0 1.940134e-02 0.0
  pjaffe 4.618068e-04 1.456004e+00 4.073602e-01 0.0 0.0 0.0 0.0 0.0 1.856888e-02 0.0
  pjaffe 1.396846e-03 -1.006637e-01 -1.548429e+00 0.0 0.0 0.0 0.0 0.0 3.229459e-02 0.0
  pjaffe 7.499143e-04 1.452003e+00 6.534583e-02 0.0 0.0 0.0 0.0 0.0 2.366253e-02 0.0
  pjaffe 2.328532e-04 5.258245e-01 7.848371e-01 0.0 0.0 0.0 0.0 0.0 1.318550e-02 0.0
  pjaffe 2.383350e-04 1.311239e+00 -4.155507e-01 0.0 0.0 0.0 0.0 0.0 1.333980e-02 0.0
  pjaffe 6.166964e-04 6.916799e-01 -8.244108e-01 0.0 0.0 0.0 0.0 0.0 2.145809e-02 0.0
  pjaffe 7.385860e-04 1.568129e+00 2.413030e-01 0.0 0.0 0.0 0.0 0.0 2.348313e-02 0.0
  pjaffe 3.194229e-04 1.020398e-01 -1.332742e+00 0.0 0.0 0.0 0.0 0.0 1.544324e-02 0.0
  pjaffe 3.715517e-04 1.016598e+00 -9.860858e-01 0.0 0.0 0.0 0.0 0.0 1.665578e-02 0.0
  pjaffe 3.035113e-04 7.878499e-01 -1.056936e+00 0.0 0.0 0.0 0.0 0.0 1.505369e-02 0.0
  pjaffe 1.487506e-03 1.820827e+00 -5.754595e-01 0.0 0.0 0.0 0.0 0.0 3.332612e-02 0.0
  pjaffe 8.673316e-04 7.291915e-01 1.403976e-01 0.0 0.0 0.0 0.0 0.0 2.544767e-02 0.0
  pjaffe 4.224190e-04 -6.134052e-01 -8.453188e-01 0.0 0.0 0.0 0.0 0.0 1.775935e-02 0.0
  pjaffe 3.347134e-03 -4.334091e-01 -1.677348e-01 0.0 0.0 0.0 0.0 0.0 4.999102e-02 0.0
  pjaffe 3.277965e-04 1.306098e+00 6.837338e-01 0.0 0.0 0.0 0.0 0.0 1.564435e-02 0.0
  pjaffe 2.333571e-04 1.359621e-01 -7.450111e-01 0.0 0.0 0.0 0.0 0.0 1.319976e-02 0.0
  pjaffe 2.299451e-04 1.564872e+00 -1.121849e+00 0.0 0.0 0.0 0.0 0.0 1.310290e-02 0.0
  pjaffe 2.456430e-04 9.275021e-01 -7.373980e-01 0.0 0.0 0.0 0.0 0.0 1.354277e-02 0.0
  pjaffe 2.530824e-04 1.628528e+00 -2.255018e-01 0.0 0.0 0.0 0.0 0.0 1.374632e-02 0.0
  pjaffe 2.677960e-04 1.079223e+00 -1.417455e+00 0.0 0.0 0.0 0.0 0.0 1.414026e-02 0.0
  pjaffe 3.017513e-04 -5.126268e-02 -8.729673e-01 0.0 0.0 0.0 0.0 0.0 1.500998e-02 0.0
  pjaffe 9.778851e-04 2.111418e+00 -4.158200e-01 0.0 0.0 0.0 0.0 0.0 2.702087e-02 0.0
  pjaffe 4.493247e-03 4.999215e-01 1.400463e-01 0.0 0.0 0.0 0.0 0.0 5.792094e-02 0.0
  pjaffe 3.102419e-04 -3.105681e-01 -5.432282e-02 0.0 0.0 0.0 0.0 0.0 1.521969e-02 0.0
  pjaffe 2.771054e-04 7.090875e-01 -4.227758e-01 0.0 0.0 0.0 0.0 0.0 1.438394e-02 0.0
  pjaffe 4.431913e-03 1.222525e+00 -1.502400e+00 0.0 0.0 0.0 0.0 0.0 5.752426e-02 0.0
  pjaffe 2.358599e-04 1.565729e+00 -3.642292e-01 0.0 0.0 0.0 0.0 0.0 1.327036e-02 0.0
  pjaffe 2.274247e-04 -4.491045e-01 -1.752492e-01 0.0 0.0 0.0 0.0 0.0 1.303089e-02 0.0
  pjaffe 3.432990e-04 3.244243e-01 -1.831776e-01 0.0 0.0 0.0 0.0 0.0 1.601001e-02 0.0
  pjaffe 3.374866e-04 1.127860e+00 -1.366124e+00 0.0 0.0 0.0 0.0 0.0 1.587390e-02 0.0
  pjaffe 2.602725e-04 1.559938e+00 -1.272596e-01 0.0 0.0 0.0 0.0 0.0 1.394022e-02 0.0
  pjaffe 2.303546e-04 2.777690e-01 4.199369e-01 0.0 0.0 0.0 0.0 0.0 1.311456e-02 0.0
  pjaffe 2.923193e-04 9.444637e-01 -4.951921e-01 0.0 0.0 0.0 0.0 0.0 1.477353e-02 0.0
  pjaffe 2.514950e-04 -6.383970e-01 -1.122560e+00 0.0 0.0 0.0 0.0 0.0 1.370314e-02 0.0
  pjaffe 4.673346e-04 1.467241e+00 -1.744641e+00 0.0 0.0 0.0 0.0 0.0 1.867968e-02 0.0
  pjaffe 3.722855e-04 -6.002575e-02 -6.053943e-01 0.0 0.0 0.0 0.0 0.0 1.667222e-02 0.0
  pjaffe 8.330967e-04 -2.924134e-01 -5.133806e-01 0.0 0.0 0.0 0.0 0.0 2.494038e-02 0.0
  pjaffe 2.720899e-04 1.356376e+00 -9.025747e-01 0.0 0.0 0.0 0.0 0.0 1.425318e-02 0.0
  pjaffe 4.163914e-04 1.805356e+00 1.048368e-01 0.0 0.0 0.0 0.0 0.0 1.763219e-02 0.0
  pjaffe 2.566992e-04 8.780091e-01 -1.254939e+00 0.0 0.0 0.0 0.0 0.0 1.384419e-02 0.0
  pjaffe 2.378447e-04 -6.156595e-01 -3.471709e-01 0.0 0.0 0.0 0.0 0.0 1.332607e-02 0.0
  pjaffe 4.468587e-04 1.528784e+00 -3.676934e-01 0.0 0.0 0.0 0.0 0.0 1.826588e-02 0.0
  pjaffe 5.007303e-04 7.969293e-01 -1.005148e+00 0.0 0.0 0.0 0.0 0.0 1.933559e-02 0.0
  pjaffe 1.514825e-03 1.242586e+00 -1.493167e+00 0.0 0.0 0.0 0.0 0.0 3.363076e-02 0.0
  pjaffe 3.123919e-04 2.150188e+00 -5.406619e-01 0.0 0.0 0.0 0.0 0.0 1.527233e-02 0.0
  pjaffe 3.561677e-04 6.854565e-01 -1.622396e-01 0.0 0.0 0.0 0.0 0.0 1.630732e-02 0.0
  pjaffe 2.454715e-04 1.639307e+00 -5.319209e-01 0.0 0.0 0.0 0.0 0.0 1.353805e-02 0.0
  pjaffe 3.445615e-04 5.142520e-01 -1.605041e+00 0.0 0.0 0.0 0.0 0.0 1.603943e-02 0.0
  pjaffe 2.511652e-04 9.268546e-01 -2.025203e+00 0.0 0.0 0.0 0.0 0.0 1.369415e-02 0.0
  pjaffe 3.658175e-04 -9.874999e-03 -1.001021e+00 0.0 0.0 0.0 0.0 0.0 1.652676e-02 0.0
  pjaffe 5.006223e-04 6.114602e-01 -1.597773e+00 0.0 0.0 0.0 0.0 0.0 1.933350e-02 0.0
  pjaffe 4.794361e-04 -1.035081e-01 -7.691465e-01 0.0 0.0 0.0 0.0 0.0 1.891999e-02 0.0
  pjaffe 2.322885e-04 9.916097e-01 7.350912e-01 0.0 0.0 0.0 0.0 0.0 1.316950e-02 0.0
  pjaffe 4.341205e-04 1.834256e+00 -2.747437e-01 0.0 0.0 0.0 0.0 0.0 1.800365e-02 0.0
  pjaffe 1.156373e-03 8.483890e-01 -2.079842e+00 0.0 0.0 0.0 0.0 0.0 2.938356e-02 0.0
  pjaffe 2.522391e-04 3.453723e-01 -7.877675e-01 0.0 0.0 0.0 0.0 0.0 1.372340e-02 0.0
  pjaffe 6.787779e-04 1.016379e+00 1.771995e-01 0.0 0.0 0.0 0.0 0.0 2.251227e-02 0.0
  pjaffe 8.970410e-04 9.953922e-01 2.465752e-01 0.0 0.0 0.0 0.0 0.0 2.587984e-02 0.0
  pjaffe 2.576623e-04 1.044894e+00 1.717260e-01 0.0 0.0 0.0 0.0 0.0 1.387014e-02 0.0
  pjaffe 5.101646e-04 1.357356e+00 2.265891e-01 0.0 0.0 0.0 0.0 0.0 1.951689e-02 0.0
  pjaffe 1.188341e-03 2.170526e+00 -9.240308e-01 0.0 0.0 0.0 0.0 0.0 2.978694e-02 0.0
  pjaffe 2.275521e-04 -2.553428e-01 -1.226839e+00 0.0 0.0 0.0 0.0 0.0 1.303454e-02 0.0
  pjaffe 3.221683e-04 3.066599e-01 -1.579662e+00 0.0 0.0 0.0 0.0 0.0 1.550947e-02 0.0
  pjaffe 2.762108e-04 1.024031e+00 7.249963e-01 0.0 0.0 0.0 0.0 0.0 1.436070e-02 0.0
  pjaffe 2.325391e-04 1.854176e+00 -1.329923e+00 0.0 0.0 0.0 0.0 0.0 1.317660e-02 0.0
  pjaffe 2.287413e-04 1.030305e+00 -7.356536e-01 0.0 0.0 0.0 0.0 0.0 1.306856e-02 0.0
  pjaffe 4.280007e-04 -2.445627e-01 -1.608852e+00 0.0 0.0 0.0 0.0 0.0 1.787630e-02 0.0
  pjaffe 4.932092e-04 1.809585e+00 -1.416884e+00 0.0 0.0 0.0 0.0 0.0 1.918983e-02 0.0
  pjaffe 5.783273e-04 8.907210e-01 -2.102465e+00 0.0 0.0 0.0 0.0 0.0 2.077984e-02 0.0
  pjaffe 4.842687e-04 -5.002976e-02 -1.577984e+00 0.0 0.0 0.0 0.0 0.0 1.901510e-02 0.0
  pjaffe 5.267610e-04 1.405851e+00 2.799499e-02 0.0 0.0 0.0 0.0 0.0 1.983181e-02 0.0
  pjaffe 3.426161e-04 8.874023e-01 -1.852846e-01 0.0 0.0 0.0 0.0 0.0 1.599408e-02 0.0
  pjaffe 2.637362e-04 8.184570e-01 -5.588844e-01 0.0 0.0 0.0 0.0 0.0 1.403267e-02 0.0
  pjaffe 2.820596e-04 1.922942e+00 -1.469110e+00 0.0 0.0 0.0 0.0 0.0 1.451195e-02 0.0
  pjaffe 3.233473e-04 4.580010e-01 2.629258e-01 0.0 0.0 0.0 0.0 0.0 1.553782e-02 0.0
  pjaffe 8.973363e-04 6.793511e-01 -1.070977e+00 0.0 0.0 0.0 0.0 0.0 2.588410e-02 0.0
  pjaffe 8.128194e-04 -1.051588e-01 1.065462e-01 0.0 0.0 0.0 0.0 0.0 2.463500e-02 0.0
  pjaffe 5.988311e-04 1.391607e+00 4.537043e-01 0.0 0.0 0.0 0.0 0.0 2.114500e-02 0.0
  pjaffe 2.881160e-03 1.489650e+00 -1.215179e+00 0.0 0.0 0.0 0.0 0.0 4.638090e-02 0.0
  pjaffe 1.896090e-03 1.415774e+00 -7.441065e-01 0.0 0.0 0.0 0.0 0.0 3.762573e-02 0.0
SOURCE PARMS:
   ptsrc 2.124203e+01 3.963610e-01 -4.144490e-01 0.0 0.0 0.0 0.0 0.0
CHISQ: 1.694358e+01 5.588389e-03 1.693799e+01 0.000000e+00 3.952163e-13 0.000000e+00 0.000000e+00 0.000000e+00 0.000000e+00 # tot pos flux tdel gal plim crv ring weak

Source #1
  posn:  3.963610e-01 -4.144490e-01
  flux:  2.124203e+01
     h:  7.000000e-01
tscale:  1.000000e+00
images:
   0.3892   0.3200 (5.0e-05) 152.0000 ( 1.00e+01)   0.00 (0.0e+00) ->   0.3892   0.3200 132.9447   0.0236
   0.0000   0.0000 (5.0e-05) 161.0000 ( 1.00e+01)   0.00 (0.0e+00) ->   0.0000  -0.0000 147.9604   0.0321
  -0.3339  -0.7477 (5.0e-05)  84.0000 ( 5.00e+00)   0.00 (0.0e+00) ->  -0.3339  -0.7477  83.6896   0.0000
   0.9506  -0.8022 (5.0e-05)   4.0000 ( 4.00e-01)   0.00 (0.0e+00) ->   0.9507  -0.8022   5.3625   0.8244


