# Galaxy SubID w/ group mass between 10^12.0~10^14.0
20801
24484
28221
31645
35327
38307
41002
43749
46224
48289
50461
52766
54707
56582
58317
60216
61138
63089
64516
65983
67483
68929
70521
72224
73406
74752
76240
77406
78699
79894
80931
82074
83395
84413
85591
86665
87854
88719
89752
90783
91787
93295
94535
95703
96606
97533
98555
99583
100527
101432
102181
103122
104376
105690
106840
107813
108801
109671
110502
111163
112088
112954
113727
114445
115238
115896
116376
117164
117739
118388
119032
119843
120484
121153
121715
122195
122881
123405
124007
124508
125198
125862
126568
127182
127754
128399
128704
129271
129882
130538
131127
131712
132292
132902
133539
134019
134211
134579
135102
135670
136005
136563
137084
137743
138191
138632
139175
139644
140304
140651
141285
141747
142212
142686
143089
143409
143860
144495
144949
145267
145724
146044
146545
147093
147469
147913
148236
148705
149311
149645
150209
150620
151038
151518
151934
152564
153006
153451
153843
154402
154828
155069
155425
155872
156389
156809
157169
157540
158023
158394
158753
159167
159591
159928
160281
160604
160907
161253
161624
162078
162578
162941
163277
163704
164052
164417
164742
165021
165345
165590
165834
166164
166687
167043
167400
167808
168188
168491
168790
169111
169393
169641
170004
170314
170620
170935
171328
171613
171936
172163
172433
172758
173033
173444
173853
174101
174323
174573
174891
175082
175443
175763
176054
176276
176627
176903
177217
177518
177811
178139
178530
178782
179102
179310
179595
179899
180346
180625
180919
181237
181438
181799
182004
182272
182551
182747
182966
183254
183492
183815
184163
184412
184673
185005
185268
185572
185842
186033
186312
186566
186786
187027
187266
187569
187853
188171
188526
188807
189027
189265
189582
189792
189997
190242
190462
190634
190868
191108
191286
191460
191760
191991
192272
192586
192890
193141
193555
193737
193956
194226
194521
194719
194974
195201
195428
195664
195925
196233
196489
196680
196911
197117
197360
197586
197803
198071
198301
198507
198762
198918
199066
199282
199492
199765
200038
200242
200456
200678
200818
201051
201307
201595
201832
202011
202216
202405
202575
202762
203017
203200
203357
203557
203727
203900
204086
204301
204445
204724
204887
205151
205322
205577
205724
205892
206084
206270
206410
206553
206669
206919
207161
207298
207591
207783
208021
208236
208418
208587
208884
209113
209388
209566
209727
209862
210030
210225
210414
210510
210687
210825
210984
211137
211361
211589
211697
211895
212095
212319
212425
212575
212744
212968
213179
213396
213514
213684
213861
214018
214178
214344
214535
214711
214895
215048
215239
215360
215515
215634
215763
215886
216060
216203
216312
216545
216735
216943
217184
217384
217576
217752
217962
218142
218313
218391
218550
218701
218874
219055
219155
219255
219449
219619
219737
219931
220028
220114
220282
220452
220612
220809
220920
221116
221260
221447
221618
221759
221919
222138
222291
222489
222606
222780
222902
223058
223190
223331
223524
223740
223919
224068
224193
224337
224514
224665
224771
224884
225035
225220
225396
225557
225683
225780
225935
226111
226241
226400
226540
226655
226827
226958
227142
227340
227473
227611
227789
227953
228085
228201
228323
228508
228696
228889
229028
229174
229347
229532
229741
229895
229983
230097
230235
230383
230519
230661
230828
230965
231059
231178
231331
231499
231642
231786
231913
232066
232225
232389
232512
232654
232805
232922
233046
233193
233375
233512
233614
233756
233951
234077
234229
234375
234484
234605
234734
234864
235009
235186
235292
235407
235540
235714
235881
235982
236079
236217
236329
236390
236525
236630
236791
236987
237149
237278
237389
237512
237643
237758
237888
238069
238156
238319
238460
238576
238660
238767
238929
239061
239222
239346
239433
239558
239693
239812
239928
240065
240196
240357
240519
240677
240784
240925
241038
241166
241299
241412
241517
241672
241779
241918
241985
242145
242284
242402
242498
242608
242713
242857
242945
243122
243255
243386
243493
243552
243738
243920
244050
244133
244226
244350
244514
244588
244714
244839
244968
245053
245197
245336
245445
245555
245650
245810
245996
246126
246303
246399
246525
246585
246686
246746
246889
246977
247058
247120
247169
247260
247366
247491
247546
247686
247791
247940
248077
248167
248250
248355
248422
248498
248626
248751
248845
248933
249043
249156
249269
249390
249604
249766
249872
249993
250139
250214
250329
250505
250612
250749
250845
250922
251064
251164
251269
251375
251505
251598
251674
251746
251807
251921
251989
252087
252214
252311
252480
252542
252643
252748
252884
252976
253039
253181
253257
253347
253503
253581
253665
253754
253842
253944
254031
254152
254222
254314
254381
254476
254579
254670
254722
254811
254903
254986
255103
255201
255260
255389
255462
255543
255648
255781
255895
255992
256088
256176
256338
256444
256608
256703
256774
256889
256986
257061
257184
257270
257403
257471
257595
257657
257713
257816
257894
257995
258073
258195
258308
258405
258559
258645
258765
258881
258963
259054
259133
259208
259273
259355
259479
259624
259755
259834
259933
260005
260092
260197
260301
260412
260441
260502
260610
260685
260754
260852
260928
260971
261075
261166
261279
261363
261461
261538
261677
261742
261803
261879
261951
262047
262186
262300
262393
262515
262590
262660
262777
262900
263006
263096
263168
263211
263313
263374
263471
263539
263598
263707
263786
263830
263895
263963
264096
264184
264265
264354
264418
264535
264603
264656
264768
264869
264941
265012
265099
265225
265328
265419
265541
265601
265730
265804
265866
265981
266056
266133
266199
266283
266327
266384
266488
266577
266684
266731
266818
266938
267035
267124
267202
267303
267371
267441
267529
267576
267655
267722
267809
267939
268012
268065
268171
268337
268444
268519
268597
268735
268835
268954
269031
269101
269190
269258
269350
269462
269506
269591
269673
269741
269779
269816
269853
269888
269983
270061
270166
270231
270314
270445
270489
270535
270636
270719
270786
270863
270982
271073
271167
271265
271357
271417
271543
271606
271690
271762
271832
271956
272033
272108
272210
272271
272344
272452
272519
272589
272652
272715
272780
272808
272852
272980
273080
273182
273260
273320
273370
273459
273511
273644
273702
273764
273866
273925
274024
274081
274163
274208
274285
274387
274463
274546
274614
274701
274745
274821
274946
275016
275048
275123
275175
275286
275372
275493
275537
275593
275667
275750
275833
275895
275978
276030
276130
276202
276276
276331
276418
276486
276551
276629
276718
276776
276872
276976
277064
277164
277247
277309
277369
277420
277510
277596
277649
277717
277790
277836
277873
277935
277989
278049
278125
278221
278309
278372
278470
278572
278637
278717
278813
278907
278937
278988
279016
279100
279162
279226
279300
279339
279387
279451
279527
279598
279694
279768
279828
279889
279948
280004
280046
280123
280173
280215
280290
280406
280450
280518
280586
280675
280744
280814
280874
280967
281000
281040
281089
281185
281228
281322
281413
281476
281563
281632
281701
281750
281818
281904
281963
282049
282120
282185
282235
282281
282351
282414
282499
282562
282623
282696
282757
282800
282839
282897
282947
283028
283048
283120
283155
283236
283300
283379
283438
283508
283547
283608
283637
283712
283784
283834
283902
283962
284069
284154
284211
284277
284395
284430
284510
284559
284632
284708
284781
284882
284951
285010
285073
285101
285189
285221
285295
285386
285470
285514
285570
285629
285686
285757
285815
285900
285968
286041
286102
286181
286242
286317
286381
286452
286473
286543
286618
286667
286728
286824
286894
286947
286994
287087
287140
287215
287249
287332
287396
287437
287505
287554
287610
287665
287726
287793
287881
287947
288031
288091
288171
288226
288309
288380
288451
288517
288569
288618
288650
288709
288770
288833
288887
288961
289041
289118
289196
289255
289309
289361
289422
289504
289553
289647
289744
289827
289884
289928
289995
290058
290135
290207
290308
290386
290442
290509
290568
290624
290683
290725
290769
290849
290892
290957
291025
291098
291145
291256
291334
291418
291464
291521
291575
291622
291704
291760
291811
291899
291964
292032
292075
292113
292194
292248
292302
292354
292423
292514
292600
292625
292724
292766
292812
292855
292908
292981
293010
293074
293109
293182
293266
293357
293418
293485
293555
293632
293752
293791
293859
293929
293979
294059
294102
294170
294236
294303
294376
294475
294518
294617
294705
294777
294860
294901
294956
294995
295062
295090
295149
295217
295294
295342
295401
295455
295530
295563
295596
295669
295724
295765
295851
295946
295999
296044
296088
296150
296218
296268
296331
296418
296499
296541
296627
296707
296755
296823
296883
296924
296999
297043
297108
297175
297235
297299
297330
297383
297445
297474
297537
297590
297630
297684
297720
297783
297818
297866
297919
297996
298048
298101
298194
298245
298303
298353
298425
298471
298526
298589
298645
298678
298752
298818
298864
298898
298957
299010
299089
299134
299193
299264
299320
299376
299433
299486
299541
299603
299636
299731
299768
299813
299878
299946
300047
300095
300157
300201
300260
300358
300425
300492
300566
300601
300635
300690
300744
300789
300841
300913
300998
301049
301096
301147
301196
301249
301298
301365
301412
301458
301521
301560
301627
301655
301721
301747
301779
301860
301930
301987
302040
302079
302174
302227
302273
302332
302377
302415
302459
302504
302533
302580
302645
302687
302744
302769
302831
302897
302961
303020
303061
303113
303171
303233
303282
303313
303344
303407
303457
303501
303563
303615
303650
303683
303764
303831
303870
303915
303968
304042
304072
304132
304216
304248
304311
304360
304387
304402
304469
304512
304550
304580
304617
304699
304756
304819
304855
304899
304944
304998
305034
305121
305196
305232
305275
305324
305369
305396
305473
305515
305544
305589
305639
305694
305717
305769
305813
305875
305894
305921
305991
306033
306128
306203
306273
306322
306409
306445
306509
306529
306582
306640
306680
306730
306795
306826
306879
306938
307008
307056
307113
307175
307213
307249
307329
307405
307470
307507
307541
307609
307656
307719
307792
307839
307878
307938
307990
308038
308080
308124
308170
308217
308258
308314
308384
308409
308451
308479
308564
308610
308644
308661
308737
308766
308796
308837
308900
308938
308983
309025
309074
309121
309157
309225
309286
309309
309368
309435
309477
309508
309540
309600
309641
309699
309731
309750
309804
309865
309910
309953
310000
310058
310127
310176
310221
310280
310312
310348
310409
310466
310534
310582
310622
310670
310708
310764
310800
310840
310878
310928
310994
311060
311089
311172
311215
311262
311336
311368
311395
311454
311513
311557
311628
311686
311736
311799
311840
311901
311956
311985
312029
312081
312121
312183
312239
312271
312340
312405
312466
312532
312573
312612
312699
312746
312793
312823
312876
312932
312999
313035
313079
313144
313171
313225
313253
313290
313342
313403
313451
313486
313557
313611
313647
313701
313752
313782
313837
313882
313911
313945
313967
314014
314073
314114
314155
314200
314219
314290
314327
314384
314437
314482
314537
314574
314605
314631
314672
314728
314751
314786
314848
314885
314933
315011
315063
315097
315138
315173
315209
315245
315302
315368
315396
315425
315471
315518
315560
315607
315645
315692
315721
315767
315790
315848
315901
315965
316023
316113
316161
316231
316270
316314
316369
316424
316464
316520
316578
316620
316655
316698
316764
316786
316818
316899
316958
316975
316995
317046
317086
317115
317155
317208
317265
317303
317351
317389
317433
317510
317557
317580
317639
317675
317738
317757
317791
317840
317872
317898
317942
317985
318081
318128
318188
318226
318379
318414
318450
318525
318672
318733
318830
318877
318917
318954
319019
319068
319110
319157
319265
319328
319398
319443
319508
319564
319619
319646
319716
319809
319880
319947
320002
320044
320175
320207
320284
320368
320437
320486
320512
320572
320606
320644
320740
320790
320827
320908
320973
321000
321049
321098
321145
321211
321466
321522
321625
321692
321739
321799
321829
321877
321951
322014
322042
322165
322314
322380
322422
322469
322512
322625
322687
322849
322983
323027
323204
323300
323462
323513
323614
323754
323778
323974
324121
324164
324219
324313
324396
324466
324574
324881
324962
325037
325070
325122
325148
325209
325378
325421
325485
325540
325637
325702
325782
325920
325959
326074
326310
326477
326570
326921
327131
327329
327419
327576
327680
327720
327831
327886
327957
328141
328309
328350
328788
329083
329200
329236
329425
329565
329920
329971
330589
331228
332458
332908
333090
333418
334575
337090
339795
