LENS PARMS:
   alpha 7.621350e-01 7.099993e-01 -6.361645e-01 2.045019e-01 5.784662e+01 1.897052e-01 5.271633e+01 0.0 0.0 1.000000e+00
SOURCE PARMS:
   ptsrc 1.421039e+01 3.863078e-01 -4.127181e-01 0.0 0.0 0.0 0.0 0.0
CHISQ: 8.069382e+00 4.663658e-02 8.022746e+00 0.000000e+00 0.000000e+00 0.000000e+00 0.000000e+00 0.000000e+00 0.000000e+00 # tot pos flux tdel gal plim crv ring weak

Source #1
  posn:  3.863078e-01 -4.127181e-01
  flux:  1.421039e+01
     h:  7.000000e-01
  zsrc:  3.620000e+00
tscale:  5.539142e+01
images:
   0.3892   0.3200 (5.0e-03) 152.0000 ( 3.00e+01)   0.00 (0.0e+00) ->   0.3894   0.3199 103.8323   1.0402
   0.0000   0.0000 (5.0e-03) 161.0000 ( 3.20e+01)   0.00 (0.0e+00) ->   0.0001  -0.0001 134.8300   1.4099
  -0.3339  -0.7477 (5.0e-03)  84.0000 ( 1.60e+01)   0.00 (0.0e+00) ->  -0.3341  -0.7478  67.5140   0.0000
   0.9506  -0.8022 (5.0e-03)   4.0000 ( 8.00e-01)   0.00 (0.0e+00) ->   0.9498  -0.8016   5.5418  40.0898


