LENS PARMS:
   alpha 7.466394e-01 7.645155e-01 -6.730745e-01 3.782362e-01 5.556236e+01 1.473001e-01 5.249080e+01 0.0 0.0 1.000000e+00
SOURCE PARMS:
   ptsrc 2.098076e+01 3.902590e-01 -4.156311e-01 0.0 0.0 0.0 0.0 0.0
CHISQ: 1.413880e+01 1.450756e-03 1.413734e+01 0.000000e+00 4.334361e-13 0.000000e+00 0.000000e+00 0.000000e+00 0.000000e+00 # tot pos flux tdel gal plim crv ring weak

Source #1
  posn:  3.902590e-01 -4.156311e-01
  flux:  2.098076e+01
     h:  7.000000e-01
  zsrc:  3.620000e+00
tscale:  5.539142e+01
images:
   0.3892   0.3200 (5.0e-05) 152.0000 ( 1.00e+01)   0.00 (0.0e+00) ->   0.3892   0.3200 128.0052   1.3291
   0.0000   0.0000 (5.0e-05) 161.0000 ( 1.00e+01)   0.00 (0.0e+00) ->   0.0000  -0.0000 156.8111   1.7993
  -0.3339  -0.7477 (5.0e-05)  84.0000 ( 5.00e+00)   0.00 (0.0e+00) ->  -0.3339  -0.7477  84.1300   0.0000
   0.9506  -0.8022 (5.0e-05)   4.0000 ( 4.00e-01)   0.00 (0.0e+00) ->   0.9506  -0.8022   5.1457  46.5058


