LENS PARMS:
   alpha 7.510728e-01 7.531694e-01 -6.653686e-01 3.457990e-01 5.581020e+01 1.560828e-01 5.256362e+01 0.0 0.0 1.000000e+00
SOURCE PARMS:
   ptsrc 1.982463e+01 3.891894e-01 -4.147990e-01 0.0 0.0 0.0 0.0 0.0
CHISQ: 2.112302e+01 1.909373e+00 1.921365e+01 0.000000e+00 2.716536e-13 0.000000e+00 0.000000e+00 0.000000e+00 0.000000e+00 # tot pos flux tdel gal plim crv ring weak

Source #1
  posn:  3.891894e-01 -4.147990e-01
  flux:  1.982463e+01
     h:  7.000000e-01
  zsrc:  3.620000e+00
tscale:  5.539142e+01
images:
   0.3892   0.3200 (5.0e-05) 152.0000 ( 1.00e+01)   0.00 (0.0e+00) ->   0.3892   0.3200 125.6130   1.2611
   0.0000   0.0000 (5.0e-05) 161.0000 ( 1.00e+01)   0.00 (0.0e+00) ->  -0.0000  -0.0000 156.0653   1.7077
  -0.3339  -0.7477 (5.0e-05)  84.0000 ( 5.00e+00)   0.00 (0.0e+00) ->  -0.3338  -0.7477  82.3188   0.0000
   0.9506  -0.8022 (5.0e-05)   4.0000 ( 4.00e-01)   0.00 (0.0e+00) ->   0.9506  -0.8022   5.3795  45.1987


# 4 images:  x  y  mag  tdel
-3.338399e-01 -7.477302e-01  4.152351e+00  0.000000e+00
 3.892187e-01  3.200190e-01  6.336208e+00  1.593676e-02
-6.541997e-06 -4.103839e-06  7.872294e+00  2.158045e-02
 9.506382e-01 -8.021574e-01  2.713557e-01  5.711913e-01
