LENS PARMS:
   alpha 7.625381e-01 7.099993e-01 -6.361645e-01 2.045019e-01 5.777000e+01 1.891894e-01 5.275023e+01 0.0 0.0 1.000000e+00
SOURCE PARMS:
   ptsrc 1.415993e+01 3.868320e-01 -4.131759e-01 0.0 0.0 0.0 0.0 0.0
CHISQ: 8.167531e+00 5.670602e-02 8.110825e+00 0.000000e+00 0.000000e+00 0.000000e+00 0.000000e+00 0.000000e+00 0.000000e+00 # tot pos flux tdel gal plim crv ring weak

Source #1
  posn:  3.868320e-01 -4.131759e-01
  flux:  1.415993e+01
     h:  7.000000e-01
  zsrc:  3.620000e+00
tscale:  5.539142e+01
images:
   0.3892   0.3200 (5.0e-05) 152.0000 ( 3.00e+01)   0.00 (0.0e+00) ->   0.3893   0.3200 103.5955   1.0382
   0.0000   0.0000 (5.0e-05) 161.0000 ( 3.20e+01)   0.00 (0.0e+00) ->  -0.0000   0.0000 134.5583   1.4075
  -0.3339  -0.7477 (5.0e-05)  84.0000 ( 1.60e+01)   0.00 (0.0e+00) ->  -0.3339  -0.7477  67.3760   0.0000
   0.9506  -0.8022 (5.0e-05)   4.0000 ( 8.00e-01)   0.00 (0.0e+00) ->   0.9506  -0.8021   5.5482  40.0555

findimg results:
 3.868320e-01 -4.131759e-01  # source
# 4 images:  x  y  mag  tdel
-3.338764e-01 -7.477107e-01  4.758216e+00  0.000000e+00
 3.892529e-01  3.199756e-01  7.316110e+00  1.312057e-02
-7.056364e-06  6.904957e-06  9.502762e+00  1.778710e-02
 9.506494e-01 -8.021483e-01  3.918243e-01  5.061947e-01


