#
# Columns: x1 y1 u1 v1 x2 y2 u2 v2
#
# To plot the image plane curves, connect each (x1,y1)
# to the (x2,y2) on the same line -- do *not* connect
# consecutive lines!
#
# To plot the source plane curves, do the same for
# (u1,v1) and (u2,v2).
#
 -2.798528093091e-01 -4.891344851609e-01 -1.588646374447e-01 -2.877191835198e-01  -2.795236558923e-01 -4.906305837751e-01 -1.593693229648e-01 -2.888479697753e-01
 -2.795236558923e-01 -4.906305837751e-01 -1.593693229648e-01 -2.888479697753e-01  -2.778859651077e-01 -4.981957166714e-01 -1.618901947619e-01 -2.946300132650e-01
 -2.778859651077e-01 -4.981957166714e-01 -1.618901947619e-01 -2.946300132650e-01  -2.778609049279e-01 -4.983128980592e-01 -1.619288236706e-01 -2.947205132276e-01
 -2.778609049279e-01 -4.983128980592e-01 -1.619288236706e-01 -2.947205132276e-01  -2.778568924906e-01 -4.983316645589e-01 -1.619350088740e-01 -2.947350093513e-01
 -2.778568924906e-01 -4.983316645589e-01 -1.619350088740e-01 -2.947350093513e-01  -2.764507366771e-01 -5.049639304408e-01 -1.640997408095e-01 -2.999013829518e-01
 -2.764507366771e-01 -5.049639304408e-01 -1.640997408095e-01 -2.999013829518e-01  -2.762288134767e-01 -5.060194649757e-01 -1.644403043693e-01 -3.007313331421e-01
 -2.762288134767e-01 -5.060194649757e-01 -1.644403043693e-01 -3.007313331421e-01  -2.750507956406e-01 -5.116517718489e-01 -1.662387343890e-01 -3.051938133580e-01
 -2.750507956406e-01 -5.116517718489e-01 -1.662387343890e-01 -3.051938133580e-01  -2.746244620590e-01 -5.136991196985e-01 -1.668845027199e-01 -3.068295687296e-01
 -2.746244620590e-01 -5.136991196985e-01 -1.668845027199e-01 -3.068295687296e-01  -2.736526069302e-01 -5.183748319075e-01 -1.683430916425e-01 -3.105912000708e-01
 -2.736526069302e-01 -5.183748319075e-01 -1.683430916425e-01 -3.105912000708e-01  -2.730290556059e-01 -5.213757036110e-01 -1.692671785589e-01 -3.130236517715e-01
 -2.730290556059e-01 -5.213757036110e-01 -1.692671785589e-01 -3.130236517715e-01  -2.722472753782e-01 -5.251318973849e-01 -1.704104074678e-01 -3.160875120899e-01
 -2.722472753782e-01 -5.251318973849e-01 -1.704104074678e-01 -3.160875120899e-01  -2.714277042676e-01 -5.290543284052e-01 -1.715880679384e-01 -3.193087115807e-01
 -2.714277042676e-01 -5.290543284052e-01 -1.715880679384e-01 -3.193087115807e-01  -2.708253419373e-01 -5.319221244235e-01 -1.724385123851e-01 -3.216772643075e-01
 -2.708253419373e-01 -5.319221244235e-01 -1.724385123851e-01 -3.216772643075e-01  -2.698049863822e-01 -5.367402883442e-01 -1.738469730659e-01 -3.256809939042e-01
 -2.698049863822e-01 -5.367402883442e-01 -1.738469730659e-01 -3.256809939042e-01  -2.693766124458e-01 -5.387450397501e-01 -1.744254082078e-01 -3.273554959887e-01
 -2.693766124458e-01 -5.387450397501e-01 -1.744254082078e-01 -3.273554959887e-01  -2.681444264921e-01 -5.444392394599e-01 -1.760436856564e-01 -3.321378319871e-01
 -2.681444264921e-01 -5.444392394599e-01 -1.760436856564e-01 -3.321378319871e-01  -2.678898912918e-01 -5.456005579863e-01 -1.763692050103e-01 -3.331177447968e-01
 -2.678898912918e-01 -5.456005579863e-01 -1.763692050103e-01 -3.331177447968e-01  -2.664278632142e-01 -5.521574165629e-01 -1.781779220040e-01 -3.386776737736e-01
 -2.664278632142e-01 -5.521574165629e-01 -1.781779220040e-01 -3.386776737736e-01  -2.663526761337e-01 -5.524890109777e-01 -1.782680637466e-01 -3.389600371153e-01
 -2.663526761337e-01 -5.524890109777e-01 -1.782680637466e-01 -3.389600371153e-01  -2.657163545364e-01 -5.552718259256e-01 -1.790194549297e-01 -3.413339852475e-01
 -2.657163545364e-01 -5.552718259256e-01 -1.790194549297e-01 -3.413339852475e-01  -2.647545167604e-01 -5.593947336561e-01 -1.801157902601e-01 -3.448647235385e-01
 -2.647545167604e-01 -5.593947336561e-01 -1.801157902601e-01 -3.448647235385e-01  -2.646344710668e-01 -5.599019690501e-01 -1.802492642861e-01 -3.453001836228e-01
 -2.646344710668e-01 -5.599019690501e-01 -1.802492642861e-01 -3.453001836228e-01  -2.630776109003e-01 -5.663253366731e-01 -1.819124598603e-01 -3.508338599578e-01
 -2.630776109003e-01 -5.663253366731e-01 -1.819124598603e-01 -3.508338599578e-01  -2.627394367718e-01 -5.676814153307e-01 -1.822571032592e-01 -3.520064521082e-01
 -2.627394367718e-01 -5.676814153307e-01 -1.822571032592e-01 -3.520064521082e-01  -2.612992740189e-01 -5.732940124933e-01 -1.836590018448e-01 -3.568744116760e-01
 -2.612992740189e-01 -5.732940124933e-01 -1.836590018448e-01 -3.568744116760e-01  -2.607118594630e-01 -5.755063636853e-01 -1.842005777093e-01 -3.587993784082e-01
 -2.607118594630e-01 -5.755063636853e-01 -1.842005777093e-01 -3.587993784082e-01  -2.593943966294e-01 -5.803035253267e-01 -1.853530203538e-01 -3.629841664106e-01
 -2.593943966294e-01 -5.803035253267e-01 -1.853530203538e-01 -3.629841664106e-01  -2.585113170068e-01 -5.833906910501e-01 -1.860785066104e-01 -3.656843538188e-01
 -2.585113170068e-01 -5.833906910501e-01 -1.860785066104e-01 -3.656843538188e-01  -2.573304391953e-01 -5.873579238182e-01 -1.869917547933e-01 -3.691614648950e-01
 -2.573304391953e-01 -5.873579238182e-01 -1.869917547933e-01 -3.691614648950e-01  -2.560818156065e-01 -5.913536201197e-01 -1.878893119053e-01 -3.726705206002e-01
 -2.560818156065e-01 -5.913536201197e-01 -1.878893119053e-01 -3.726705206002e-01  -2.550633001416e-01 -5.944631573244e-01 -1.885719035691e-01 -3.754053125901e-01
 -2.550633001416e-01 -5.944631573244e-01 -1.885719035691e-01 -3.754053125901e-01  -2.533400264913e-01 -5.994237576972e-01 -1.896309415806e-01 -3.797732631386e-01
 -2.533400264913e-01 -5.994237576972e-01 -1.896309415806e-01 -3.797732631386e-01  -2.525298158531e-01 -6.016281994557e-01 -1.900893557499e-01 -3.817155971872e-01
 -2.525298158531e-01 -6.016281994557e-01 -1.900893557499e-01 -3.817155971872e-01  -2.501493976970e-01 -6.076479821312e-01 -1.913008515595e-01 -3.870197323665e-01
 -2.501493976970e-01 -6.076479821312e-01 -1.913008515595e-01 -3.870197323665e-01  -2.496326304561e-01 -6.088673093023e-01 -1.915387423719e-01 -3.880935196278e-01
 -2.496326304561e-01 -6.088673093023e-01 -1.915387423719e-01 -3.880935196278e-01  -2.462511186613e-01 -6.161151431999e-01 -1.928963666952e-01 -3.944635817922e-01
 -2.462511186613e-01 -6.161151431999e-01 -1.928963666952e-01 -3.944635817922e-01  -2.462051458808e-01 -6.162052430063e-01 -1.929126015136e-01 -3.945425605436e-01
 -2.462051458808e-01 -6.162052430063e-01 -1.929126015136e-01 -3.945425605436e-01  -2.459305701724e-01 -6.167388099976e-01 -1.930084014433e-01 -3.950101221132e-01
 -2.459305701724e-01 -6.167388099976e-01 -1.930084014433e-01 -3.950101221132e-01  -2.423572912640e-01 -6.229956349047e-01 -1.940853677565e-01 -4.004675050137e-01
 -2.423572912640e-01 -6.229956349047e-01 -1.940853677565e-01 -4.004675050137e-01  -2.356952686665e-01 -6.315670002067e-01 -1.953926564502e-01 -4.077845096379e-01
 -2.356952686665e-01 -6.315670002067e-01 -1.953926564502e-01 -4.077845096379e-01  -2.271187711940e-01 -6.375953207206e-01 -1.961200582565e-01 -4.125096757537e-01
 -2.271187711940e-01 -6.375953207206e-01 -1.961200582565e-01 -4.125096757537e-01  -1.981628390782e-01 -6.283822150390e-01 -1.952143860297e-01 -4.003310189672e-01
 -1.981628390782e-01 -6.283822150390e-01 -1.952143860297e-01 -4.003310189672e-01  -1.928113688820e-01 -6.229956349047e-01 -1.949492625178e-01 -3.945838293291e-01
 -1.928113688820e-01 -6.229956349047e-01 -1.949492625178e-01 -3.945838293291e-01  -1.904953363738e-01 -6.203864435966e-01 -1.948523123139e-01 -3.918377626552e-01
 -1.904953363738e-01 -6.203864435966e-01 -1.948523123139e-01 -3.918377626552e-01  -1.870795750818e-01 -6.162530171114e-01 -1.947360359044e-01 -3.875250785505e-01
 -1.870795750818e-01 -6.162530171114e-01 -1.947360359044e-01 -3.875250785505e-01  -1.857446096310e-01 -6.145493241001e-01 -1.947006217228e-01 -3.857590082028e-01
 -1.857446096310e-01 -6.145493241001e-01 -1.947006217228e-01 -3.857590082028e-01  -1.819927145510e-01 -6.095103993181e-01 -1.946360131130e-01 -3.805693551641e-01
 -1.819927145510e-01 -6.095103993181e-01 -1.946360131130e-01 -3.805693551641e-01  -1.813866747658e-01 -6.086631071671e-01 -1.946308297735e-01 -3.797012665742e-01
 -1.813866747658e-01 -6.086631071671e-01 -1.946308297735e-01 -3.797012665742e-01  -1.773307797629e-01 -6.027677815248e-01 -1.946379884062e-01 -3.736939013452e-01
 -1.773307797629e-01 -6.027677815248e-01 -1.946379884062e-01 -3.736939013452e-01  -1.773168465635e-01 -6.027468858301e-01 -1.946381452160e-01 -3.736727053756e-01
 -1.773168465635e-01 -6.027468858301e-01 -1.946381452160e-01 -3.736727053756e-01  -1.772157271965e-01 -6.025950428080e-01 -1.946393120882e-01 -3.735186997896e-01
 -1.772157271965e-01 -6.025950428080e-01 -1.946393120882e-01 -3.735186997896e-01  -1.729722871974e-01 -5.960251637314e-01 -1.947351121814e-01 -3.668874851096e-01
 -1.729722871974e-01 -5.960251637314e-01 -1.947351121814e-01 -3.668874851096e-01  -1.723296310688e-01 -5.949977683347e-01 -1.947579603497e-01 -3.658560163143e-01
 -1.723296310688e-01 -5.949977683347e-01 -1.947579603497e-01 -3.658560163143e-01  -1.688411723987e-01 -5.892825459381e-01 -1.949229081713e-01 -3.601442995389e-01
 -1.688411723987e-01 -5.892825459381e-01 -1.949229081713e-01 -3.601442995389e-01  -1.676196730528e-01 -5.872287602316e-01 -1.949976367769e-01 -3.581024208425e-01
 -1.676196730528e-01 -5.872287602316e-01 -1.949976367769e-01 -3.581024208425e-01  -1.648855940736e-01 -5.825399281448e-01 -1.951983616441e-01 -3.534615517250e-01
 -1.648855940736e-01 -5.825399281448e-01 -1.951983616441e-01 -3.534615517250e-01  -1.631327802391e-01 -5.794710381708e-01 -1.953521812515e-01 -3.504396295890e-01
 -1.631327802391e-01 -5.794710381708e-01 -1.953521812515e-01 -3.504396295890e-01  -1.610679208575e-01 -5.757973103515e-01 -1.955594326323e-01 -3.468383462802e-01
 -1.610679208575e-01 -5.757973103515e-01 -1.955594326323e-01 -3.468383462802e-01  -1.588095243571e-01 -5.717120390027e-01 -1.958192589630e-01 -3.428545300818e-01
 -1.588095243571e-01 -5.717120390027e-01 -1.958192589630e-01 -3.428545300818e-01  -1.573594347792e-01 -5.690546925581e-01 -1.960047670979e-01 -3.402751153682e-01
 -1.573594347792e-01 -5.690546925581e-01 -1.960047670979e-01 -3.402751153682e-01  -1.546058991419e-01 -5.639417389255e-01 -1.963981028793e-01 -3.353390320932e-01
 -1.546058991419e-01 -5.639417389255e-01 -1.963981028793e-01 -3.353390320932e-01  -1.537372820167e-01 -5.623120747648e-01 -1.965335102669e-01 -3.337733117184e-01
 -1.537372820167e-01 -5.623120747648e-01 -1.965335102669e-01 -3.337733117184e-01  -1.504872008464e-01 -5.561514871884e-01 -1.970891132875e-01 -3.278883976228e-01
 -1.504872008464e-01 -5.561514871884e-01 -1.970891132875e-01 -3.278883976228e-01  -1.501825970054e-01 -5.555694569715e-01 -1.971451760581e-01 -3.273352419713e-01
 -1.501825970054e-01 -5.555694569715e-01 -1.971451760581e-01 -3.273352419713e-01  -1.482684874991e-01 -5.518959259939e-01 -1.975132358637e-01 -3.238555241920e-01
 -1.482684874991e-01 -5.518959259939e-01 -1.975132358637e-01 -3.238555241920e-01  -1.466792967484e-01 -5.488268391782e-01 -1.978395484080e-01 -3.209639804431e-01
 -1.466792967484e-01 -5.488268391782e-01 -1.978395484080e-01 -3.209639804431e-01  -1.464125987250e-01 -5.483102565212e-01 -1.978961567067e-01 -3.204787082894e-01
 -1.464125987250e-01 -5.483102565212e-01 -1.978961567067e-01 -3.204787082894e-01  -1.432132693668e-01 -5.420842213848e-01 -1.986165998669e-01 -3.146633331369e-01
 -1.432132693668e-01 -5.420842213848e-01 -1.986165998669e-01 -3.146633331369e-01  -1.423532317297e-01 -5.404028031880e-01 -1.988232628615e-01 -3.131036444320e-01
 -1.423532317297e-01 -5.404028031880e-01 -1.988232628615e-01 -3.131036444320e-01  -1.397717656273e-01 -5.353416035915e-01 -1.994764177660e-01 -3.084378415531e-01
 -1.397717656273e-01 -5.353416035915e-01 -1.994764177660e-01 -3.084378415531e-01  -1.382989557287e-01 -5.324470806257e-01 -1.998709517373e-01 -3.057896579245e-01
 -1.382989557287e-01 -5.324470806257e-01 -1.998709517373e-01 -3.057896579245e-01  -1.363430579118e-01 -5.285989857982e-01 -2.004191337156e-01 -3.022927970579e-01
 -1.363430579118e-01 -5.285989857982e-01 -2.004191337156e-01 -3.022927970579e-01  -1.342266027769e-01 -5.244339044114e-01 -2.010429400559e-01 -2.985396684993e-01
 -1.342266027769e-01 -5.244339044114e-01 -2.010429400559e-01 -2.985396684993e-01  -1.329160678435e-01 -5.218563680049e-01 -2.014448471343e-01 -2.962342918178e-01
 -1.329160678435e-01 -5.218563680049e-01 -2.014448471343e-01 -2.962342918178e-01  -1.301129471641e-01 -5.163532583438e-01 -2.023435104692e-01 -2.913584731413e-01
 -1.301129471641e-01 -5.163532583438e-01 -2.023435104692e-01 -2.913584731413e-01  -1.294801830876e-01 -5.151137502115e-01 -2.025535426192e-01 -2.902692687685e-01
 -1.294801830876e-01 -5.151137502115e-01 -2.025535426192e-01 -2.902692687685e-01  -1.264472268124e-01 -5.091922749625e-01 -2.035954834267e-01 -2.851139844689e-01
 -1.264472268124e-01 -5.091922749625e-01 -2.035954834267e-01 -2.851139844689e-01  -1.260057905242e-01 -5.083336234940e-01 -2.037518525093e-01 -2.843732682500e-01
 -1.260057905242e-01 -5.083336234940e-01 -2.037518525093e-01 -2.843732682500e-01  -1.259051524515e-01 -5.081379975000e-01 -2.037876645730e-01 -2.842047605216e-01
 -1.259051524515e-01 -5.081379975000e-01 -2.037876645730e-01 -2.842047605216e-01  -1.223773840434e-01 -5.013142863166e-01 -2.050800001841e-01 -2.783868087883e-01
 -1.223773840434e-01 -5.013142863166e-01 -2.050800001841e-01 -2.783868087883e-01  -1.214163717398e-01 -4.994681169499e-01 -2.054439871862e-01 -2.768335152076e-01
 -1.214163717398e-01 -4.994681169499e-01 -2.054439871862e-01 -2.768335152076e-01  -1.187364932060e-01 -4.943530647191e-01 -2.064840078902e-01 -2.725789331559e-01
 -1.187364932060e-01 -4.943530647191e-01 -2.064840078902e-01 -2.725789331559e-01  -1.168417444915e-01 -4.907687652465e-01 -2.072400963486e-01 -2.696425389517e-01
 -1.168417444915e-01 -4.907687652465e-01 -2.072400963486e-01 -2.696425389517e-01  -1.150755361201e-01 -4.874537569958e-01 -2.079590851295e-01 -2.669614981151e-01
 -1.150755361201e-01 -4.874537569958e-01 -2.079590851295e-01 -2.669614981151e-01  -1.121545938471e-01 -4.820307842125e-01 -2.091752200561e-01 -2.626516011580e-01
 -1.121545938471e-01 -4.820307842125e-01 -2.091752200561e-01 -2.626516011580e-01  -1.113882150873e-01 -4.806207927001e-01 -2.094993685494e-01 -2.615471613104e-01
 -1.113882150873e-01 -4.806207927001e-01 -2.094993685494e-01 -2.615471613104e-01  -1.087771306410e-01 -4.758588248384e-01 -2.106176455478e-01 -2.578689480976e-01
 -1.087771306410e-01 -4.758588248384e-01 -2.106176455478e-01 -2.578689480976e-01  -1.076571615106e-01 -4.738366460395e-01 -2.111032315197e-01 -2.563320464896e-01
 -1.076571615106e-01 -4.738366460395e-01 -2.111032315197e-01 -2.563320464896e-01  -1.073281655717e-01 -4.732449891074e-01 -2.112464825664e-01 -2.558852892577e-01
 -1.073281655717e-01 -4.732449891074e-01 -2.112464825664e-01 -2.558852892577e-01  -1.038583672553e-01 -4.670715203960e-01 -2.127718357639e-01 -2.513054686758e-01
 -1.038583672553e-01 -4.670715203960e-01 -2.127718357639e-01 -2.513054686758e-01  -1.023364099026e-01 -4.644024370363e-01 -2.134478763935e-01 -2.493734429285e-01
 -1.023364099026e-01 -4.644024370363e-01 -2.134478763935e-01 -2.493734429285e-01  -1.000180204331e-01 -4.603824119889e-01 -2.144836233258e-01 -2.465212209158e-01
 -1.000180204331e-01 -4.603824119889e-01 -2.144836233258e-01 -2.465212209158e-01  -9.715559302145e-02 -4.554949801691e-01 -2.157689972218e-01 -2.431513224321e-01
 -9.715559302145e-02 -4.554949801691e-01 -2.157689972218e-01 -2.431513224321e-01  -9.613697620599e-02 -4.537757735321e-01 -2.162273674796e-01 -2.419924741573e-01
 -9.613697620599e-02 -4.537757735321e-01 -2.162273674796e-01 -2.419924741573e-01  -9.337654205964e-02 -4.491685348625e-01 -2.174699353733e-01 -2.389578649808e-01
 -9.337654205964e-02 -4.491685348625e-01 -2.174699353733e-01 -2.389578649808e-01  -9.176695105362e-02 -4.465161768595e-01 -2.181936218372e-01 -2.372591904356e-01
 -9.176695105362e-02 -4.465161768595e-01 -2.181936218372e-01 -2.372591904356e-01  -9.072870125921e-02 -4.448182645347e-01 -2.186596750408e-01 -2.361908600062e-01
 -9.072870125921e-02 -4.448182645347e-01 -2.186596750408e-01 -2.361908600062e-01  -8.616059807319e-02 -4.374626332650e-01 -2.206984371322e-01 -2.317407947881e-01
 -8.616059807319e-02 -4.374626332650e-01 -2.206984371322e-01 -2.317407947881e-01  -8.092648050348e-02 -4.292435008679e-01 -2.229979970226e-01 -2.271261055762e-01
 -8.092648050348e-02 -4.292435008679e-01 -2.229979970226e-01 -2.271261055762e-01  -8.034052704007e-02 -4.283357201702e-01 -2.232522885562e-01 -2.266404021359e-01
 -8.034052704007e-02 -4.283357201702e-01 -2.232522885562e-01 -2.266404021359e-01  -7.958934635739e-02 -4.271752806038e-01 -2.235772433626e-01 -2.260265811685e-01
 -7.958934635739e-02 -4.271752806038e-01 -2.235772433626e-01 -2.260265811685e-01  -7.432970303640e-02 -4.191433214980e-01 -2.258167578740e-01 -2.219979481448e-01
 -7.432970303640e-02 -4.191433214980e-01 -2.258167578740e-01 -2.219979481448e-01  -6.924001576129e-02 -4.114932591637e-01 -2.279173746633e-01 -2.185220151303e-01
 -6.924001576129e-02 -4.114932591637e-01 -2.279173746633e-01 -2.185220151303e-01  -6.817352067913e-02 -4.099010212399e-01 -2.283485699829e-01 -2.178428925937e-01
 -6.817352067913e-02 -4.099010212399e-01 -2.283485699829e-01 -2.178428925937e-01  -6.713846418822e-02 -4.083582979747e-01 -2.287639843958e-01 -2.171993719769e-01
 -6.713846418822e-02 -4.083582979747e-01 -2.287639843958e-01 -2.171993719769e-01  -6.214623163533e-02 -4.009391182265e-01 -2.307243111910e-01 -2.143012544623e-01
 -6.214623163533e-02 -4.009391182265e-01 -2.307243111910e-01 -2.143012544623e-01  -5.708052381705e-02 -3.934087667795e-01 -2.326391783961e-01 -2.116831945393e-01
 -5.708052381705e-02 -3.934087667795e-01 -2.326391783961e-01 -2.116831945393e-01  -5.632635290715e-02 -3.922841313035e-01 -2.329178656727e-01 -2.113191314905e-01
 -5.632635290715e-02 -3.922841313035e-01 -2.329178656727e-01 -2.113191314905e-01  -5.564359628471e-02 -3.912647459335e-01 -2.331687390050e-01 -2.109950261253e-01
 -5.564359628471e-02 -3.912647459335e-01 -2.331687390050e-01 -2.109950261253e-01  -5.060101698830e-02 -3.836847207889e-01 -2.349804601524e-01 -2.087548210794e-01
 -5.060101698830e-02 -3.836847207889e-01 -2.349804601524e-01 -2.087548210794e-01  -4.546157108853e-02 -3.758211178095e-01 -2.367548000837e-01 -2.067279721204e-01
 -4.546157108853e-02 -3.758211178095e-01 -2.367548000837e-01 -2.067279721204e-01  -4.516686448356e-02 -3.753645823326e-01 -2.368544235120e-01 -2.066189828074e-01
 -4.516686448356e-02 -3.753645823326e-01 -2.368544235120e-01 -2.066189828074e-01  -4.490070708988e-02 -3.749516730269e-01 -2.369442043760e-01 -2.065211958337e-01
 -4.490070708988e-02 -3.749516730269e-01 -2.369442043760e-01 -2.065211958337e-01  -3.622387798018e-02 -3.611117243066e-01 -2.397757492705e-01 -2.036462354142e-01
 -3.622387798018e-02 -3.611117243066e-01 -2.397757492705e-01 -2.036462354142e-01  -3.506431857365e-02 -3.591947207940e-01 -2.401409660022e-01 -2.033046524459e-01
 -3.506431857365e-02 -3.591947207940e-01 -2.401409660022e-01 -2.033046524459e-01  -3.505258179643e-02 -3.591752211835e-01 -2.401446477517e-01 -2.033012427205e-01
 -3.505258179643e-02 -3.591752211835e-01 -2.401446477517e-01 -2.033012427205e-01  -2.625711499325e-02 -3.439205239496e-01 -2.428256640259e-01 -2.009968837852e-01
 -2.625711499325e-02 -3.439205239496e-01 -2.428256640259e-01 -2.009968837852e-01  -2.614449035027e-02 -3.437155840182e-01 -2.428590526022e-01 -2.009704352696e-01
 -2.614449035027e-02 -3.437155840182e-01 -2.428590526022e-01 -2.009704352696e-01  -2.559544187924e-02 -3.427124819938e-01 -2.430214989147e-01 -2.008425464688e-01
 -2.559544187924e-02 -3.427124819938e-01 -2.430214989147e-01 -2.008425464688e-01  -1.968101253272e-02 -3.314335929242e-01 -2.447399574940e-01 -1.995705278726e-01
 -1.968101253272e-02 -3.314335929242e-01 -2.447399574940e-01 -1.995705278726e-01  -1.834623453899e-02 -3.287516311011e-01 -2.451203438727e-01 -1.993091043524e-01
 -1.834623453899e-02 -3.287516311011e-01 -2.451203438727e-01 -1.993091043524e-01  -1.412544335219e-02 -3.198670075678e-01 -2.463068753201e-01 -1.985414106310e-01
 -1.412544335219e-02 -3.198670075678e-01 -2.463068753201e-01 -1.985414106310e-01  -1.124402099380e-02 -3.133880592968e-01 -2.471035626111e-01 -1.980673071192e-01
 -1.124402099380e-02 -3.133880592968e-01 -2.471035626111e-01 -1.980673071192e-01  -5.919475106354e-03 -3.002684637478e-01 -2.485494741418e-01 -1.972951153529e-01
 -5.919475106354e-03 -3.002684637478e-01 -2.485494741418e-01 -1.972951153529e-01  -5.064413190387e-03 -2.979903729489e-01 -2.487785914947e-01 -1.971836083188e-01
 -5.064413190387e-03 -2.979903729489e-01 -2.487785914947e-01 -1.971836083188e-01  -4.149296741169e-03 -2.954894537213e-01 -2.490228493473e-01 -1.970681271505e-01
 -4.149296741169e-03 -2.954894537213e-01 -2.490228493473e-01 -1.970681271505e-01   1.327533985676e-04 -2.827455878923e-01 -2.501521667376e-01 -1.965816905471e-01
  1.327533985676e-04 -2.827455878923e-01 -2.501521667376e-01 -1.965816905471e-01   1.850310781260e-03 -2.770221750408e-01 -2.505981357982e-01 -1.964123986875e-01
  1.850310781260e-03 -2.770221750408e-01 -2.505981357982e-01 -1.964123986875e-01   4.445960550404e-03 -2.674334273963e-01 -2.512624788720e-01 -1.961865396219e-01
  4.445960550404e-03 -2.674334273963e-01 -2.512624788720e-01 -1.961865396219e-01   5.907259123514e-03 -2.613690440809e-01 -2.516298763177e-01 -1.960764001764e-01
  5.907259123514e-03 -2.613690440809e-01 -2.516298763177e-01 -1.960764001764e-01   7.925246453817e-03 -2.518373936517e-01 -2.521256510247e-01 -1.959466481282e-01
  7.925246453817e-03 -2.518373936517e-01 -2.521256510247e-01 -1.959466481282e-01   1.012364708427e-02 -2.389219138989e-01 -2.526389789803e-01 -1.958395018603e-01
  1.012364708427e-02 -2.389219138989e-01 -2.526389789803e-01 -1.958395018603e-01   1.051333630047e-02 -2.361700001775e-01 -2.527247697045e-01 -1.958249112147e-01
  1.051333630047e-02 -2.361700001775e-01 -2.527247697045e-01 -1.958249112147e-01   1.136300003347e-02 -2.293337134495e-01 -2.529018267882e-01 -1.957986251602e-01
  1.136300003347e-02 -2.293337134495e-01 -2.529018267882e-01 -1.957986251602e-01   1.220100149163e-02 -2.206488493454e-01 -2.530519460974e-01 -1.957815362996e-01
  1.220100149163e-02 -2.206488493454e-01 -2.530519460974e-01 -1.957815362996e-01   1.278451611233e-02 -2.117104443206e-01 -2.531175729930e-01 -1.957765151043e-01
  1.278451611233e-02 -2.117104443206e-01 -2.531175729930e-01 -1.957765151043e-01   1.303707720154e-02 -2.050615755112e-01 -2.531066326649e-01 -1.957767853767e-01
  1.303707720154e-02 -2.050615755112e-01 -2.531066326649e-01 -1.957767853767e-01   1.309375077077e-02 -2.024806964148e-01 -2.530883760504e-01 -1.957770640867e-01
  1.309375077077e-02 -2.024806964148e-01 -2.530883760504e-01 -1.957770640867e-01   1.302330840793e-02 -1.891896757980e-01 -2.528665112926e-01 -1.957715122373e-01
  1.302330840793e-02 -1.891896757980e-01 -2.528665112926e-01 -1.957715122373e-01   1.257801060961e-02 -1.792264531666e-01 -2.525539352438e-01 -1.957482776483e-01
  1.257801060961e-02 -1.792264531666e-01 -2.525539352438e-01 -1.957482776483e-01   1.215172608356e-02 -1.732427420233e-01 -2.523026972484e-01 -1.957207460231e-01
  1.215172608356e-02 -1.732427420233e-01 -2.523026972484e-01 -1.957207460231e-01   1.116809080639e-02 -1.631539562822e-01 -2.517650881204e-01 -1.956415794665e-01
  1.116809080639e-02 -1.631539562822e-01 -2.517650881204e-01 -1.956415794665e-01   1.046443934741e-02 -1.574262588164e-01 -2.513928591463e-01 -1.955733128949e-01
  1.046443934741e-02 -1.574262588164e-01 -2.513928591463e-01 -1.955733128949e-01   8.393241739909e-03 -1.438691276021e-01 -2.503033387917e-01 -1.953221392834e-01
  8.393241739909e-03 -1.438691276021e-01 -2.503033387917e-01 -1.953221392834e-01   7.973670901819e-03 -1.414954886045e-01 -2.500805981055e-01 -1.952625157008e-01
  7.973670901819e-03 -1.414954886045e-01 -2.500805981055e-01 -1.952625157008e-01   7.618817415941e-03 -1.395570921955e-01 -2.498912765663e-01 -1.952098258121e-01
  7.618817415941e-03 -1.395570921955e-01 -2.498912765663e-01 -1.952098258121e-01   4.656523162556e-03 -1.251767661492e-01 -2.482664595948e-01 -1.946885966139e-01
  4.656523162556e-03 -1.251767661492e-01 -2.482664595948e-01 -1.946885966139e-01   3.239857388589e-03 -1.190998435479e-01 -2.474552403817e-01 -1.943865727621e-01
  3.239857388589e-03 -1.190998435479e-01 -2.474552403817e-01 -1.943865727621e-01   5.848970925055e-04 -1.086016199180e-01 -2.458633944711e-01 -1.937224036822e-01
  5.848970925055e-04 -1.086016199180e-01 -2.458633944711e-01 -1.937224036822e-01   2.385558236453e-04 -1.072990887347e-01 -2.456482443985e-01 -1.936258203646e-01
  2.385558236453e-04 -1.072990887347e-01 -2.456482443985e-01 -1.936258203646e-01  -7.187959737996e-04 -1.037638497008e-01 -2.450438661329e-01 -1.933462608724e-01
 -7.187959737996e-04 -1.037638497008e-01 -2.450438661329e-01 -1.933462608724e-01  -3.177031524534e-03 -9.505216657708e-02 -2.434231641128e-01 -1.925390686410e-01
 -3.177031524534e-03 -9.505216657708e-02 -2.434231641128e-01 -1.925390686410e-01  -4.109808441116e-03 -9.185759045117e-02 -2.427804816618e-01 -1.921968225904e-01
 -4.109808441116e-03 -9.185759045117e-02 -2.427804816618e-01 -1.921968225904e-01  -7.460252413777e-03 -8.073912989728e-02 -2.403334590966e-01 -1.907855600548e-01
 -7.460252413777e-03 -8.073912989728e-02 -2.403334590966e-01 -1.907855600548e-01  -9.397082797513e-03 -7.448809159269e-02 -2.388110439584e-01 -1.898253411964e-01
 -9.397082797513e-03 -7.448809159269e-02 -2.388110439584e-01 -1.898253411964e-01  -1.216408241628e-02 -6.567399535742e-02 -2.364832787724e-01 -1.882418869922e-01
 -1.216408241628e-02 -6.567399535742e-02 -2.364832787724e-01 -1.882418869922e-01  -1.525654462549e-02 -5.585940107476e-02 -2.336456287267e-01 -1.861314513155e-01
 -1.525654462549e-02 -5.585940107476e-02 -2.336456287267e-01 -1.861314513155e-01  -1.618401360543e-02 -5.290228452088e-02 -2.327415149843e-01 -1.854188302646e-01
 -1.618401360543e-02 -5.290228452088e-02 -2.327415149843e-01 -1.854188302646e-01  -1.691729036428e-02 -5.055522207013e-02 -2.320082943426e-01 -1.848269165562e-01
 -1.691729036428e-02 -5.055522207013e-02 -2.320082943426e-01 -1.848269165562e-01  -1.883837381103e-02 -4.435335206490e-02 -2.300065914301e-01 -1.831480612407e-01
 -1.883837381103e-02 -4.435335206490e-02 -2.300065914301e-01 -1.831480612407e-01  -2.148219377401e-02 -3.564100203971e-02 -2.270474352572e-01 -1.805003197888e-01
 -2.148219377401e-02 -3.564100203971e-02 -2.270474352572e-01 -1.805003197888e-01  -2.148697836390e-02 -3.562500118933e-02 -2.270418531258e-01 -1.804951404323e-01
 -2.148697836390e-02 -3.562500118933e-02 -2.270418531258e-01 -1.804951404323e-01  -2.149407650397e-02 -3.560126197631e-02 -2.270335704807e-01 -1.804874541421e-01
 -2.149407650397e-02 -3.560126197631e-02 -2.270335704807e-01 -1.804874541421e-01  -2.403716191927e-02 -2.694721438613e-02 -2.239424088685e-01 -1.775131324206e-01
 -2.403716191927e-02 -2.694721438613e-02 -2.239424088685e-01 -1.775131324206e-01  -2.569931953290e-02 -2.110456924585e-02 -2.217822337694e-01 -1.753102659859e-01
 -2.569931953290e-02 -2.110456924585e-02 -2.217822337694e-01 -1.753102659859e-01  -2.652734576012e-02 -1.812954496304e-02 -2.206625704904e-01 -1.741284483318e-01
 -2.652734576012e-02 -1.812954496304e-02 -2.206625704904e-01 -1.741284483318e-01  -2.789595818352e-02 -1.310728856876e-02 -2.187458829864e-01 -1.720420776766e-01
 -2.789595818352e-02 -1.310728856876e-02 -2.187458829864e-01 -1.720420776766e-01  -2.893498622490e-02 -9.199441144255e-03 -2.172342045053e-01 -1.703402270549e-01
 -2.893498622490e-02 -9.199441144255e-03 -2.172342045053e-01 -1.703402270549e-01  -2.950399645142e-02 -7.021955700914e-03 -2.163851430849e-01 -1.693625468458e-01
 -2.950399645142e-02 -7.021955700914e-03 -2.163851430849e-01 -1.693625468458e-01  -3.121588625254e-02 -2.984293692937e-04 -2.137378917644e-01 -1.662133726652e-01
 -3.121588625254e-02 -2.984293692937e-04 -2.137378917644e-01 -1.662133726652e-01  -3.284083118207e-02  6.343469292857e-03 -2.110933990647e-01 -1.629142000825e-01
 -3.284083118207e-02  6.343469292857e-03 -2.110933990647e-01 -1.629142000825e-01  -3.336152753601e-02  8.529384033819e-03 -2.102184583058e-01 -1.617887163053e-01
 -3.336152753601e-02  8.529384033819e-03 -2.102184583058e-01 -1.617887163053e-01  -3.446709767975e-02  1.326845895960e-02 -2.083162295225e-01 -1.592831345216e-01
 -3.446709767975e-02  1.326845895960e-02 -2.083162295225e-01 -1.592831345216e-01  -3.538069913985e-02  1.728875546895e-02 -2.066987865940e-01 -1.570890429459e-01
 -3.538069913985e-02  1.728875546895e-02 -2.066987865940e-01 -1.570890429459e-01  -3.574150227519e-02  1.890318387622e-02 -2.060487849003e-01 -1.561907138729e-01
 -3.574150227519e-02  1.890318387622e-02 -2.060487849003e-01 -1.561907138729e-01  -3.728507516020e-02  2.598600264100e-02 -2.031974514651e-01 -1.521365501819e-01
 -3.728507516020e-02  2.598600264100e-02 -2.031974514651e-01 -1.521365501819e-01  -3.830152331285e-02  3.080908871120e-02 -2.012595146977e-01 -1.492743366797e-01
 -3.830152331285e-02  3.080908871120e-02 -2.012595146977e-01 -1.492743366797e-01  -3.908791735717e-02  3.462830245564e-02 -1.997291386189e-01 -1.469520838011e-01
 -3.908791735717e-02  3.462830245564e-02 -1.997291386189e-01 -1.469520838011e-01  -4.062553167617e-02  4.231593515837e-02 -1.966650792728e-01 -1.421352638313e-01
 -4.062553167617e-02  4.231593515837e-02 -1.966650792728e-01 -1.421352638313e-01  -4.080331182999e-02  4.322327792855e-02 -1.963052022211e-01 -1.415546681747e-01
 -4.080331182999e-02  4.322327792855e-02 -1.963052022211e-01 -1.415546681747e-01  -4.135963122542e-02  4.608674560068e-02 -1.951722847882e-01 -1.397062352252e-01
 -4.135963122542e-02  4.608674560068e-02 -1.951722847882e-01 -1.397062352252e-01  -4.224242724979e-02  5.070379864497e-02 -1.933553645698e-01 -1.366755504682e-01
 -4.224242724979e-02  5.070379864497e-02 -1.933553645698e-01 -1.366755504682e-01  -4.244559443814e-02  5.177868723893e-02 -1.929342414013e-01 -1.359613148350e-01
 -4.244559443814e-02  5.177868723893e-02 -1.929342414013e-01 -1.359613148350e-01  -4.354725795321e-02  5.768264204120e-02 -1.906349293498e-01 -1.319820985650e-01
 -4.354725795321e-02  5.768264204120e-02 -1.906349293498e-01 -1.319820985650e-01  -4.402904241871e-02  6.030225684110e-02 -1.896226436986e-01 -1.301869882579e-01
 -4.402904241871e-02  6.030225684110e-02 -1.896226436986e-01 -1.301869882579e-01  -4.483160807959e-02  6.471190884533e-02 -1.879304731317e-01 -1.271259912181e-01
 -4.483160807959e-02  6.471190884533e-02 -1.879304731317e-01 -1.271259912181e-01  -4.556777984703e-02  6.880163030238e-02 -1.863750583988e-01 -1.242446638027e-01
 -4.556777984703e-02  6.880163030238e-02 -1.863750583988e-01 -1.242446638027e-01  -4.610145147960e-02  7.178945013760e-02 -1.852476454078e-01 -1.221148353784e-01
 -4.610145147960e-02  7.178945013760e-02 -1.852476454078e-01 -1.221148353784e-01  -4.707575669291e-02  7.728435696892e-02 -1.831947948060e-01 -1.181454267067e-01
 -4.707575669291e-02  7.728435696892e-02 -1.831947948060e-01 -1.181454267067e-01  -4.736326241086e-02  7.891365022058e-02 -1.825913968377e-01 -1.169558440527e-01
 -4.736326241086e-02  7.891365022058e-02 -1.825913968377e-01 -1.169558440527e-01  -4.856689081104e-02  8.575796880702e-02 -1.800841461130e-01 -1.118985814602e-01
 -4.856689081104e-02  8.575796880702e-02 -1.800841461130e-01 -1.118985814602e-01  -4.862402632236e-02  8.608340479986e-02 -1.799660613282e-01 -1.116557722375e-01
 -4.862402632236e-02  8.608340479986e-02 -1.799660613282e-01 -1.116557722375e-01  -4.894694322516e-02  8.792290010555e-02 -1.793005693971e-01 -1.102794385020e-01
 -4.894694322516e-02  8.792290010555e-02 -1.793005693971e-01 -1.102794385020e-01  -4.988531618245e-02  9.326451134426e-02 -1.773873691459e-01 -1.062463816533e-01
 -4.988531618245e-02  9.326451134426e-02 -1.773873691459e-01 -1.062463816533e-01  -5.005522435786e-02  9.423006505171e-02 -1.770446500297e-01 -1.055117486565e-01
 -5.005522435786e-02  9.423006505171e-02 -1.770446500297e-01 -1.055117486565e-01  -5.115947369172e-02  1.004815201804e-01 -1.748493136424e-01 -1.007155852356e-01
 -5.115947369172e-02  1.004815201804e-01 -1.748493136424e-01 -1.007155852356e-01  -5.155526068974e-02  1.027084945270e-01 -1.740772930198e-01 -9.899092818962e-02
 -5.155526068974e-02  1.027084945270e-01 -1.740772930198e-01 -9.899092818962e-02  -5.245719877937e-02  1.077463961459e-01 -1.723506714782e-01 -9.505964144637e-02
 -5.245719877937e-02  1.077463961459e-01 -1.723506714782e-01 -9.505964144637e-02  -5.308229725456e-02  1.112015357976e-01 -1.711826733561e-01 -9.234052083772e-02
 -5.308229725456e-02  1.112015357976e-01 -1.711826733561e-01 -9.234052083772e-02  -5.378801685655e-02  1.150597355256e-01 -1.698942333063e-01 -8.928313676832e-02
 -5.378801685655e-02  1.150597355256e-01 -1.698942333063e-01 -8.928313676832e-02  -5.465297294937e-02  1.197181933844e-01 -1.683611255042e-01 -8.556328209905e-02
 -5.465297294937e-02  1.197181933844e-01 -1.683611255042e-01 -8.556328209905e-02  -5.516260451433e-02  1.224227646087e-01 -1.674825383669e-01 -8.339002775486e-02
 -5.516260451433e-02  1.224227646087e-01 -1.674825383669e-01 -8.339002775486e-02  -5.628599458984e-02  1.282685909097e-01 -1.656128152346e-01 -7.866018567986e-02
 -5.628599458984e-02  1.282685909097e-01 -1.656128152346e-01 -7.866018567986e-02  -5.659315336778e-02  1.298374379065e-01 -1.651179408913e-01 -7.738359121997e-02
 -5.659315336778e-02  1.298374379065e-01 -1.651179408913e-01 -7.738359121997e-02  -5.800310975436e-02  1.368644975744e-01 -1.629378124312e-01 -7.163016348953e-02
 -5.800310975436e-02  1.368644975744e-01 -1.629378124312e-01 -7.163016348953e-02  -5.809385143104e-02  1.373065789596e-01 -1.628026736204e-01 -7.126634803305e-02
 -5.809385143104e-02  1.373065789596e-01 -1.628026736204e-01 -7.126634803305e-02  -5.870574252195e-02  1.402544602541e-01 -1.619077223504e-01 -6.883499120421e-02
 -5.870574252195e-02  1.402544602541e-01 -1.619077223504e-01 -6.883499120421e-02  -5.962224135825e-02  1.445596794154e-01 -1.606201945905e-01 -6.526796069595e-02
 -5.962224135825e-02  1.445596794154e-01 -1.606201945905e-01 -6.526796069595e-02  -5.975232422986e-02  1.451598581344e-01 -1.604425612229e-01 -6.476922490282e-02
 -5.975232422986e-02  1.451598581344e-01 -1.604425612229e-01 -6.476922490282e-02  -6.120124226117e-02  1.516590179396e-01 -1.585485842543e-01 -5.934693023690e-02
 -6.120124226117e-02  1.516590179396e-01 -1.585485842543e-01 -5.934693023690e-02  -6.156645357788e-02  1.532429199527e-01 -1.580953109070e-01 -5.801975616455e-02
 -6.156645357788e-02  1.532429199527e-01 -1.580953109070e-01 -5.801975616455e-02  -6.288428512433e-02  1.587757179962e-01 -1.565380370937e-01 -5.336759865226e-02
 -6.288428512433e-02  1.587757179962e-01 -1.565380370937e-01 -5.336759865226e-02  -6.621501814006e-02  1.714984227856e-01 -1.531162942807e-01 -4.258790320640e-02
 -6.621501814006e-02  1.714984227856e-01 -1.531162942807e-01 -4.258790320640e-02  -6.798664905459e-02  1.775525517344e-01 -1.515699089929e-01 -3.742708437428e-02
 -6.798664905459e-02  1.775525517344e-01 -1.515699089929e-01 -3.742708437428e-02  -7.206494397774e-02  1.897380397489e-01 -1.486309349623e-01 -2.700665459097e-02
 -7.206494397774e-02  1.897380397489e-01 -1.486309349623e-01 -2.700665459097e-02  -1.423977401733e-01  1.960934156925e-01 -1.447554294642e-01 -3.211944333648e-02
 -1.423977401733e-01  1.960934156925e-01 -1.447554294642e-01 -3.211944333648e-02  -1.513724935070e-01  1.827478782456e-01 -1.451697841942e-01 -4.595270620804e-02
 -1.513724935070e-01  1.827478782456e-01 -1.451697841942e-01 -4.595270620804e-02  -1.531163729403e-01  1.799703350963e-01 -1.452122643749e-01 -4.879930569087e-02
 -1.531163729403e-01  1.799703350963e-01 -1.452122643749e-01 -4.879930569087e-02  -1.565194706523e-01  1.744006669319e-01 -1.452542424873e-01 -5.447715720436e-02
 -1.565194706523e-01  1.744006669319e-01 -1.452542424873e-01 -5.447715720436e-02  -1.579273551862e-01  1.720428777344e-01 -1.452549414762e-01 -5.686893735123e-02
 -1.579273551862e-01  1.720428777344e-01 -1.452549414762e-01 -5.686893735123e-02  -1.601986332298e-01  1.681787607043e-01 -1.452344639199e-01 -6.077392894997e-02
 -1.601986332298e-01  1.681787607043e-01 -1.452344639199e-01 -6.077392894997e-02  -1.620079678403e-01  1.650511201616e-01 -1.451984093117e-01 -6.392131132181e-02
 -1.620079678403e-01  1.650511201616e-01 -1.451984093117e-01 -6.392131132181e-02  -1.637844621943e-01  1.619412798514e-01 -1.451454229547e-01 -6.703901633428e-02
 -1.637844621943e-01  1.619412798514e-01 -1.451454229547e-01 -6.703901633428e-02  -1.659884008151e-01  1.580345055357e-01 -1.450547910589e-01 -7.093904505987e-02
 -1.659884008151e-01  1.580345055357e-01 -1.450547910589e-01 -7.093904505987e-02  -1.672971061256e-01  1.556915865763e-01 -1.449876369054e-01 -7.326899803709e-02
 -1.672971061256e-01  1.556915865763e-01 -1.449876369054e-01 -7.326899803709e-02  -1.698980050518e-01  1.509906487044e-01 -1.448240362476e-01 -7.792353241988e-02
 -1.698980050518e-01  1.509906487044e-01 -1.448240362476e-01 -7.792353241988e-02  -1.707536670394e-01  1.494325347008e-01 -1.447613225469e-01 -7.946019142476e-02
 -1.707536670394e-01  1.494325347008e-01 -1.447613225469e-01 -7.946019142476e-02  -1.737619076494e-01  1.439169001048e-01 -1.445053648073e-01 -8.487506775996e-02
 -1.737619076494e-01  1.439169001048e-01 -1.445053648073e-01 -8.487506775996e-02  -1.741689943686e-01  1.431666021571e-01 -1.444664521294e-01 -8.560862083956e-02
 -1.741689943686e-01  1.431666021571e-01 -1.444664521294e-01 -8.560862083956e-02  -1.772157271965e-01  1.375286719828e-01 -1.441426102439e-01 -9.109677166743e-02
 -1.772157271965e-01  1.375286719828e-01 -1.441426102439e-01 -9.109677166743e-02  -1.775727823475e-01  1.368658270120e-01 -1.441008830735e-01 -9.173917630690e-02
 -1.775727823475e-01  1.368658270120e-01 -1.441008830735e-01 -9.173917630690e-02  -1.776238124766e-01  1.367710646805e-01 -1.440948546928e-01 -9.183096687341e-02
 -1.776238124766e-01  1.367710646805e-01 -1.440948546928e-01 -9.183096687341e-02  -1.810956610450e-01  1.303118103574e-01 -1.436467210251e-01 -9.805777268518e-02
 -1.810956610450e-01  1.303118103574e-01 -1.436467210251e-01 -9.805777268518e-02  -1.816593474024e-01  1.292618031296e-01 -1.435669161509e-01 -9.906428717097e-02
 -1.816593474024e-01  1.292618031296e-01 -1.435669161509e-01 -9.906428717097e-02  -1.845968504446e-01  1.237914579683e-01 -1.431194649064e-01 -1.042810279543e-01
 -1.845968504446e-01  1.237914579683e-01 -1.431194649064e-01 -1.042810279543e-01  -1.856929921838e-01  1.217528569879e-01 -1.429390518219e-01 -1.062131451429e-01
 -1.856929921838e-01  1.217528569879e-01 -1.429390518219e-01 -1.062131451429e-01  -1.880886837259e-01  1.173077548917e-01 -1.425197518588e-01 -1.104024176564e-01
 -1.880886837259e-01  1.173077548917e-01 -1.425197518588e-01 -1.104024176564e-01  -1.897481973194e-01  1.142403130595e-01 -1.422095554649e-01 -1.132736325391e-01
 -1.897481973194e-01  1.142403130595e-01 -1.422095554649e-01 -1.132736325391e-01  -1.915827452184e-01  1.108640440552e-01 -1.418483041222e-01 -1.164144173738e-01
 -1.915827452184e-01  1.108640440552e-01 -1.418483041222e-01 -1.164144173738e-01  -1.938485629520e-01  1.067202331770e-01 -1.413763337318e-01 -1.202398686937e-01
 -1.938485629520e-01  1.067202331770e-01 -1.413763337318e-01 -1.202398686937e-01  -1.950900350492e-01  1.044640682032e-01 -1.411060287981e-01 -1.223084463270e-01
 -1.950900350492e-01  1.044640682032e-01 -1.411060287981e-01 -1.223084463270e-01  -1.980185444083e-01  9.918853646809e-02 -1.404370340821e-01 -1.271037597977e-01
 -1.980185444083e-01  9.918853646809e-02 -1.404370340821e-01 -1.271037597977e-01  -1.986210721339e-01  9.811201449707e-02 -1.402941305671e-01 -1.280748057963e-01
 -1.986210721339e-01  9.811201449707e-02 -1.402941305671e-01 -1.280748057963e-01  -2.017056852208e-01  9.265386442957e-02 -1.395360785311e-01 -1.329565924095e-01
 -2.017056852208e-01  9.265386442957e-02 -1.395360785311e-01 -1.329565924095e-01  -2.021895703595e-01  9.180617577763e-02 -1.394133124509e-01 -1.337082783049e-01
 -2.021895703595e-01  9.180617577763e-02 -1.394133124509e-01 -1.337082783049e-01  -2.022840790817e-01  9.164089474742e-02 -1.393892176925e-01 -1.338546301871e-01
 -2.022840790817e-01  9.164089474742e-02 -1.393892176925e-01 -1.338546301871e-01  -2.058271835101e-01  8.551436944343e-02 -1.384596686161e-01 -1.392289632097e-01
 -2.058271835101e-01  8.551436944343e-02 -1.384596686161e-01 -1.392289632097e-01  -2.066731054511e-01  8.407264590739e-02 -1.382306098076e-01 -1.404787159936e-01
 -2.066731054511e-01  8.407264590739e-02 -1.382306098076e-01 -1.404787159936e-01  -2.095214542957e-01  7.928129220829e-02 -1.374411996623e-01 -1.445880366834e-01
 -2.095214542957e-01  7.928129220829e-02 -1.374411996623e-01 -1.445880366834e-01  -2.112159300956e-01  7.647873267443e-02 -1.369594687018e-01 -1.469585168757e-01
 -2.112159300956e-01  7.647873267443e-02 -1.369594687018e-01 -1.469585168757e-01  -2.132812159389e-01  7.311275769526e-02 -1.363615542629e-01 -1.497709835567e-01
 -2.132812159389e-01  7.311275769526e-02 -1.363615542629e-01 -1.497709835567e-01  -2.159453272248e-01  6.885368600020e-02 -1.355751294990e-01 -1.532720175489e-01
 -2.159453272248e-01  6.885368600020e-02 -1.355751294990e-01 -1.532720175489e-01  -2.171140825911e-01  6.701511944648e-02 -1.352254934470e-01 -1.547622429605e-01
 -2.171140825911e-01  6.701511944648e-02 -1.352254934470e-01 -1.547622429605e-01  -2.208961434483e-01  6.119169101407e-02 -1.340787686590e-01 -1.593918374818e-01
 -2.208961434483e-01  6.119169101407e-02 -1.340787686590e-01 -1.593918374818e-01  -2.210259498435e-01  6.099524522960e-02 -1.340390679920e-01 -1.595454921841e-01
 -2.210259498435e-01  6.099524522960e-02 -1.340390679920e-01 -1.595454921841e-01  -2.214802622853e-01  6.030948433304e-02 -1.338999708570e-01 -1.600805336743e-01
 -2.214802622853e-01  6.030948433304e-02 -1.338999708570e-01 -1.600805336743e-01  -2.261040469306e-01  5.348679575207e-02 -1.324744848436e-01 -1.652844499897e-01
 -2.261040469306e-01  5.348679575207e-02 -1.324744848436e-01 -1.652844499897e-01  -2.281835191963e-01  5.050978723186e-02 -1.318301064141e-01 -1.674827593042e-01
 -2.281835191963e-01  5.050978723186e-02 -1.318301064141e-01 -1.674827593042e-01  -2.316029049365e-01  4.573334876724e-02 -1.307706418396e-01 -1.709097848275e-01
 -2.316029049365e-01  4.573334876724e-02 -1.307706418396e-01 -1.709097848275e-01  -2.368041506513e-01  3.873540874239e-02 -1.291695379627e-01 -1.756892191020e-01
 -2.368041506513e-01  3.873540874239e-02 -1.291695379627e-01 -1.756892191020e-01  -2.374201111833e-01  3.792677885667e-02 -1.289813957558e-01 -1.762217586809e-01
 -2.374201111833e-01  3.792677885667e-02 -1.289813957558e-01 -1.762217586809e-01  -2.385082753042e-01  3.650809829035e-02 -1.286500009381e-01 -1.771457364524e-01
 -2.385082753042e-01  3.650809829035e-02 -1.286500009381e-01 -1.771457364524e-01  -2.435696836125e-01  3.006474683964e-02 -1.271280782505e-01 -1.811704741392e-01
 -2.435696836125e-01  3.006474683964e-02 -1.271280782505e-01 -1.811704741392e-01  -2.471959154516e-01  2.559026004660e-02 -1.260612803476e-01 -1.837918643492e-01
 -2.471959154516e-01  2.559026004660e-02 -1.260612803476e-01 -1.837918643492e-01  -2.500432417594e-01  2.214865116837e-02 -1.252395675712e-01 -1.857070032051e-01
 -2.500432417594e-01  2.214865116837e-02 -1.252395675712e-01 -1.857070032051e-01  -2.536927306634e-01  1.781656885998e-02 -1.242085736087e-01 -1.879893061968e-01
 -2.536927306634e-01  1.781656885998e-02 -1.242085736087e-01 -1.879893061968e-01  -2.567278079227e-01  1.427067661550e-02 -1.233711065595e-01 -1.897493773637e-01
 -2.567278079227e-01  1.427067661550e-02 -1.233711065595e-01 -1.897493773637e-01  -2.593121702953e-01  1.128440890946e-02 -1.226726538994e-01 -1.911558677638e-01
 -2.593121702953e-01  1.128440890946e-02 -1.226726538994e-01 -1.911558677638e-01  -2.633935196514e-01  6.615420542180e-03 -1.215973941921e-01 -1.932167366862e-01
 -2.633935196514e-01  6.615420542180e-03 -1.215973941921e-01 -1.932167366862e-01  -2.677232897989e-01  1.702668797528e-03 -1.204935300998e-01 -1.952066318240e-01
 -2.677232897989e-01  1.702668797528e-03 -1.204935300998e-01 -1.952066318240e-01  -2.700341349579e-01 -9.114880880670e-04 -1.199195358641e-01 -1.961930269655e-01
 -2.700341349579e-01 -9.114880880670e-04 -1.199195358641e-01 -1.961930269655e-01  -2.721921648392e-01 -3.352545975392e-03 -1.193927374134e-01 -1.970701347083e-01
 -2.721921648392e-01 -3.352545975392e-03 -1.193927374134e-01 -1.970701347083e-01  -2.766099964021e-01 -8.363261597981e-03 -1.183409780705e-01 -1.987429197993e-01
 -2.766099964021e-01 -8.363261597981e-03 -1.183409780705e-01 -1.987429197993e-01  -2.809310494690e-01 -1.330420227483e-02 -1.173447646879e-01 -2.002342141057e-01
 -2.809310494690e-01 -1.330420227483e-02 -1.173447646879e-01 -2.002342141057e-01  -2.848938690166e-01 -1.789301493897e-02 -1.164568849445e-01 -2.014896766162e-01
 -2.848938690166e-01 -1.789301493897e-02 -1.164568849445e-01 -2.014896766162e-01  -2.931504044019e-01 -2.772239824400e-02 -1.146750290711e-01 -2.038085261844e-01
 -2.931504044019e-01 -2.772239824400e-02 -1.146750290711e-01 -2.038085261844e-01  -2.964896187736e-01 -3.183497130054e-02 -1.139762676741e-01 -2.046474140257e-01
 -2.964896187736e-01 -3.183497130054e-02 -1.139762676741e-01 -2.046474140257e-01  -3.042273355464e-01 -4.176881397453e-02 -1.123936888889e-01 -2.064066662904e-01
 -3.042273355464e-01 -4.176881397453e-02 -1.123936888889e-01 -2.064066662904e-01  -3.063313556704e-01 -4.458567311895e-02 -1.119703063181e-01 -2.068450899722e-01
 -3.063313556704e-01 -4.458567311895e-02 -1.119703063181e-01 -2.068450899722e-01  -3.126653313948e-01 -5.342843336133e-02 -1.107078794385e-01 -2.080739852365e-01
 -3.126653313948e-01 -5.342843336133e-02 -1.107078794385e-01 -2.080739852365e-01  -3.138963798408e-01 -5.521790371223e-02 -1.104640615686e-01 -2.082980178738e-01
 -3.138963798408e-01 -5.521790371223e-02 -1.104640615686e-01 -2.082980178738e-01  -3.143234013594e-01 -5.584453217930e-02 -1.103795705411e-01 -2.083746598422e-01
 -3.143234013594e-01 -5.584453217930e-02 -1.103795705411e-01 -2.083746598422e-01  -3.205886026209e-01 -6.542321631764e-02 -1.091429266231e-01 -2.094385618822e-01
 -3.205886026209e-01 -6.542321631764e-02 -1.091429266231e-01 -2.094385618822e-01  -3.235538357332e-01 -7.023961275330e-02 -1.085581986647e-01 -2.099043283622e-01
 -3.235538357332e-01 -7.023961275330e-02 -1.085581986647e-01 -2.099043283622e-01  -3.309618983372e-01 -8.325921633621e-02 -1.070928585635e-01 -2.109678159875e-01
 -3.309618983372e-01 -8.325921633621e-02 -1.070928585635e-01 -2.109678159875e-01  -3.317778468813e-01 -8.479395293643e-02 -1.069307613401e-01 -2.110763880435e-01
 -3.317778468813e-01 -8.479395293643e-02 -1.069307613401e-01 -2.110763880435e-01  -3.330281195045e-01 -8.719019747381e-02 -1.066820295970e-01 -2.112394719956e-01
 -3.330281195045e-01 -8.719019747381e-02 -1.066820295970e-01 -2.112394719956e-01  -3.389170207908e-01 -9.930860394475e-02 -1.055038007642e-01 -2.119538203588e-01
 -3.389170207908e-01 -9.930860394475e-02 -1.055038007642e-01 -2.119538203588e-01  -3.406505075033e-01 -1.031833762778e-01 -1.051546417213e-01 -2.121468568108e-01
 -3.406505075033e-01 -1.031833762778e-01 -1.051546417213e-01 -2.121468568108e-01  -3.451077799881e-01 -1.139711613866e-01 -1.042517024371e-01 -2.126054520508e-01
 -3.451077799881e-01 -1.139711613866e-01 -1.042517024371e-01 -2.126054520508e-01  -3.462742271703e-01 -1.170281087566e-01 -1.040142156027e-01 -2.127160965869e-01
 -3.462742271703e-01 -1.170281087566e-01 -1.040142156027e-01 -2.127160965869e-01  -3.504348286201e-01 -1.289723891872e-01 -1.031637462102e-01 -2.130765863018e-01
 -3.504348286201e-01 -1.289723891872e-01 -1.031637462102e-01 -2.130765863018e-01  -3.514346118134e-01 -1.321412236231e-01 -1.029588029062e-01 -2.131547344069e-01
 -3.514346118134e-01 -1.321412236231e-01 -1.029588029062e-01 -2.131547344069e-01  -3.548236052922e-01 -1.440934067998e-01 -1.022640140338e-01 -2.133923738276e-01
 -3.548236052922e-01 -1.440934067998e-01 -1.022640140338e-01 -2.133923738276e-01  -3.563125154389e-01 -1.501400429908e-01 -1.019597732761e-01 -2.134820917783e-01
 -3.563125154389e-01 -1.501400429908e-01 -1.019597732761e-01 -2.134820917783e-01  -3.582482036711e-01 -1.591096825706e-01 -1.015672742807e-01 -2.135832445087e-01
 -3.582482036711e-01 -1.591096825706e-01 -1.015672742807e-01 -2.135832445087e-01  -3.594247137781e-01 -1.654609303749e-01 -1.013320851368e-01 -2.136349652813e-01
 -3.594247137781e-01 -1.654609303749e-01 -1.013320851368e-01 -2.136349652813e-01  -3.607864462104e-01 -1.742134360824e-01 -1.010664612193e-01 -2.136838849913e-01
 -3.607864462104e-01 -1.742134360824e-01 -1.010664612193e-01 -2.136838849913e-01  -3.618479213584e-01 -1.829331920525e-01 -1.008698048279e-01 -2.137120507977e-01
 -3.618479213584e-01 -1.829331920525e-01 -1.008698048279e-01 -2.137120507977e-01  -3.624633421863e-01 -1.896032767022e-01 -1.007656211091e-01 -2.137232197713e-01
 -3.624633421863e-01 -1.896032767022e-01 -1.007656211091e-01 -2.137232197713e-01  -3.629163718387e-01 -1.963922422146e-01 -1.007011685109e-01 -2.137281737749e-01
 -3.629163718387e-01 -1.963922422146e-01 -1.007011685109e-01 -2.137281737749e-01  -3.632424732602e-01 -2.050591711073e-01 -1.006805740608e-01 -2.137292220307e-01
 -3.632424732602e-01 -2.050591711073e-01 -1.006805740608e-01 -2.137292220307e-01  -3.632799205580e-01 -2.143556363512e-01 -1.007365638102e-01 -2.137295831331e-01
 -3.632799205580e-01 -2.143556363512e-01 -1.007365638102e-01 -2.137295831331e-01  -3.631331988492e-01 -2.203588926406e-01 -1.008164034231e-01 -2.137325550195e-01
 -3.631331988492e-01 -2.203588926406e-01 -1.008164034231e-01 -2.137325550195e-01  -3.627148888236e-01 -2.285894553260e-01 -1.009826901935e-01 -2.137442087971e-01
 -3.627148888236e-01 -2.285894553260e-01 -1.009826901935e-01 -2.137442087971e-01  -3.621513338200e-01 -2.357054881012e-01 -1.011805450216e-01 -2.137649572558e-01
 -3.621513338200e-01 -2.357054881012e-01 -1.011805450216e-01 -2.137649572558e-01  -3.603090664818e-01 -2.509950205770e-01 -1.017815792861e-01 -2.138604375924e-01
 -3.603090664818e-01 -2.509950205770e-01 -1.017815792861e-01 -2.138604375924e-01  -3.602625120267e-01 -2.513070730187e-01 -1.017964265818e-01 -2.138633067899e-01
 -3.602625120267e-01 -2.513070730187e-01 -1.017964265818e-01 -2.138633067899e-01  -3.579751692017e-01 -2.644622468544e-01 -1.025207093504e-01 -2.140278381021e-01
 -3.579751692017e-01 -2.644622468544e-01 -1.025207093504e-01 -2.140278381021e-01  -3.574714996723e-01 -2.669498817366e-01 -1.026799515349e-01 -2.140698810651e-01
 -3.574714996723e-01 -2.669498817366e-01 -1.026799515349e-01 -2.140698810651e-01  -3.547070207634e-01 -2.790271290504e-01 -1.035600021936e-01 -2.143353113726e-01
 -3.547070207634e-01 -2.790271290504e-01 -1.035600021936e-01 -2.143353113726e-01  -3.538344086151e-01 -2.824254682933e-01 -1.038410541541e-01 -2.144309566267e-01
 -3.538344086151e-01 -2.824254682933e-01 -1.038410541541e-01 -2.144309566267e-01  -3.504878770248e-01 -2.942223006588e-01 -1.049394826783e-01 -2.148500131112e-01
 -3.504878770248e-01 -2.942223006588e-01 -1.049394826783e-01 -2.148500131112e-01  -3.493242769617e-01 -2.979672615456e-01 -1.053304320220e-01 -2.150153934970e-01
 -3.493242769617e-01 -2.979672615456e-01 -1.053304320220e-01 -2.150153934970e-01  -3.486582465990e-01 -3.000445849596e-01 -1.055565738128e-01 -2.151147314312e-01
 -3.486582465990e-01 -3.000445849596e-01 -1.055565738128e-01 -2.151147314312e-01  -3.438761474157e-01 -3.138380186210e-01 -1.072381395548e-01 -2.159327392774e-01
 -3.438761474157e-01 -3.138380186210e-01 -1.072381395548e-01 -2.159327392774e-01  -3.420621535197e-01 -3.186651188872e-01 -1.079061920940e-01 -2.162942903271e-01
 -3.420621535197e-01 -3.186651188872e-01 -1.079061920940e-01 -2.162942903271e-01  -3.382302722680e-01 -3.283334970068e-01 -1.093816345646e-01 -2.171612441013e-01
 -3.382302722680e-01 -3.283334970068e-01 -1.093816345646e-01 -2.171612441013e-01  -3.377980635841e-01 -3.293865776599e-01 -1.095540301112e-01 -2.172684641609e-01
 -3.377980635841e-01 -3.293865776599e-01 -1.095540301112e-01 -2.172684641609e-01  -3.375796701777e-01 -3.299161744347e-01 -1.096416277392e-01 -2.173234074177e-01
 -3.375796701777e-01 -3.299161744347e-01 -1.096416277392e-01 -2.173234074177e-01  -3.331243354684e-01 -3.404049289718e-01 -1.115058822756e-01 -2.185646199808e-01
 -3.331243354684e-01 -3.404049289718e-01 -1.115058822756e-01 -2.185646199808e-01  -3.305948407135e-01 -3.461487523789e-01 -1.126364397781e-01 -2.193818902821e-01
 -3.305948407135e-01 -3.461487523789e-01 -1.126364397781e-01 -2.193818902821e-01  -3.276278468339e-01 -3.527547868211e-01 -1.140382800930e-01 -2.204599881966e-01
 -3.276278468339e-01 -3.527547868211e-01 -1.140382800930e-01 -2.204599881966e-01  -3.229273291829e-01 -3.630577086820e-01 -1.164496821435e-01 -2.224754768805e-01
 -3.229273291829e-01 -3.630577086820e-01 -1.164496821435e-01 -2.224754768805e-01  -3.215742897230e-01 -3.660107145087e-01 -1.171922226184e-01 -2.231358142987e-01
 -3.215742897230e-01 -3.660107145087e-01 -1.171922226184e-01 -2.231358142987e-01  -3.179967527055e-01 -3.738463963687e-01 -1.192728083850e-01 -2.250827263076e-01
 -3.179967527055e-01 -3.738463963687e-01 -1.192728083850e-01 -2.250827263076e-01  -3.155642869594e-01 -3.792327424869e-01 -1.207937323730e-01 -2.265942664111e-01
 -3.155642869594e-01 -3.792327424869e-01 -1.207937323730e-01 -2.265942664111e-01  -3.145785615110e-01 -3.814371048538e-01 -1.214367054918e-01 -2.272553286025e-01
 -3.145785615110e-01 -3.814371048538e-01 -1.214367054918e-01 -2.272553286025e-01  -3.117311557474e-01 -3.878994789798e-01 -1.233869908606e-01 -2.293395918425e-01
 -3.117311557474e-01 -3.878994789798e-01 -1.233869908606e-01 -2.293395918425e-01  -3.098761753203e-01 -3.922042325465e-01 -1.247369848852e-01 -2.308512919735e-01
 -3.098761753203e-01 -3.922042325465e-01 -1.247369848852e-01 -2.308512919735e-01  -3.083573802799e-01 -3.957975220140e-01 -1.258925459786e-01 -2.321896373882e-01
 -3.083573802799e-01 -3.957975220140e-01 -1.258925459786e-01 -2.321896373882e-01  -3.058009846773e-01 -4.020124849042e-01 -1.279469181029e-01 -2.346692616827e-01
 -3.058009846773e-01 -4.020124849042e-01 -1.279469181029e-01 -2.346692616827e-01  -3.050938332150e-01 -4.037738158422e-01 -1.285407939154e-01 -2.354098657621e-01
 -3.050938332150e-01 -4.037738158422e-01 -1.285407939154e-01 -2.354098657621e-01  -3.046920585758e-01 -4.047834476339e-01 -1.288833402438e-01 -2.358418908035e-01
 -3.046920585758e-01 -4.047834476339e-01 -1.288833402438e-01 -2.358418908035e-01  -3.020027940796e-01 -4.117246364114e-01 -1.312762564147e-01 -2.389584444433e-01
 -3.020027940796e-01 -4.117246364114e-01 -1.312762564147e-01 -2.389584444433e-01  -3.000749927357e-01 -4.169213092867e-01 -1.331046769762e-01 -2.414558520395e-01
 -3.000749927357e-01 -4.169213092867e-01 -1.331046769762e-01 -2.414558520395e-01  -2.990525058571e-01 -4.197623364520e-01 -1.341150237068e-01 -2.428789891791e-01
 -2.990525058571e-01 -4.197623364520e-01 -1.341150237068e-01 -2.428789891791e-01  -2.968679610898e-01 -4.260512944805e-01 -1.363724562312e-01 -2.461698723369e-01
 -2.968679610898e-01 -4.260512944805e-01 -1.363724562312e-01 -2.461698723369e-01  -2.962618274801e-01 -4.278533207281e-01 -1.370234762825e-01 -2.471475312960e-01
 -2.962618274801e-01 -4.278533207281e-01 -1.370234762825e-01 -2.471475312960e-01  -2.960116807120e-01 -4.286046602661e-01 -1.372953478785e-01 -2.475596105352e-01
 -2.960116807120e-01 -4.286046602661e-01 -1.372953478785e-01 -2.475596105352e-01  -2.936686105283e-01 -4.358724534175e-01 -1.399346958000e-01 -2.516769596225e-01
 -2.936686105283e-01 -4.358724534175e-01 -1.399346958000e-01 -2.516769596225e-01  -2.924952841904e-01 -4.396786159931e-01 -1.413207772501e-01 -2.539245827069e-01
 -2.924952841904e-01 -4.396786159931e-01 -1.413207772501e-01 -2.539245827069e-01  -2.912557803575e-01 -4.438296592467e-01 -1.428326421115e-01 -2.564437928312e-01
 -2.912557803575e-01 -4.438296592467e-01 -1.428326421115e-01 -2.564437928312e-01  -2.894105395597e-01 -4.502721184264e-01 -1.451745323431e-01 -2.604868031236e-01
 -2.894105395597e-01 -4.502721184264e-01 -1.451745323431e-01 -2.604868031236e-01  -2.890052287624e-01 -4.517311547705e-01 -1.457035025659e-01 -2.614239228438e-01
 -2.890052287624e-01 -4.517311547705e-01 -1.457035025659e-01 -2.614239228438e-01  -2.877162781356e-01 -4.564800970409e-01 -1.474200961376e-01 -2.645264164566e-01
 -2.877162781356e-01 -4.564800970409e-01 -1.474200961376e-01 -2.645264164566e-01  -2.868977831848e-01 -4.595835219365e-01 -1.485368075271e-01 -2.665955612759e-01
 -2.868977831848e-01 -4.595835219365e-01 -1.485368075271e-01 -2.665955612759e-01  -2.866783730789e-01 -4.604272052739e-01 -1.488395967088e-01 -2.671635679316e-01
 -2.866783730789e-01 -4.604272052739e-01 -1.488395967088e-01 -2.671635679316e-01  -2.849141893392e-01 -4.673933707492e-01 -1.513248309852e-01 -2.719394337082e-01
 -2.849141893392e-01 -4.673933707492e-01 -1.513248309852e-01 -2.719394337082e-01  -2.842235483623e-01 -4.702090823193e-01 -1.523210094881e-01 -2.739114746067e-01
 -2.842235483623e-01 -4.702090823193e-01 -1.523210094881e-01 -2.739114746067e-01  -2.830357440875e-01 -4.751671220040e-01 -1.540619996463e-01 -2.774387532796e-01
 -2.830357440875e-01 -4.751671220040e-01 -1.540619996463e-01 -2.774387532796e-01  -2.819638781838e-01 -4.797636156220e-01 -1.556598751457e-01 -2.807681444486e-01
 -2.819638781838e-01 -4.797636156220e-01 -1.556598751457e-01 -2.807681444486e-01  -2.812445631301e-01 -4.829109153887e-01 -1.567443917044e-01 -2.830790537485e-01
 -2.812445631301e-01 -4.829109153887e-01 -1.567443917044e-01 -2.830790537485e-01  -2.798528093091e-01 -4.891344851609e-01 -1.588646374447e-01 -2.877191835198e-01
 -1.892017710045e-01 -2.114310403460e-01  2.946185652394e-02 -1.413519823986e-01  -1.891712562938e-01 -2.114338391864e-01  2.935271986628e-02 -1.411665114278e-01
 -1.891712562938e-01 -2.114338391864e-01  2.935271986628e-02 -1.411665114278e-01  -1.890851122145e-01 -2.114413037123e-01  2.904330906808e-02 -1.406435023603e-01
 -1.890851122145e-01 -2.114413037123e-01  2.904330906808e-02 -1.406435023603e-01  -1.892017710045e-01 -2.114310403460e-01  2.946185652394e-02 -1.413519823986e-01
 -1.852708561034e-01 -2.112302527517e-01  1.238880476005e-02 -1.170800542429e-01  -1.845662323198e-01 -2.110996470353e-01  8.255765714190e-03 -1.122573910444e-01
 -1.845662323198e-01 -2.110996470353e-01  8.255765714190e-03 -1.122573910444e-01  -1.836861625809e-01 -2.109097870990e-01  2.229390389620e-03 -1.057568684890e-01
 -1.836861625809e-01 -2.109097870990e-01  2.229390389620e-03 -1.057568684890e-01  -1.831858606005e-01 -2.107919119564e-01 -1.770453954162e-03 -1.017498174143e-01
 -1.831858606005e-01 -2.107919119564e-01 -1.770453954162e-03 -1.017498174143e-01  -1.824237586551e-01 -2.106043063681e-01 -8.963811382697e-03 -9.508517117034e-02
 -1.824237586551e-01 -2.106043063681e-01 -8.963811382697e-03 -9.508517117034e-02  -1.822066056557e-01 -2.105501453367e-01 -1.131858810960e-02 -9.304141359579e-02
 -1.822066056557e-01 -2.105501453367e-01 -1.131858810960e-02 -9.304141359579e-02  -1.814221008440e-01 -2.103576806914e-01 -2.131608040898e-02 -8.503825803710e-02
 -1.814221008440e-01 -2.103576806914e-01 -2.131608040898e-02 -8.503825803710e-02  -1.812900014734e-01 -2.103264518245e-01 -2.327406791511e-02 -8.358902953551e-02
 -1.812900014734e-01 -2.103264518245e-01 -2.327406791511e-02 -8.358902953551e-02  -1.806259690861e-01 -2.101795869837e-01 -3.464431654464e-02 -7.585620108349e-02
 -1.806259690861e-01 -2.101795869837e-01 -3.464431654464e-02 -7.585620108349e-02  -1.794292850636e-01 -2.099919405349e-01 -6.360845396133e-02 -6.062820166184e-02
 -1.794292850636e-01 -2.099919405349e-01 -6.360845396133e-02 -6.062820166184e-02  -1.789353240151e-01 -2.099623461277e-01 -7.948728956661e-02 -5.455965209315e-02
 -1.789353240151e-01 -2.099623461277e-01 -7.948728956661e-02 -5.455965209315e-02  -1.784832350075e-01 -2.099706004217e-01 -9.601487740546e-02 -4.972475740859e-02
 -1.784832350075e-01 -2.099706004217e-01 -9.601487740546e-02 -4.972475740859e-02  -1.776452365659e-01 -2.101011487968e-01 -1.299084979934e-01 -4.408694237940e-02
 -1.776452365659e-01 -2.101011487968e-01 -1.299084979934e-01 -4.408694237940e-02  -1.772157271965e-01 -2.102386263401e-01 -1.473947500920e-01 -4.329259635291e-02
 -1.772157271965e-01 -2.102386263401e-01 -1.473947500920e-01 -4.329259635291e-02  -1.767574151824e-01 -2.104463583704e-01 -1.648499176241e-01 -4.389996889189e-02
 -1.767574151824e-01 -2.104463583704e-01 -1.648499176241e-01 -4.389996889189e-02  -1.756229831579e-01 -2.112580067250e-01 -1.986625502186e-01 -4.911226343793e-02
 -1.756229831579e-01 -2.112580067250e-01 -1.986625502186e-01 -4.911226343793e-02  -1.754074780590e-01 -2.114614391910e-01 -2.034288195978e-01 -5.028661168532e-02
 -1.754074780590e-01 -2.114614391910e-01 -2.034288195978e-01 -5.028661168532e-02  -1.747263233483e-01 -2.122047173983e-01 -2.154754816479e-01 -5.374902587260e-02
 -1.747263233483e-01 -2.122047173983e-01 -2.154754816479e-01 -5.374902587260e-02  -1.739806858720e-01 -2.131810749382e-01 -2.244887454619e-01 -5.679506965244e-02
 -1.739806858720e-01 -2.131810749382e-01 -2.244887454619e-01 -5.679506965244e-02  -1.727739980108e-01 -2.150638132051e-01 -2.332574795228e-01 -6.009049040955e-02
 -1.727739980108e-01 -2.150638132051e-01 -2.332574795228e-01 -6.009049040955e-02  -1.722314049442e-01 -2.160069808780e-01 -2.358101066702e-01 -6.109405272973e-02
 -1.722314049442e-01 -2.160069808780e-01 -2.358101066702e-01 -6.109405272973e-02  -1.715442378556e-01 -2.172640673393e-01 -2.383527883277e-01 -6.210129474906e-02
 -1.715442378556e-01 -2.172640673393e-01 -2.383527883277e-01 -6.210129474906e-02  -1.697769390340e-01 -2.206655588830e-01 -2.432950323170e-01 -6.403814621976e-02
 -1.697769390340e-01 -2.206655588830e-01 -2.432950323170e-01 -6.403814621976e-02  -1.683878913905e-01 -2.233093724145e-01 -2.469615500266e-01 -6.542854579639e-02
 -1.683878913905e-01 -2.233093724145e-01 -2.469615500266e-01 -6.542854579639e-02  -1.669979815952e-01 -2.257292173941e-01 -2.511347355216e-01 -6.697010736655e-02
 -1.669979815952e-01 -2.257292173941e-01 -2.511347355216e-01 -6.697010736655e-02  -1.645220910009e-01 -2.291111216498e-01 -2.602248318554e-01 -7.030922183005e-02
 -1.645220910009e-01 -2.291111216498e-01 -2.602248318554e-01 -7.030922183005e-02  -1.641584334973e-01 -2.295064585999e-01 -2.616887501865e-01 -7.085657903513e-02
 -1.641584334973e-01 -2.295064585999e-01 -2.616887501865e-01 -7.085657903513e-02  -1.636466238382e-01 -2.300268385927e-01 -2.637739697657e-01 -7.164427297864e-02
 -1.636466238382e-01 -2.300268385927e-01 -2.637739697657e-01 -7.164427297864e-02  -1.589631803526e-01 -2.334680795844e-01 -2.825746691458e-01 -7.935139963675e-02
 -1.589631803526e-01 -2.334680795844e-01 -2.825746691458e-01 -7.935139963675e-02  -1.584233424950e-01 -2.337529895344e-01 -2.846282966789e-01 -8.027481972841e-02
 -1.584233424950e-01 -2.337529895344e-01 -2.846282966789e-01 -8.027481972841e-02  -1.561124725304e-01 -2.347630669525e-01 -2.931134239134e-01 -8.429926525020e-02
 -1.561124725304e-01 -2.347630669525e-01 -2.931134239134e-01 -8.429926525020e-02  -1.534094163964e-01 -2.355396804598e-01 -3.024550939060e-01 -8.917592753896e-02
 -1.534094163964e-01 -2.355396804598e-01 -3.024550939060e-01 -8.917592753896e-02  -1.526955379002e-01 -2.356746713995e-01 -3.048273392912e-01 -9.049982641545e-02
 -1.526955379002e-01 -2.356746713995e-01 -3.048273392912e-01 -9.049982641545e-02  -1.510763763342e-01 -2.358737886820e-01 -3.100748256180e-01 -9.356754493331e-02
 -1.510763763342e-01 -2.358737886820e-01 -3.100748256180e-01 -9.356754493331e-02  -1.494799420410e-01 -2.359246046921e-01 -3.150817465800e-01 -9.669193625377e-02
 -1.494799420410e-01 -2.359246046921e-01 -3.150817465800e-01 -9.669193625377e-02  -1.486980997612e-01 -2.358963839990e-01 -3.174782374926e-01 -9.826292666371e-02
 -1.486980997612e-01 -2.358963839990e-01 -3.174782374926e-01 -9.826292666371e-02  -1.462635073309e-01 -2.355800171989e-01 -3.247291517900e-01 -1.033549569162e-01
 -1.462635073309e-01 -2.355800171989e-01 -3.247291517900e-01 -1.033549569162e-01  -1.444540516797e-01 -2.351125786334e-01 -3.299320348783e-01 -1.073702189473e-01
 -1.444540516797e-01 -2.351125786334e-01 -3.299320348783e-01 -1.073702189473e-01  -1.413181749284e-01 -2.337939279087e-01 -3.386296512718e-01 -1.149269295256e-01
 -1.413181749284e-01 -2.337939279087e-01 -3.386296512718e-01 -1.149269295256e-01  -1.406681866406e-01 -2.334328295236e-01 -3.403879403945e-01 -1.166090332952e-01
 -1.406681866406e-01 -2.334328295236e-01 -3.403879403945e-01 -1.166090332952e-01  -1.384927023451e-01 -2.319772936632e-01 -3.461764235219e-01 -1.226037917021e-01
 -1.384927023451e-01 -2.319772936632e-01 -3.461764235219e-01 -1.226037917021e-01  -1.373204590111e-01 -2.310182113075e-01 -3.492396462665e-01 -1.261115069226e-01
 -1.373204590111e-01 -2.310182113075e-01 -3.492396462665e-01 -1.261115069226e-01  -1.349633264587e-01 -2.286434317769e-01 -3.552963745467e-01 -1.339446727922e-01
 -1.349633264587e-01 -2.286434317769e-01 -3.552963745467e-01 -1.339446727922e-01  -1.344683865596e-01 -2.280556014647e-01 -3.565523809739e-01 -1.357552304681e-01
 -1.344683865596e-01 -2.280556014647e-01 -3.565523809739e-01 -1.357552304681e-01  -1.326179543240e-01 -2.255074918133e-01 -3.612050718819e-01 -1.432214300513e-01
 -1.326179543240e-01 -2.255074918133e-01 -3.612050718819e-01 -1.432214300513e-01  -1.321325350483e-01 -2.247286532829e-01 -3.624150589466e-01 -1.454082958379e-01
 -1.321325350483e-01 -2.247286532829e-01 -3.624150589466e-01 -1.454082958379e-01  -1.315825019900e-01 -2.237768914314e-01 -3.637811478117e-01 -1.480346658910e-01
 -1.315825019900e-01 -2.237768914314e-01 -3.637811478117e-01 -1.480346658910e-01  -1.302598333763e-01 -2.211031802359e-01 -3.670456887427e-01 -1.552009758190e-01
 -1.302598333763e-01 -2.211031802359e-01 -3.670456887427e-01 -1.552009758190e-01  -1.296232307378e-01 -2.195489237358e-01 -3.686071705877e-01 -1.592589151842e-01
 -1.296232307378e-01 -2.195489237358e-01 -3.686071705877e-01 -1.592589151842e-01  -1.288250156465e-01 -2.172075241459e-01 -3.705569359292e-01 -1.652682881121e-01
 -1.288250156465e-01 -2.172075241459e-01 -3.705569359292e-01 -1.652682881121e-01  -1.282233301722e-01 -2.149544357663e-01 -3.720218464938e-01 -1.709694941591e-01
 -1.282233301722e-01 -2.149544357663e-01 -3.720218464938e-01 -1.709694941591e-01  -1.278531568111e-01 -2.131616238461e-01 -3.729224976071e-01 -1.754702218137e-01
 -1.278531568111e-01 -2.131616238461e-01 -3.729224976071e-01 -1.754702218137e-01  -1.274904247620e-01 -2.106640269883e-01 -3.738086343803e-01 -1.817146310019e-01
 -1.274904247620e-01 -2.106640269883e-01 -3.738086343803e-01 -1.817146310019e-01  -1.273508342461e-01 -2.090852545518e-01 -3.741550542784e-01 -1.856598554097e-01
 -1.273508342461e-01 -2.090852545518e-01 -3.741550542784e-01 -1.856598554097e-01  -1.272809357692e-01 -2.075368580828e-01 -3.743368519165e-01 -1.895371216192e-01
 -1.272809357692e-01 -2.075368580828e-01 -3.743368519165e-01 -1.895371216192e-01  -1.273121361595e-01 -2.049817242249e-01 -3.742950124574e-01 -1.959738605938e-01
 -1.273121361595e-01 -2.049817242249e-01 -3.742950124574e-01 -1.959738605938e-01  -1.274362337020e-01 -2.032862579188e-01 -3.740285270374e-01 -2.002877322259e-01
 -1.274362337020e-01 -2.032862579188e-01 -3.740285270374e-01 -2.002877322259e-01  -1.277656183117e-01 -2.008557788729e-01 -3.733004378726e-01 -2.065613953714e-01
 -1.277656183117e-01 -2.008557788729e-01 -3.733004378726e-01 -2.065613953714e-01  -1.283579567745e-01 -1.981569927812e-01 -3.719787235529e-01 -2.137048479736e-01
 -1.283579567745e-01 -1.981569927812e-01 -3.719787235529e-01 -2.137048479736e-01  -1.287438498051e-01 -1.968364574136e-01 -3.711155409370e-01 -2.172929155500e-01
 -1.287438498051e-01 -1.968364574136e-01 -3.711155409370e-01 -2.172929155500e-01  -1.300364626653e-01 -1.935245148075e-01 -3.682191781852e-01 -2.266769583221e-01
 -1.300364626653e-01 -1.935245148075e-01 -3.682191781852e-01 -2.266769583221e-01  -1.302591436023e-01 -1.930623098125e-01 -3.677194180787e-01 -2.280432190011e-01
 -1.302591436023e-01 -1.930623098125e-01 -3.677194180787e-01 -2.280432190011e-01  -1.304289778530e-01 -1.927251724212e-01 -3.673380651948e-01 -2.290506132978e-01
 -1.304289778530e-01 -1.927251724212e-01 -3.673380651948e-01 -2.290506132978e-01  -1.323635928070e-01 -1.895840949445e-01 -3.629780408838e-01 -2.389976965528e-01
 -1.323635928070e-01 -1.895840949445e-01 -3.629780408838e-01 -2.389976965528e-01  -1.323814421490e-01 -1.895598212361e-01 -3.629376447684e-01 -2.390795058588e-01
 -1.323814421490e-01 -1.895598212361e-01 -3.629376447684e-01 -2.390795058588e-01  -1.324965896660e-01 -1.894049066468e-01 -3.626769580645e-01 -2.396038351681e-01
 -1.324965896660e-01 -1.894049066468e-01 -3.626769580645e-01 -2.396038351681e-01  -1.347309810732e-01 -1.868824546299e-01 -3.575830379077e-01 -2.488232727464e-01
 -1.347309810732e-01 -1.868824546299e-01 -3.575830379077e-01 -2.488232727464e-01  -1.351447873197e-01 -1.864993065057e-01 -3.566310428490e-01 -2.503721858419e-01
 -1.351447873197e-01 -1.864993065057e-01 -3.566310428490e-01 -2.503721858419e-01  -1.358453313326e-01 -1.858998462607e-01 -3.550122406211e-01 -2.529070946024e-01
 -1.358453313326e-01 -1.858998462607e-01 -3.550122406211e-01 -2.529070946024e-01  -1.386197839875e-01 -1.840378528691e-01 -3.484993017489e-01 -2.620970731129e-01
 -1.386197839875e-01 -1.840378528691e-01 -3.484993017489e-01 -2.620970731129e-01  -1.424530063484e-01 -1.825124646628e-01 -3.391704378717e-01 -2.732816696138e-01
 -1.424530063484e-01 -1.825124646628e-01 -3.391704378717e-01 -2.732816696138e-01  -1.427503429419e-01 -1.824359723564e-01 -3.384280452504e-01 -2.740977323148e-01
 -1.427503429419e-01 -1.824359723564e-01 -3.384280452504e-01 -2.740977323148e-01  -1.428313236968e-01 -1.824160889412e-01 -3.382253438267e-01 -2.743189393767e-01
 -1.428313236968e-01 -1.824160889412e-01 -3.382253438267e-01 -2.743189393767e-01  -1.430153110197e-01 -1.823724090058e-01 -3.377639921538e-01 -2.748198881084e-01
 -1.430153110197e-01 -1.823724090058e-01 -3.377639921538e-01 -2.748198881084e-01  -1.462089688152e-01 -1.819263022583e-01 -3.295642136630e-01 -2.832031078501e-01
 -1.462089688152e-01 -1.819263022583e-01 -3.295642136630e-01 -2.832031078501e-01  -1.475666241992e-01 -1.819035844398e-01 -3.259605954285e-01 -2.866200122718e-01
 -1.475666241992e-01 -1.819035844398e-01 -3.259605954285e-01 -2.866200122718e-01  -1.495139128170e-01 -1.820325638423e-01 -3.206594070757e-01 -2.914036545127e-01
 -1.495139128170e-01 -1.820325638423e-01 -3.206594070757e-01 -2.914036545127e-01  -1.520786819781e-01 -1.824823766633e-01 -3.134323333390e-01 -2.975312999524e-01
 -1.520786819781e-01 -1.824823766633e-01 -3.134323333390e-01 -2.975312999524e-01  -1.526985012645e-01 -1.826384425459e-01 -3.116455334246e-01 -2.989856280109e-01
 -1.526985012645e-01 -1.826384425459e-01 -3.116455334246e-01 -2.989856280109e-01  -1.530941475433e-01 -1.827478533583e-01 -3.104976014225e-01 -2.999084940344e-01
 -1.530941475433e-01 -1.827478533583e-01 -3.104976014225e-01 -2.999084940344e-01  -1.586807704497e-01 -1.852660098276e-01 -2.943705946668e-01 -3.121022717861e-01
 -1.586807704497e-01 -1.852660098276e-01 -2.943705946668e-01 -3.121022717861e-01  -1.599819244960e-01 -1.862110428726e-01 -2.911261031082e-01 -3.144352385785e-01
 -1.599819244960e-01 -1.862110428726e-01 -2.911261031082e-01 -3.144352385785e-01  -1.637322847085e-01 -1.897340155948e-01 -2.840843576665e-01 -3.195117691643e-01
 -1.637322847085e-01 -1.897340155948e-01 -2.840843576665e-01 -3.195117691643e-01  -1.653732545021e-01 -1.914861249545e-01 -2.817582920216e-01 -3.212324813344e-01
 -1.653732545021e-01 -1.914861249545e-01 -2.817582920216e-01 -3.212324813344e-01  -1.683463354515e-01 -1.946772334187e-01 -2.774114101187e-01 -3.245389245674e-01
 -1.683463354515e-01 -1.946772334187e-01 -2.774114101187e-01 -3.245389245674e-01  -1.716815065836e-01 -1.978429649298e-01 -2.669173225515e-01 -3.324725265081e-01
 -1.716815065836e-01 -1.978429649298e-01 -2.669173225515e-01 -3.324725265081e-01  -1.723834613709e-01 -1.983880955419e-01 -2.622287476118e-01 -3.358087065123e-01
 -1.723834613709e-01 -1.983880955419e-01 -2.622287476118e-01 -3.358087065123e-01  -1.733367587935e-01 -1.990234994410e-01 -2.527238337846e-01 -3.420773119081e-01
 -1.733367587935e-01 -1.990234994410e-01 -2.527238337846e-01 -3.420773119081e-01  -1.734146298094e-01 -1.990691969954e-01 -2.517318780352e-01 -3.426931436692e-01
 -1.734146298094e-01 -1.990691969954e-01 -2.517318780352e-01 -3.426931436692e-01  -1.736642451115e-01 -1.992086473018e-01 -2.482807795546e-01 -3.447801626739e-01
 -1.736642451115e-01 -1.992086473018e-01 -2.482807795546e-01 -3.447801626739e-01  -1.742622333375e-01 -1.994957530843e-01 -2.380631643649e-01 -3.504685751318e-01
 -1.742622333375e-01 -1.994957530843e-01 -2.380631643649e-01 -3.504685751318e-01  -1.749273141798e-01 -1.997281961835e-01 -2.227431962438e-01 -3.577118117057e-01
 -1.749273141798e-01 -1.997281961835e-01 -2.227431962438e-01 -3.577118117057e-01  -1.759286851371e-01 -1.998830413533e-01 -1.906124881923e-01 -3.684770113991e-01
 -1.759286851371e-01 -1.998830413533e-01 -1.906124881923e-01 -3.684770113991e-01  -1.763679315987e-01 -1.998727712372e-01 -1.735696864120e-01 -3.720096908582e-01
 -1.763679315987e-01 -1.998727712372e-01 -1.735696864120e-01 -3.720096908582e-01  -1.767931516015e-01 -1.998181029098e-01 -1.562288481978e-01 -3.741702465500e-01
 -1.767931516015e-01 -1.998181029098e-01 -1.562288481978e-01 -3.741702465500e-01  -1.776576256009e-01 -1.995832880054e-01 -1.218659871470e-01 -3.743194378881e-01
 -1.776576256009e-01 -1.995832880054e-01 -1.218659871470e-01 -3.743194378881e-01  -1.781441652606e-01 -1.993895074305e-01 -1.047295816206e-01 -3.723330477965e-01
 -1.781441652606e-01 -1.993895074305e-01 -1.047295816206e-01 -3.723330477965e-01  -1.786939598279e-01 -1.991298478516e-01 -8.800216801725e-02 -3.690160286951e-01
 -1.786939598279e-01 -1.991298478516e-01 -8.800216801725e-02 -3.690160286951e-01  -1.795958209745e-01 -1.986408665554e-01 -6.637658210858e-02 -3.625713060119e-01
 -1.795958209745e-01 -1.986408665554e-01 -6.637658210858e-02 -3.625713060119e-01  -1.796552204268e-01 -1.986068690273e-01 -6.517361163476e-02 -3.621367772814e-01
 -1.796552204268e-01 -1.986068690273e-01 -6.517361163476e-02 -3.621367772814e-01  -1.801113977914e-01 -1.983416443992e-01 -5.669486561030e-02 -3.588325446241e-01
 -1.801113977914e-01 -1.983416443992e-01 -5.669486561030e-02 -3.588325446241e-01  -1.802569217712e-01 -1.982559914540e-01 -5.424730164059e-02 -3.577978205429e-01
 -1.802569217712e-01 -1.982559914540e-01 -5.424730164059e-02 -3.577978205429e-01  -1.811135086041e-01 -1.977508625253e-01 -4.186581098848e-02 -3.519747700433e-01
 -1.811135086041e-01 -1.977508625253e-01 -4.186581098848e-02 -3.519747700433e-01  -1.817566249700e-01 -1.973800100960e-01 -3.433557455327e-02 -3.479208301988e-01
 -1.817566249700e-01 -1.973800100960e-01 -3.433557455327e-02 -3.479208301988e-01  -1.824036065869e-01 -1.970225492358e-01 -2.784732795210e-02 -3.440892707913e-01
 -1.824036065869e-01 -1.970225492358e-01 -2.784732795210e-02 -3.440892707913e-01  -1.829383170081e-01 -1.967429209129e-01 -2.310711691545e-02 -3.410772772797e-01
 -1.829383170081e-01 -1.967429209129e-01 -2.310711691545e-02 -3.410772772797e-01  -1.839966750270e-01 -1.962411697678e-01 -1.492936989396e-02 -3.354208360992e-01
 -1.839966750270e-01 -1.962411697678e-01 -1.492936989396e-02 -3.354208360992e-01  -1.857140575250e-01 -1.956007657209e-01 -3.882515421431e-03 -3.267259621664e-01
 -1.857140575250e-01 -1.956007657209e-01 -3.882515421431e-03 -3.267259621664e-01  -1.858538480138e-01 -1.955591104745e-01 -3.066884051203e-03 -3.260295546702e-01
 -1.858538480138e-01 -1.955591104745e-01 -3.066884051203e-03 -3.260295546702e-01  -1.866984143080e-01 -1.953434497818e-01  1.665675210314e-03 -3.218218792166e-01
 -1.866984143080e-01 -1.953434497818e-01  1.665675210314e-03 -3.218218792166e-01  -1.878619140618e-01 -1.951528263015e-01  7.745214695180e-03 -3.159541130422e-01
 -1.878619140618e-01 -1.951528263015e-01  7.745214695180e-03 -3.159541130422e-01  -1.891064309922e-01 -1.950967450899e-01  1.383936892943e-02 -3.094559910906e-01
 -1.891064309922e-01 -1.950967450899e-01  1.383936892943e-02 -3.094559910906e-01  -1.898369599284e-01 -1.951413578169e-01  1.727189133221e-02 -3.054724378658e-01
 -1.898369599284e-01 -1.951413578169e-01  1.727189133221e-02 -3.054724378658e-01  -1.906870111436e-01 -1.952725063122e-01  2.116406326040e-02 -3.006199623730e-01
 -1.906870111436e-01 -1.952725063122e-01  2.116406326040e-02 -3.006199623730e-01  -1.916374368323e-01 -1.955311585582e-01  2.541647377067e-02 -2.948330273188e-01
 -1.916374368323e-01 -1.955311585582e-01  2.541647377067e-02 -2.948330273188e-01  -1.928246333097e-01 -1.960489651476e-01  3.062856262869e-02 -2.868640531763e-01
 -1.928246333097e-01 -1.960489651476e-01  3.062856262869e-02 -2.868640531763e-01  -1.932218862003e-01 -1.962794543037e-01  3.235785357345e-02 -2.839523552275e-01
 -1.932218862003e-01 -1.962794543037e-01  3.235785357345e-02 -2.839523552275e-01  -1.943886038024e-01 -1.971700790379e-01  3.743127538458e-02 -2.743668121469e-01
 -1.943886038024e-01 -1.971700790379e-01  3.743127538458e-02 -2.743668121469e-01  -1.945680605612e-01 -1.973418926028e-01  3.821510899887e-02 -2.727114909808e-01
 -1.945680605612e-01 -1.973418926028e-01  3.821510899887e-02 -2.727114909808e-01  -1.947187470854e-01 -1.974950191695e-01  3.887500346697e-02 -2.712728946079e-01
 -1.947187470854e-01 -1.974950191695e-01  3.887500346697e-02 -2.712728946079e-01  -1.956301982297e-01 -1.986433451543e-01  4.292703860235e-02 -2.612858631240e-01
 -1.956301982297e-01 -1.986433451543e-01  4.292703860235e-02 -2.612858631240e-01  -1.957049555918e-01 -1.987597592564e-01  4.326687333444e-02 -2.603324444756e-01
 -1.957049555918e-01 -1.987597592564e-01  4.326687333444e-02 -2.603324444756e-01  -1.963871337043e-01 -2.000984722440e-01  4.648508485076e-02 -2.498554022720e-01
 -1.963871337043e-01 -2.000984722440e-01  4.648508485076e-02 -2.498554022720e-01  -1.968341768038e-01 -2.016007492507e-01  4.890149891000e-02 -2.387548739569e-01
 -1.968341768038e-01 -2.016007492507e-01  4.890149891000e-02 -2.387548739569e-01  -1.968469873825e-01 -2.016659725332e-01  4.898253054141e-02 -2.382816792236e-01
 -1.968469873825e-01 -2.016659725332e-01  4.898253054141e-02 -2.382816792236e-01  -1.970023581025e-01 -2.032520929155e-01  5.040770902544e-02 -2.268593808103e-01
 -1.970023581025e-01 -2.032520929155e-01  5.040770902544e-02 -2.268593808103e-01  -1.970024479331e-01 -2.033137572932e-01  5.044271336511e-02 -2.264160255095e-01
 -1.970024479331e-01 -2.033137572932e-01  5.044271336511e-02 -2.264160255095e-01  -1.970020774562e-01 -2.033772370479e-01  5.047718901096e-02 -2.259594774761e-01
 -1.970020774562e-01 -2.033772370479e-01  5.047718901096e-02 -2.259594774761e-01  -1.968372071103e-01 -2.049644953038e-01  5.082369666901e-02 -2.144307273780e-01
 -1.968372071103e-01 -2.049644953038e-01  5.082369666901e-02 -2.144307273780e-01  -1.968126365604e-01 -2.050823043364e-01  5.080919926896e-02 -2.135607498333e-01
 -1.968126365604e-01 -2.050823043364e-01  5.080919926896e-02 -2.135607498333e-01  -1.963521923206e-01 -2.065390244277e-01  5.013150428990e-02 -2.025025494954e-01
 -1.963521923206e-01 -2.065390244277e-01  5.013150428990e-02 -2.025025494954e-01  -1.957064369396e-01 -2.077558258350e-01  4.874672241908e-02 -1.925870791182e-01
 -1.957064369396e-01 -2.077558258350e-01  4.874672241908e-02 -1.925870791182e-01  -1.955407867157e-01 -2.080005280176e-01  4.835694104725e-02 -1.904770968183e-01
 -1.955407867157e-01 -2.080005280176e-01  4.835694104725e-02 -1.904770968183e-01  -1.947093678472e-01 -2.089911433287e-01  4.627751779206e-02 -1.813272288725e-01
 -1.947093678472e-01 -2.089911433287e-01  4.627751779206e-02 -1.813272288725e-01  -1.943831328323e-01 -2.093007092504e-01  4.541906539161e-02 -1.781943592722e-01
 -1.943831328323e-01 -2.093007092504e-01  4.541906539161e-02 -1.781943592722e-01  -1.939267196105e-01 -2.096788498138e-01  4.418618383499e-02 -1.741090982343e-01
 -1.939267196105e-01 -2.096788498138e-01  4.418618383499e-02 -1.741090982343e-01  -1.928988485493e-01 -2.103473305017e-01  4.128987464712e-02 -1.658331356649e-01
 -1.928988485493e-01 -2.103473305017e-01  4.128987464712e-02 -1.658331356649e-01  -1.919117835380e-01 -2.108070085281e-01  3.836116979778e-02 -1.587100912960e-01
 -1.919117835380e-01 -2.108070085281e-01  3.836116979778e-02 -1.587100912960e-01  -1.911508626132e-01 -2.110658488404e-01  3.600065384965e-02 -1.535897573581e-01
 -1.911508626132e-01 -2.110658488404e-01  3.600065384965e-02 -1.535897573581e-01  -1.906894370385e-01 -2.111882261550e-01  3.452146775882e-02 -1.505998996200e-01
 -1.906894370385e-01 -2.111882261550e-01  3.452146775882e-02 -1.505998996200e-01  -1.874000264990e-01 -2.114679219887e-01  2.252879542307e-02 -1.304753524835e-01
 -1.874000264990e-01 -2.114679219887e-01  2.252879542307e-02 -1.304753524835e-01  -1.871678024692e-01 -2.114553470061e-01  2.154750115065e-02 -1.290646060025e-01
 -1.871678024692e-01 -2.114553470061e-01  2.154750115065e-02 -1.290646060025e-01  -1.868452676270e-01 -2.114320129053e-01  2.014272264729e-02 -1.270924012271e-01
 -1.868452676270e-01 -2.114320129053e-01  2.014272264729e-02 -1.270924012271e-01  -1.852708561034e-01 -2.112302527517e-01  1.238880476005e-02 -1.170800542429e-01
