LENS PARMS:
   alpha 2.021967e-01 -1.769536e-01 -2.075021e-01 3.921875e-01 -4.252042e+00 0.0 0.0 0.0 0.0 1.000000e+00
 expdisk 1.510778e-01 -1.615516e-01 -2.056755e-01 8.280000e-01 -8.000000e+00 0.0 0.0 2.120253e-01 0.0 0.0
SOURCE PARMS:
   ptsrc 2.150959e+00 -1.925167e-01 -1.491299e-01 0.0 0.0 0.0 0.0 0.0
CHISQ: 2.748771e+01 4.332724e+00 2.315499e+01 0.000000e+00 5.063901e-13 0.000000e+00 0.000000e+00 0.000000e+00 0.000000e+00 # tot pos flux tdel gal plim crv ring weak

Source #1
  posn: -1.925167e-01 -1.491299e-01
  flux:  2.150959e+00
     h:  7.000000e-01
  zsrc:  1.500000e+00
tscale:  2.663911e+02
images:
   0.0000   0.0000 (1.0e-06)  17.0000 ( 1.07e+00)   0.00 (0.0e+00) ->   0.0000  -0.0000  16.4031   3.7006
  -0.0726   0.0480 (1.0e-03) -10.5400 ( 6.64e-01)   0.00 (0.0e+00) ->  -0.0737   0.0474 -11.2542   3.7772
  -0.4117  -0.0280 (1.0e-03)   8.6190 ( 5.43e-01)   0.00 (0.0e+00) ->  -0.4117  -0.0284   6.3761   0.0000
  -0.1619  -0.3680 (6.0e-03)  -1.4620 ( 9.20e-02)   0.00 (0.0e+00) ->  -0.1717  -0.3670  -1.6599  12.9252


