#
# Columns: x1 y1 u1 v1 x2 y2 u2 v2
#
# To plot the image plane curves, connect each (x1,y1)
# to the (x2,y2) on the same line -- do *not* connect
# consecutive lines!
#
# To plot the source plane curves, do the same for
# (u1,v1) and (u2,v2).
#
 -2.922771266623e-01 -4.717411684021e-01 -1.566737879429e-01 -2.841662088758e-01  -2.926950078488e-01 -4.706350797757e-01 -1.563035363304e-01 -2.834565185990e-01
 -2.926950078488e-01 -4.706350797757e-01 -1.563035363304e-01 -2.834565185990e-01  -2.911299120835e-01 -4.747892701747e-01 -1.576897964767e-01 -2.861424386105e-01
 -2.911299120835e-01 -4.747892701747e-01 -1.576897964767e-01 -2.861424386105e-01  -2.922771266623e-01 -4.717411684021e-01 -1.566737879429e-01 -2.841662088758e-01
 -2.985553690338e-01 -4.553280847029e-01 -1.511055809625e-01 -2.740556364769e-01  -2.970296842654e-01 -4.592805912452e-01 -1.524596848597e-01 -2.764066036621e-01
 -2.970296842654e-01 -4.592805912452e-01 -1.524596848597e-01 -2.764066036621e-01  -2.953936327896e-01 -4.635423903118e-01 -1.539110506132e-01 -2.790017770596e-01
 -2.953936327896e-01 -4.635423903118e-01 -1.539110506132e-01 -2.790017770596e-01  -2.985553690338e-01 -4.553280847029e-01 -1.511055809625e-01 -2.740556364769e-01
 -3.015444041032e-01 -4.476315321966e-01 -1.484499536873e-01 -2.696345843000e-01  -3.017506185457e-01 -4.471022739745e-01 -1.482665514217e-01 -2.693382648363e-01
 -3.017506185457e-01 -4.471022739745e-01 -1.482665514217e-01 -2.693382648363e-01  -3.022239475096e-01 -4.458880576830e-01 -1.478454607676e-01 -2.686622244683e-01
 -3.022239475096e-01 -4.458880576830e-01 -1.478454607676e-01 -2.686622244683e-01  -3.015444041032e-01 -4.476315321966e-01 -1.484499536873e-01 -2.696345843000e-01
 -2.809162997619e-01 -5.027182492996e-01 -1.666445478278e-01 -3.055525562462e-01  -2.803313031045e-01 -5.043576955509e-01 -1.671471719266e-01 -3.067587101842e-01
 -2.803313031045e-01 -5.043576955509e-01 -1.671471719266e-01 -3.067587101842e-01  -2.781679507903e-01 -5.104463515591e-01 -1.689885036595e-01 -3.112959229560e-01
 -2.781679507903e-01 -5.104463515591e-01 -1.689885036595e-01 -3.112959229560e-01  -2.775724326937e-01 -5.121281060385e-01 -1.694898686770e-01 -3.125646503610e-01
 -2.775724326937e-01 -5.121281060385e-01 -1.694898686770e-01 -3.125646503610e-01  -2.774493397042e-01 -5.124759550213e-01 -1.695931700881e-01 -3.128278824292e-01
 -2.774493397042e-01 -5.124759550213e-01 -1.695931700881e-01 -3.128278824292e-01  -2.751851783618e-01 -5.188829219537e-01 -1.714708408067e-01 -3.177245028112e-01
 -2.751851783618e-01 -5.188829219537e-01 -1.714708408067e-01 -3.177245028112e-01  -2.745825716852e-01 -5.205889979106e-01 -1.719626673881e-01 -3.190433007478e-01
 -2.745825716852e-01 -5.205889979106e-01 -1.719626673881e-01 -3.190433007478e-01  -2.727804393615e-01 -5.256850524540e-01 -1.734106732434e-01 -3.230178898968e-01
 -2.727804393615e-01 -5.256850524540e-01 -1.734106732434e-01 -3.230178898968e-01  -2.717095375431e-01 -5.287041919628e-01 -1.742533190601e-01 -3.253965522213e-01
 -2.717095375431e-01 -5.287041919628e-01 -1.742533190601e-01 -3.253965522213e-01  -2.703454318235e-01 -5.325333282058e-01 -1.753053419002e-01 -3.284376456865e-01
 -2.703454318235e-01 -5.325333282058e-01 -1.753053419002e-01 -3.284376456865e-01  -2.688032605549e-01 -5.368307982984e-01 -1.764633071219e-01 -3.318813405369e-01
 -2.688032605549e-01 -5.368307982984e-01 -1.764633071219e-01 -3.318813405369e-01  -2.678639274977e-01 -5.394273203963e-01 -1.771510563774e-01 -3.339769117465e-01
 -2.678639274977e-01 -5.394273203963e-01 -1.771510563774e-01 -3.339769117465e-01  -2.658298329273e-01 -5.449804574777e-01 -1.785911433695e-01 -3.384939235117e-01
 -2.658298329273e-01 -5.449804574777e-01 -1.785911433695e-01 -3.384939235117e-01  -2.653153550855e-01 -5.463674708804e-01 -1.789441671574e-01 -3.396292520477e-01
 -2.653153550855e-01 -5.463674708804e-01 -1.789441671574e-01 -3.396292520477e-01  -2.627454740395e-01 -5.531681994067e-01 -1.806354748207e-01 -3.452337706382e-01
 -2.627454740395e-01 -5.531681994067e-01 -1.806354748207e-01 -3.452337706382e-01  -2.626735042220e-01 -5.533552829387e-01 -1.806810556638e-01 -3.453887879155e-01
 -2.626735042220e-01 -5.533552829387e-01 -1.806810556638e-01 -3.453887879155e-01  -2.622515457429e-01 -5.544481344639e-01 -1.809462878826e-01 -3.462951735940e-01
 -2.622515457429e-01 -5.544481344639e-01 -1.809462878826e-01 -3.462951735940e-01  -2.599175393984e-01 -5.603604225657e-01 -1.823502356055e-01 -3.512224973002e-01
 -2.599175393984e-01 -5.603604225657e-01 -1.823502356055e-01 -3.512224973002e-01  -2.594912607188e-01 -5.614142524361e-01 -1.825948945491e-01 -3.521047093825e-01
 -2.594912607188e-01 -5.614142524361e-01 -1.825948945491e-01 -3.521047093825e-01  -2.569918557249e-01 -5.674156489079e-01 -1.839549380819e-01 -3.571488591449e-01
 -2.569918557249e-01 -5.674156489079e-01 -1.839549380819e-01 -3.571488591449e-01  -2.559827055814e-01 -5.697476211215e-01 -1.844677646999e-01 -3.591171426629e-01
 -2.559827055814e-01 -5.697476211215e-01 -1.844677646999e-01 -3.591171426629e-01  -2.538301287840e-01 -5.745342883860e-01 -1.854918895739e-01 -3.631692549933e-01
 -2.538301287840e-01 -5.745342883860e-01 -1.854918895739e-01 -3.631692549933e-01  -2.520874246297e-01 -5.782137529467e-01 -1.862520908579e-01 -3.662928351995e-01
 -2.520874246297e-01 -5.782137529467e-01 -1.862520908579e-01 -3.662928351995e-01  -2.503359313731e-01 -5.817281235486e-01 -1.869552179891e-01 -3.692811148360e-01
 -2.503359313731e-01 -5.817281235486e-01 -1.869552179891e-01 -3.692811148360e-01  -2.475688882853e-01 -5.868938486184e-01 -1.879456601479e-01 -3.736770175833e-01
 -2.475688882853e-01 -5.868938486184e-01 -1.879456601479e-01 -3.736770175833e-01  -2.463493839487e-01 -5.890177818470e-01 -1.883371401840e-01 -3.754836902718e-01
 -2.463493839487e-01 -5.890177818470e-01 -1.883371401840e-01 -3.754836902718e-01  -2.418996993016e-01 -5.959689638402e-01 -1.895477857345e-01 -3.813785728370e-01
 -2.418996993016e-01 -5.959689638402e-01 -1.895477857345e-01 -3.813785728370e-01  -2.415631136528e-01 -5.964439326638e-01 -1.896262401687e-01 -3.817795639316e-01
 -2.415631136528e-01 -5.964439326638e-01 -1.896262401687e-01 -3.817795639316e-01  -2.402220831956e-01 -5.982659688317e-01 -1.899216570957e-01 -3.833144047244e-01
 -2.402220831956e-01 -5.982659688317e-01 -1.899216570957e-01 -3.833144047244e-01  -2.359041451524e-01 -6.033807607589e-01 -1.906990803083e-01 -3.875795863552e-01
 -2.359041451524e-01 -6.033807607589e-01 -1.906990803083e-01 -3.875795863552e-01  -2.269413836539e-01 -6.105313578548e-01 -1.916126155208e-01 -3.932646772237e-01
 -2.269413836539e-01 -6.105313578548e-01 -1.916126155208e-01 -3.932646772237e-01  -2.182551699437e-01 -6.134574401880e-01 -1.918543093912e-01 -3.950587287001e-01
 -2.182551699437e-01 -6.134574401880e-01 -1.918543093912e-01 -3.950587287001e-01  -1.976492533449e-01 -6.078430958124e-01 -1.912760424280e-01 -3.875599674161e-01
 -1.976492533449e-01 -6.078430958124e-01 -1.912760424280e-01 -3.875599674161e-01  -1.913842601412e-01 -6.033807607589e-01 -1.910462089075e-01 -3.827191165413e-01
 -1.913842601412e-01 -6.033807607589e-01 -1.910462089075e-01 -3.827191165413e-01  -1.882522654421e-01 -6.007660591263e-01 -1.909521889765e-01 -3.799498573804e-01
 -1.882522654421e-01 -6.007660591263e-01 -1.909521889765e-01 -3.799498573804e-01  -1.837820346837e-01 -5.966381429656e-01 -1.908548347900e-01 -3.756434656448e-01
 -1.837820346837e-01 -5.966381429656e-01 -1.908548347900e-01 -3.756434656448e-01  -1.823625987963e-01 -5.952372801327e-01 -1.908348093619e-01 -3.741967255733e-01
 -1.823625987963e-01 -5.952372801327e-01 -1.908348093619e-01 -3.741967255733e-01  -1.772770609737e-01 -5.898955251723e-01 -1.908140275197e-01 -3.687357846982e-01
 -1.772770609737e-01 -5.898955251723e-01 -1.908140275197e-01 -3.687357846982e-01  -1.770355160000e-01 -5.896300450890e-01 -1.908151944912e-01 -3.684664669746e-01
 -1.770355160000e-01 -5.896300450890e-01 -1.908151944912e-01 -3.684664669746e-01  -1.758172442591e-01 -5.882758342154e-01 -1.908242719403e-01 -3.670955148187e-01
 -1.758172442591e-01 -5.882758342154e-01 -1.908242719403e-01 -3.670955148187e-01  -1.713895587086e-01 -5.831529073789e-01 -1.909045646785e-01 -3.619497834953e-01
 -1.713895587086e-01 -5.831529073789e-01 -1.909045646785e-01 -3.619497834953e-01  -1.703823879795e-01 -5.819466367083e-01 -1.909337479232e-01 -3.607469882618e-01
 -1.703823879795e-01 -5.819466367083e-01 -1.909337479232e-01 -3.607469882618e-01  -1.658968102017e-01 -5.764102895856e-01 -1.911161781614e-01 -3.552674910162e-01
 -1.658968102017e-01 -5.764102895856e-01 -1.911161781614e-01 -3.552674910162e-01  -1.637565837340e-01 -5.736829093554e-01 -1.912346656545e-01 -3.525921615440e-01
 -1.637565837340e-01 -5.736829093554e-01 -1.912346656545e-01 -3.525921615440e-01  -1.606727573013e-01 -5.696676717923e-01 -1.914426438660e-01 -3.486819192976e-01
 -1.606727573013e-01 -5.696676717923e-01 -1.914426438660e-01 -3.486819192976e-01  -1.575018896825e-01 -5.654462139990e-01 -1.917036313351e-01 -3.446072108494e-01
 -1.575018896825e-01 -5.654462139990e-01 -1.917036313351e-01 -3.446072108494e-01  -1.556371673679e-01 -5.629250539990e-01 -1.918798918842e-01 -3.421915934914e-01
 -1.556371673679e-01 -5.629250539990e-01 -1.918798918842e-01 -3.421915934914e-01  -1.514703108387e-01 -5.572033609397e-01 -1.923356863838e-01 -3.367599758714e-01
 -1.514703108387e-01 -5.572033609397e-01 -1.923356863838e-01 -3.367599758714e-01  -1.507348899992e-01 -5.561824362056e-01 -1.924250790859e-01 -3.357983198195e-01
 -1.507348899992e-01 -5.561824362056e-01 -1.924250790859e-01 -3.357983198195e-01  -1.475031684734e-01 -5.516628364164e-01 -1.928498547644e-01 -3.315691441030e-01
 -1.475031684734e-01 -5.516628364164e-01 -1.928498547644e-01 -3.315691441030e-01  -1.459260193629e-01 -5.494398184123e-01 -1.930760516679e-01 -3.295061077489e-01
 -1.459260193629e-01 -5.494398184123e-01 -1.930760516679e-01 -3.295061077489e-01  -1.455478333852e-01 -5.489052688383e-01 -1.931321309629e-01 -3.290117468986e-01
 -1.455478333852e-01 -5.489052688383e-01 -1.931321309629e-01 -3.290117468986e-01  -1.411807658249e-01 -5.426972006190e-01 -1.938309907517e-01 -3.233205673997e-01
 -1.411807658249e-01 -5.426972006190e-01 -1.938309907517e-01 -3.233205673997e-01  -1.396462418020e-01 -5.405028687843e-01 -1.940988134355e-01 -3.213316509081e-01
 -1.396462418020e-01 -5.405028687843e-01 -1.940988134355e-01 -3.213316509081e-01  -1.364765947325e-01 -5.359545828257e-01 -1.946881538051e-01 -3.172485176526e-01
 -1.364765947325e-01 -5.359545828257e-01 -1.946881538051e-01 -3.172485176526e-01  -1.337504053304e-01 -5.320298037840e-01 -1.952334360426e-01 -3.137693503278e-01
 -1.337504053304e-01 -5.320298037840e-01 -1.952334360426e-01 -3.137693503278e-01  -1.317966615437e-01 -5.292119650323e-01 -1.956456749229e-01 -3.112976682796e-01
 -1.317966615437e-01 -5.292119650323e-01 -1.956456749229e-01 -3.112976682796e-01  -1.278219513376e-01 -5.234711426372e-01 -1.965384303157e-01 -3.063327239969e-01
 -1.278219513376e-01 -5.234711426372e-01 -1.965384303157e-01 -3.063327239969e-01  -1.271288321342e-01 -5.224693472390e-01 -1.967014041457e-01 -3.054763377906e-01
 -1.271288321342e-01 -5.224693472390e-01 -1.967014041457e-01 -3.054763377906e-01  -1.246569451243e-01 -5.188957931807e-01 -1.972998983926e-01 -3.024465193960e-01
 -1.246569451243e-01 -5.188957931807e-01 -1.972998983926e-01 -3.024465193960e-01  -1.223374419905e-01 -5.155420364344e-01 -1.978856421759e-01 -2.996395039931e-01
 -1.223374419905e-01 -5.155420364344e-01 -1.978856421759e-01 -2.996395039931e-01  -1.216181056046e-01 -5.145019492848e-01 -1.980719672140e-01 -2.987763157649e-01
 -1.216181056046e-01 -5.145019492848e-01 -1.980719672140e-01 -2.987763157649e-01  -1.174399914652e-01 -5.084613268423e-01 -1.991969898186e-01 -2.938338369174e-01
 -1.174399914652e-01 -5.084613268423e-01 -1.991969898186e-01 -2.938338369174e-01  -1.151516082554e-01 -5.051531177555e-01 -1.998434813956e-01 -2.911796244028e-01
 -1.151516082554e-01 -5.051531177555e-01 -1.998434813956e-01 -2.911796244028e-01  -1.125961071762e-01 -5.014584511344e-01 -2.005901631815e-01 -2.882607835648e-01
 -1.125961071762e-01 -5.014584511344e-01 -2.005901631815e-01 -2.882607835648e-01  -1.086878685298e-01 -4.958052329195e-01 -2.017814660807e-01 -2.838900867247e-01
 -1.086878685298e-01 -4.958052329195e-01 -2.017814660807e-01 -2.838900867247e-01  -1.078121672167e-01 -4.945376576887e-01 -2.020564504500e-01 -2.829262625198e-01
 -1.078121672167e-01 -4.945376576887e-01 -2.020564504500e-01 -2.829262625198e-01  -1.054005995342e-01 -4.910442743430e-01 -2.028287556108e-01 -2.803012587225e-01
 -1.054005995342e-01 -4.910442743430e-01 -2.028287556108e-01 -2.803012587225e-01  -1.030683959254e-01 -4.876609204808e-01 -2.035964442523e-01 -2.778032215918e-01
 -1.030683959254e-01 -4.876609204808e-01 -2.035964442523e-01 -2.778032215918e-01  -1.022446235207e-01 -4.864643839286e-01 -2.038724576649e-01 -2.769303328281e-01
 -1.022446235207e-01 -4.864643839286e-01 -2.038724576649e-01 -2.769303328281e-01  -9.837276213349e-02 -4.808269206031e-01 -2.052035085772e-01 -2.728928354549e-01
 -9.837276213349e-02 -4.808269206031e-01 -2.052035085772e-01 -2.728928354549e-01  -9.585149627494e-02 -4.771407403875e-01 -2.061000817944e-01 -2.703205357601e-01
 -9.585149627494e-02 -4.771407403875e-01 -2.061000817944e-01 -2.703205357601e-01  -9.376789073806e-02 -4.740829662340e-01 -2.068587737626e-01 -2.682277848069e-01
 -9.376789073806e-02 -4.740829662340e-01 -2.068587737626e-01 -2.682277848069e-01  -8.954553677814e-02 -4.678470215725e-01 -2.084457651924e-01 -2.640759591659e-01
 -8.954553677814e-02 -4.678470215725e-01 -2.084457651924e-01 -2.640759591659e-01  -8.926705570264e-02 -4.674335868991e-01 -2.085527823220e-01 -2.638062228104e-01
 -8.926705570264e-02 -4.674335868991e-01 -2.085527823220e-01 -2.638062228104e-01  -8.858227287016e-02 -4.664157193147e-01 -2.088171742027e-01 -2.631450743599e-01
 -8.858227287016e-02 -4.664157193147e-01 -2.088171742027e-01 -2.631450743599e-01  -8.336618403789e-02 -4.585967669119e-01 -2.108897703508e-01 -2.582054476225e-01
 -8.336618403789e-02 -4.585967669119e-01 -2.108897703508e-01 -2.582054476225e-01  -7.979452745882e-02 -4.531640614061e-01 -2.123699466685e-01 -2.549180570950e-01
 -7.979452745882e-02 -4.531640614061e-01 -2.123699466685e-01 -2.549180570950e-01  -7.735048406937e-02 -4.494026943188e-01 -2.134121750052e-01 -2.527111969460e-01
 -7.735048406937e-02 -4.494026943188e-01 -2.134121750052e-01 -2.527111969460e-01  -7.397141603576e-02 -4.441353903960e-01 -2.148934913931e-01 -2.497152900255e-01
 -7.397141603576e-02 -4.441353903960e-01 -2.148934913931e-01 -2.497152900255e-01  -7.152979512017e-02 -4.402755690932e-01 -2.159937095834e-01 -2.475894454058e-01
 -7.152979512017e-02 -4.402755690932e-01 -2.159937095834e-01 -2.475894454058e-01  -6.963213540436e-02 -4.372413789978e-01 -2.168665370738e-01 -2.459592916026e-01
 -6.963213540436e-02 -4.372413789978e-01 -2.168665370738e-01 -2.459592916026e-01  -6.592782464283e-02 -4.312235300138e-01 -2.186161605664e-01 -2.428318606522e-01
 -6.592782464283e-02 -4.312235300138e-01 -2.186161605664e-01 -2.428318606522e-01  -6.141605109140e-02 -4.237038181175e-01 -2.208317174461e-01 -2.391191047489e-01
 -6.141605109140e-02 -4.237038181175e-01 -2.208317174461e-01 -2.391191047489e-01  -6.056984238486e-02 -4.222678417605e-01 -2.212578914627e-01 -2.384344890438e-01
 -6.056984238486e-02 -4.222678417605e-01 -2.212578914627e-01 -2.384344890438e-01  -5.991159408650e-02 -4.211448673343e-01 -2.215917697047e-01 -2.379045041079e-01
 -5.991159408650e-02 -4.211448673343e-01 -2.215917697047e-01 -2.379045041079e-01  -5.556983426417e-02 -4.135990781568e-01 -2.238467201027e-01 -2.344653493911e-01
 -5.556983426417e-02 -4.135990781568e-01 -2.238467201027e-01 -2.344653493911e-01  -5.127930518994e-02 -4.058818321336e-01 -2.261672582465e-01 -2.311650131896e-01
 -5.127930518994e-02 -4.058818321336e-01 -2.261672582465e-01 -2.311650131896e-01  -5.091960538599e-02 -4.052219746887e-01 -2.263660554397e-01 -2.308928751687e-01
 -5.091960538599e-02 -4.052219746887e-01 -2.263660554397e-01 -2.308928751687e-01  -5.047341478765e-02 -4.044005368869e-01 -2.266135791709e-01 -2.305562949238e-01
 -5.047341478765e-02 -4.044005368869e-01 -2.266135791709e-01 -2.305562949238e-01  -4.650095559292e-02 -3.969377711712e-01 -2.288628085274e-01 -2.276093002429e-01
 -4.650095559292e-02 -3.969377711712e-01 -2.288628085274e-01 -2.276093002429e-01  -4.364685977370e-02 -3.913970063507e-01 -2.305298839676e-01 -2.255490279163e-01
 -4.364685977370e-02 -3.913970063507e-01 -2.305298839676e-01 -2.255490279163e-01  -4.239299738008e-02 -3.889113358821e-01 -2.312758861446e-01 -2.246596816304e-01
 -4.239299738008e-02 -3.889113358821e-01 -2.312758861446e-01 -2.246596816304e-01  -4.082230853358e-02 -3.857504257120e-01 -2.322221617369e-01 -2.235596893128e-01
 -4.082230853358e-02 -3.857504257120e-01 -2.322221617369e-01 -2.235596893128e-01  -3.689370845481e-02 -3.775965626344e-01 -2.346463199978e-01 -2.208801940450e-01
 -3.689370845481e-02 -3.775965626344e-01 -2.346463199978e-01 -2.208801940450e-01  -3.244280205723e-02 -3.678773704335e-01 -2.374909753652e-01 -2.179780450852e-01
 -3.244280205723e-02 -3.678773704335e-01 -2.374909753652e-01 -2.179780450852e-01  -3.090897874890e-02 -3.643942054665e-01 -2.384949987182e-01 -2.170135443550e-01
 -3.090897874890e-02 -3.643942054665e-01 -2.384949987182e-01 -2.170135443550e-01  -2.650580431544e-02 -3.539564325692e-01 -2.414424406409e-01 -2.143557002138e-01
 -2.650580431544e-02 -3.539564325692e-01 -2.414424406409e-01 -2.143557002138e-01  -2.559865531846e-02 -3.517167597726e-01 -2.420612627232e-01 -2.138298895746e-01
 -2.559865531846e-02 -3.517167597726e-01 -2.420612627232e-01 -2.138298895746e-01  -2.527008459692e-02 -3.508973522302e-01 -2.422863422064e-01 -2.136413720910e-01
 -2.527008459692e-02 -3.508973522302e-01 -2.422863422064e-01 -2.136413720910e-01  -2.138860969956e-02 -3.408582496146e-01 -2.449813526939e-01 -2.114961633435e-01
 -2.138860969956e-02 -3.408582496146e-01 -2.449813526939e-01 -2.114961633435e-01  -1.905531036547e-02 -3.344649229481e-01 -2.466310807562e-01 -2.102840759629e-01
 -1.905531036547e-02 -3.344649229481e-01 -2.466310807562e-01 -2.102840759629e-01  -1.770789502377e-02 -3.306315130390e-01 -2.475927308167e-01 -2.096127523889e-01
 -1.770789502377e-02 -3.306315130390e-01 -2.475927308167e-01 -2.096127523889e-01  -1.572172131363e-02 -3.247680530033e-01 -2.490207526252e-01 -2.086637749339e-01
 -1.572172131363e-02 -3.247680530033e-01 -2.490207526252e-01 -2.086637749339e-01  -1.442651602984e-02 -3.207926294355e-01 -2.499577649081e-01 -2.080723607965e-01
 -1.442651602984e-02 -3.207926294355e-01 -2.499577649081e-01 -2.080723607965e-01  -1.362712637984e-02 -3.182730213646e-01 -2.505379738872e-01 -2.077186611763e-01
 -1.362712637984e-02 -3.182730213646e-01 -2.505379738872e-01 -2.077186611763e-01  -9.472587367238e-03 -3.042127343865e-01 -2.535672316779e-01 -2.060304844332e-01
 -9.472587367238e-03 -3.042127343865e-01 -2.535672316779e-01 -2.060304844332e-01  -8.993025527557e-03 -3.024670074453e-01 -2.539172762437e-01 -2.058529748670e-01
 -8.993025527557e-03 -3.024670074453e-01 -2.539172762437e-01 -2.058529748670e-01  -8.841550635542e-03 -3.019094587031e-01 -2.540278039343e-01 -2.057977027608e-01
 -8.841550635542e-03 -3.019094587031e-01 -2.540278039343e-01 -2.057977027608e-01  -5.135351212955e-03 -2.871769484974e-01 -2.567167441913e-01 -2.045722224771e-01
 -5.135351212955e-03 -2.871769484974e-01 -2.567167441913e-01 -2.045722224771e-01  -4.257434003368e-03 -2.833110058742e-01 -2.573453194038e-01 -2.043204617940e-01
 -4.257434003368e-03 -2.833110058742e-01 -2.573453194038e-01 -2.043204617940e-01  -1.936532099495e-03 -2.721128624593e-01 -2.589751427582e-01 -2.037353628173e-01
 -1.936532099495e-03 -2.721128624593e-01 -2.589751427582e-01 -2.037353628173e-01  -1.480807546360e-03 -2.697060534349e-01 -2.592873522727e-01 -2.036352834024e-01
 -1.480807546360e-03 -2.697060534349e-01 -2.592873522727e-01 -2.036352834024e-01   6.722133152303e-04 -2.570021292641e-01 -2.607039468531e-01 -2.032367389705e-01
  6.722133152303e-04 -2.570021292641e-01 -2.607039468531e-01 -2.032367389705e-01   6.875236691095e-04 -2.569018355533e-01 -2.607135552795e-01 -2.032343783748e-01
  6.875236691095e-04 -2.569018355533e-01 -2.607135552795e-01 -2.032343783748e-01   2.670976766974e-03 -2.419889767674e-01 -2.618599002012e-01 -2.029940123179e-01
  2.670976766974e-03 -2.419889767674e-01 -2.618599002012e-01 -2.029940123179e-01   3.245645973461e-03 -2.365937927014e-01 -2.621341527665e-01 -2.029515601509e-01
  3.245645973461e-03 -2.365937927014e-01 -2.621341527665e-01 -2.029515601509e-01   4.065258444868e-03 -2.272144178837e-01 -2.624297051514e-01 -2.029161698133e-01
  4.065258444868e-03 -2.272144178837e-01 -2.624297051514e-01 -2.029161698133e-01   4.636996900736e-03 -2.182570649610e-01 -2.624946129257e-01 -2.029107944050e-01
  4.636996900736e-03 -2.182570649610e-01 -2.624946129257e-01 -2.029107944050e-01   4.900038492337e-03 -2.124117473307e-01 -2.624214396497e-01 -2.029130244960e-01
  4.900038492337e-03 -2.124117473307e-01 -2.624214396497e-01 -2.029130244960e-01   5.181696861422e-03 -1.984558160539e-01 -2.618754804335e-01 -2.029013950606e-01
  5.181696861422e-03 -1.984558160539e-01 -2.618754804335e-01 -2.029013950606e-01   5.183402614422e-03 -1.973107875410e-01 -2.618074144879e-01 -2.028977670957e-01
  5.183402614422e-03 -1.973107875410e-01 -2.618074144879e-01 -2.028977670957e-01   5.182701562982e-03 -1.965167026732e-01 -2.617581357661e-01 -2.028949036660e-01
  5.182701562982e-03 -1.965167026732e-01 -2.617581357661e-01 -2.028949036660e-01   5.144688837712e-03 -1.916400307158e-01 -2.614183076230e-01 -2.028702407471e-01
  5.144688837712e-03 -1.916400307158e-01 -2.614183076230e-01 -2.028702407471e-01   4.943764112195e-03 -1.832101099526e-01 -2.606803411102e-01 -2.027918343012e-01
  4.943764112195e-03 -1.832101099526e-01 -2.606803411102e-01 -2.027918343012e-01   4.902730534357e-03 -1.820464054288e-01 -2.605635366759e-01 -2.027767299689e-01
  4.902730534357e-03 -1.820464054288e-01 -2.605635366759e-01 -2.027767299689e-01   4.225460372023e-03 -1.689853516119e-01 -2.590061322578e-01 -2.025172532814e-01
  4.225460372023e-03 -1.689853516119e-01 -2.590061322578e-01 -2.025172532814e-01   4.070685938883e-03 -1.667551180788e-01 -2.586953362735e-01 -2.024539532000e-01
  4.070685938883e-03 -1.667551180788e-01 -2.586953362735e-01 -2.024539532000e-01   3.284511148070e-03 -1.572282664592e-01 -2.572227081778e-01 -2.021089741767e-01
  3.284511148070e-03 -1.572282664592e-01 -2.572227081778e-01 -2.021089741767e-01   2.678760122736e-03 -1.511446744266e-01 -2.561611960374e-01 -2.018181089619e-01
  2.678760122736e-03 -1.511446744266e-01 -2.561611960374e-01 -2.018181089619e-01   2.404453247245e-03 -1.486223148702e-01 -2.556938694196e-01 -2.016796962535e-01
  2.404453247245e-03 -1.486223148702e-01 -2.556938694196e-01 -2.016796962535e-01   6.805312643637e-04 -1.348898264141e-01 -2.528771258938e-01 -2.007220927631e-01
  6.805312643637e-04 -1.348898264141e-01 -2.528771258938e-01 -2.007220927631e-01   9.525729238432e-05 -1.308071192540e-01 -2.519533781375e-01 -2.003648759388e-01
  9.525729238432e-05 -1.308071192540e-01 -2.519533781375e-01 -2.003648759388e-01  -9.048747432216e-04 -1.242924084377e-01 -2.504005580659e-01 -1.997193880695e-01
 -9.048747432216e-04 -1.242924084377e-01 -2.504005580659e-01 -1.997193880695e-01  -1.516882790182e-03 -1.205401840075e-01 -2.494633659303e-01 -1.993033839173e-01
 -1.516882790182e-03 -1.205401840075e-01 -2.494633659303e-01 -1.993033839173e-01  -1.932216641203e-03 -1.180791129933e-01 -2.488320882715e-01 -1.990122489166e-01
 -1.932216641203e-03 -1.180791129933e-01 -2.488320882715e-01 -1.990122489166e-01  -3.379495864515e-03 -1.099533042815e-01 -2.466573802785e-01 -1.979437312506e-01
 -3.379495864515e-03 -1.099533042815e-01 -2.466573802785e-01 -1.979437312506e-01  -5.142836678936e-03 -1.008017730148e-01 -2.440497047665e-01 -1.965324611502e-01
 -5.142836678936e-03 -1.008017730148e-01 -2.440497047665e-01 -1.965324611502e-01  -5.596113337102e-03 -9.855597737952e-02 -2.433854219587e-01 -1.961508437880e-01
 -5.596113337102e-03 -9.855597737952e-02 -2.433854219587e-01 -1.961508437880e-01  -6.738188635491e-03 -9.305894602873e-02 -2.417209026116e-01 -1.951558462314e-01
 -6.738188635491e-03 -9.305894602873e-02 -2.417209026116e-01 -1.951558462314e-01  -8.358580497159e-03 -8.559972505692e-02 -2.393788467638e-01 -1.936631081701e-01
 -8.358580497159e-03 -8.559972505692e-02 -2.393788467638e-01 -1.936631081701e-01  -9.022906281667e-03 -8.264000290173e-02 -2.384243696334e-01 -1.930239629495e-01
 -9.022906281667e-03 -8.264000290173e-02 -2.384243696334e-01 -1.930239629495e-01  -1.143008698465e-02 -7.230776653463e-02 -2.349886942635e-01 -1.905768744668e-01
 -1.143008698465e-02 -7.230776653463e-02 -2.349886942635e-01 -1.905768744668e-01  -1.368985918709e-02 -6.306015679209e-02 -2.317895496593e-01 -1.880927944537e-01
 -1.368985918709e-02 -6.306015679209e-02 -2.317895496593e-01 -1.880927944537e-01  -1.433472700420e-02 -6.048594844501e-02 -2.308802573336e-01 -1.873505466585e-01
 -1.433472700420e-02 -6.048594844501e-02 -2.308802573336e-01 -1.873505466585e-01  -1.478343200496e-02 -5.870964975228e-02 -2.302483878404e-01 -1.868252884068e-01
 -1.478343200496e-02 -5.870964975228e-02 -2.302483878404e-01 -1.868252884068e-01  -1.644569366760e-02 -5.222446356344e-02 -2.279125925149e-01 -1.848159652528e-01
 -1.644569366760e-02 -5.222446356344e-02 -2.279125925149e-01 -1.848159652528e-01  -1.837674129856e-02 -4.485086228145e-02 -2.252068791608e-01 -1.823543558246e-01
 -1.837674129856e-02 -4.485086228145e-02 -2.252068791608e-01 -1.823543558246e-01  -1.867326777634e-02 -4.373151583430e-02 -2.247919529645e-01 -1.819640284221e-01
 -1.867326777634e-02 -4.373151583430e-02 -2.247919529645e-01 -1.819640284221e-01  -1.915202674610e-02 -4.193070115560e-02 -2.241222750623e-01 -1.813268030701e-01
 -1.915202674610e-02 -4.193070115560e-02 -2.241222750623e-01 -1.813268030701e-01  -2.096643220578e-02 -3.516991042276e-02 -2.215863446600e-01 -1.788320338527e-01
 -2.096643220578e-02 -3.516991042276e-02 -2.215863446600e-01 -1.788320338527e-01  -2.215351361881e-02 -3.079278083734e-02 -2.199282508813e-01 -1.771301641734e-01
 -2.215351361881e-02 -3.079278083734e-02 -2.199282508813e-01 -1.771301641734e-01  -2.334392820281e-02 -2.643222555830e-02 -2.182656247404e-01 -1.753667186870e-01
 -2.334392820281e-02 -2.643222555830e-02 -2.182656247404e-01 -1.753667186870e-01  -2.537934504306e-02 -1.902631188194e-02 -2.154216650971e-01 -1.722159321614e-01
 -2.537934504306e-02 -1.902631188194e-02 -2.154216650971e-01 -1.722159321614e-01  -2.580219416179e-02 -1.749359933515e-02 -2.148304999309e-01 -1.715393791558e-01
 -2.580219416179e-02 -1.749359933515e-02 -2.148304999309e-01 -1.715393791558e-01  -2.604568781336e-02 -1.661165894682e-02 -2.144899953910e-01 -1.711462815781e-01
 -2.604568781336e-02 -1.661165894682e-02 -2.144899953910e-01 -1.711462815781e-01  -2.829590214409e-02 -8.477421654326e-03 -2.113404886715e-01 -1.673903578270e-01
 -2.829590214409e-02 -8.477421654326e-03 -2.113404886715e-01 -1.673903578270e-01  -2.991110750355e-02 -2.644731142535e-03 -2.090758651443e-01 -1.645532799861e-01
 -2.991110750355e-02 -2.644731142535e-03 -2.090758651443e-01 -1.645532799861e-01  -3.079252864694e-02  5.403354508353e-04 -2.078385562108e-01 -1.629538216189e-01
 -3.079252864694e-02  5.403354508353e-04 -2.078385562108e-01 -1.629538216189e-01  -3.251172158323e-02  6.764192153774e-03 -2.054221232694e-01 -1.597271992021e-01
 -3.251172158323e-02  6.764192153774e-03 -2.054221232694e-01 -1.597271992021e-01  -3.328019347446e-02  9.553242739833e-03 -2.043407763177e-01 -1.582383529290e-01
 -3.328019347446e-02  9.553242739833e-03 -2.043407763177e-01 -1.582383529290e-01  -3.362897652729e-02  1.082086736842e-02 -2.038497683777e-01 -1.575529856974e-01
 -3.362897652729e-02  1.082086736842e-02 -2.038497683777e-01 -1.575529856974e-01  -3.574956344925e-02  1.855624934965e-02 -2.008621690639e-01 -1.532547319304e-01
 -3.574956344925e-02  1.855624934965e-02 -2.008621690639e-01 -1.532547319304e-01  -3.715214435531e-02  2.370347574175e-02 -1.988850605684e-01 -1.502863069726e-01
 -3.715214435531e-02  2.370347574175e-02 -1.988850605684e-01 -1.502863069726e-01  -3.819428612940e-02  2.754591751063e-02 -1.974163764455e-01 -1.480153526134e-01
 -3.819428612940e-02  2.754591751063e-02 -1.974163764455e-01 -1.480153526134e-01  -4.054212572724e-02  3.626244400958e-02 -1.941126404639e-01 -1.426946542972e-01
 -4.054212572724e-02  3.626244400958e-02 -1.941126404639e-01 -1.426946542972e-01  -4.061131644451e-02  3.652059931309e-02 -1.940154597205e-01 -1.425335796310e-01
 -4.061131644451e-02  3.652059931309e-02 -1.940154597205e-01 -1.425335796310e-01  -4.079214024518e-02  3.719560993080e-02 -1.937615521863e-01 -1.421114787843e-01
 -4.079214024518e-02  3.719560993080e-02 -1.937615521863e-01 -1.421114787843e-01  -4.253392591158e-02  4.372268031673e-02 -1.913217666982e-01 -1.379615149994e-01
 -4.253392591158e-02  4.372268031673e-02 -1.913217666982e-01 -1.379615149994e-01  -4.300102230854e-02  4.548049386210e-02 -1.906697666412e-01 -1.368230966756e-01
 -4.300102230854e-02  4.548049386210e-02 -1.906697666412e-01 -1.368230966756e-01  -4.442191884084e-02  5.084542528450e-02 -1.886942391286e-01 -1.332957434837e-01
 -4.442191884084e-02  5.084542528450e-02 -1.886942391286e-01 -1.332957434837e-01  -4.536718215713e-02  5.442764594478e-02 -1.873879422960e-01 -1.308973016750e-01
 -4.536718215713e-02  5.442764594478e-02 -1.873879422960e-01 -1.308973016750e-01  -4.631587398505e-02  5.803158929707e-02 -1.860846915709e-01 -1.284505144094e-01
 -4.631587398505e-02  5.803158929707e-02 -1.860846915709e-01 -1.284505144094e-01  -4.771699391125e-02  6.336595088117e-02 -1.841769864173e-01 -1.247687315217e-01
 -4.771699391125e-02  6.336595088117e-02 -1.841769864173e-01 -1.247687315217e-01  -4.821874431495e-02  6.527837438452e-02 -1.834995093586e-01 -1.234318010481e-01
 -4.821874431495e-02  6.527837438452e-02 -1.834995093586e-01 -1.234318010481e-01  -5.006098150038e-02  7.230110393707e-02 -1.810424187203e-01 -1.184486397414e-01
 -5.006098150038e-02  7.230110393707e-02 -1.810424187203e-01 -1.184486397414e-01  -5.013516772849e-02  7.258373199803e-02 -1.809445746473e-01 -1.182457340847e-01
 -5.013516772849e-02  7.258373199803e-02 -1.809445746473e-01 -1.182457340847e-01  -5.047616803055e-02  7.388246530979e-02 -1.804960237571e-01 -1.173110560395e-01
 -5.047616803055e-02  7.388246530979e-02 -1.804960237571e-01 -1.173110560395e-01  -5.205952008999e-02  7.990041346898e-02 -1.784408390841e-01 -1.129322035982e-01
 -5.205952008999e-02  7.990041346898e-02 -1.784408390841e-01 -1.129322035982e-01  -5.241319584324e-02  8.124070908946e-02 -1.779884497713e-01 -1.119465479616e-01
 -5.241319584324e-02  8.124070908946e-02 -1.779884497713e-01 -1.119465479616e-01  -5.401048446490e-02  8.726741900162e-02 -1.759790794009e-01 -1.074696774746e-01
 -5.401048446490e-02  8.726741900162e-02 -1.759790794009e-01 -1.074696774746e-01  -5.479151659310e-02  9.019444232279e-02 -1.750181831543e-01 -1.052698539515e-01
 -5.479151659310e-02  9.019444232279e-02 -1.750181831543e-01 -1.052698539515e-01  -5.600127464061e-02  9.469512355384e-02 -1.735603881136e-01 -1.018563420861e-01
 -5.600127464061e-02  9.469512355384e-02 -1.735603881136e-01 -1.018563420861e-01  -5.721837075764e-02  9.917444052671e-02 -1.721338114680e-01 -9.842338582146e-02
 -5.721837075764e-02  9.917444052671e-02 -1.721338114680e-01 -9.842338582146e-02  -5.804518834838e-02  1.021847863243e-01 -1.711890180526e-01 -9.609720154086e-02
 -5.804518834838e-02  1.021847863243e-01 -1.711890180526e-01 -9.609720154086e-02  -5.972212717673e-02  1.081960561496e-01 -1.693367884298e-01 -9.140879901339e-02
 -5.972212717673e-02  1.081960561496e-01 -1.693367884298e-01 -9.140879901339e-02  -6.015896626102e-02  1.097389962486e-01 -1.688689064879e-01 -9.019651939532e-02
 -6.015896626102e-02  1.097389962486e-01 -1.688689064879e-01 -9.019651939532e-02  -6.233940094200e-02  1.172791042881e-01 -1.666279655918e-01 -8.422366536670e-02
 -6.233940094200e-02  1.172791042881e-01 -1.666279655918e-01 -8.422366536670e-02  -6.236383837171e-02  1.173619984479e-01 -1.666037557445e-01 -8.415757122634e-02
 -6.236383837171e-02  1.173619984479e-01 -1.666037557445e-01 -8.415757122634e-02  -6.249203206176e-02  1.177961369572e-01 -1.664771193158e-01 -8.381128107559e-02
 -6.249203206176e-02  1.177961369572e-01 -1.664771193158e-01 -8.381128107559e-02  -6.454097518028e-02  1.245865396685e-01 -1.645304992820e-01 -7.836434705163e-02
 -6.454097518028e-02  1.245865396685e-01 -1.645304992820e-01 -7.836434705163e-02  -6.949912713623e-02  1.397285690837e-01 -1.604312435743e-01 -6.603931898662e-02
 -6.949912713623e-02  1.397285690837e-01 -1.604312435743e-01 -6.603931898662e-02  -7.185447261070e-02  1.462196631787e-01 -1.587828406122e-01 -6.069696087516e-02
 -7.185447261070e-02  1.462196631787e-01 -1.587828406122e-01 -6.069696087516e-02  -7.618422004801e-02  1.569094063265e-01 -1.562241464755e-01 -5.185326051794e-02
 -7.618422004801e-02  1.569094063265e-01 -1.562241464755e-01 -5.185326051794e-02  -1.488565777140e-01  1.677946078890e-01 -1.521690290720e-01 -5.286477985767e-02
 -1.488565777140e-01  1.677946078890e-01 -1.521690290720e-01 -5.286477985767e-02  -1.568167258866e-01  1.586608257878e-01 -1.524287849551e-01 -6.234637865678e-02
 -1.568167258866e-01  1.586608257878e-01 -1.524287849551e-01 -6.234637865678e-02  -1.608229729226e-01  1.537876639903e-01 -1.524778789077e-01 -6.732761066000e-02
 -1.608229729226e-01  1.537876639903e-01 -1.524778789077e-01 -6.732761066000e-02  -1.699833890857e-01  1.421817665444e-01 -1.523571654024e-01 -7.899302671158e-02
 -1.699833890857e-01  1.421817665444e-01 -1.523571654024e-01 -7.899302671158e-02  -1.744193437694e-01  1.364173168413e-01 -1.521757242418e-01 -8.468379740476e-02
 -1.744193437694e-01  1.364173168413e-01 -1.521757242418e-01 -8.468379740476e-02  -1.746442225328e-01  1.361236722121e-01 -1.521643459427e-01 -8.497180272320e-02
 -1.746442225328e-01  1.361236722121e-01 -1.521643459427e-01 -8.497180272320e-02  -1.758172442591e-01  1.345903835967e-01 -1.521015785528e-01 -8.647261389202e-02
 -1.758172442591e-01  1.345903835967e-01 -1.521015785528e-01 -8.647261389202e-02  -1.795048046661e-01  1.297589527108e-01 -1.518670195657e-01 -9.116769685412e-02
 -1.795048046661e-01  1.297589527108e-01 -1.518670195657e-01 -9.116769685412e-02  -1.802829901445e-01  1.287383638550e-01 -1.518103362332e-01 -9.215270258134e-02
 -1.802829901445e-01  1.287383638550e-01 -1.518103362332e-01 -9.215270258134e-02  -1.844089462236e-01  1.233308516273e-01 -1.514685185848e-01 -9.733041222683e-02
 -1.844089462236e-01  1.233308516273e-01 -1.514685185848e-01 -9.733041222683e-02  -1.862647291308e-01  1.209043382862e-01 -1.512924597949e-01 -9.963035673242e-02
 -1.862647291308e-01  1.209043382862e-01 -1.512924597949e-01 -9.963035673242e-02  -1.892980519628e-01  1.169515245383e-01 -1.509756050726e-01 -1.033441633513e-01
 -1.892980519628e-01  1.169515245383e-01 -1.509756050726e-01 -1.033441633513e-01  -1.922997346625e-01  1.130614241030e-01 -1.506274629036e-01 -1.069573260512e-01
 -1.922997346625e-01  1.130614241030e-01 -1.506274629036e-01 -1.069573260512e-01  -1.941895531160e-01  1.106254279291e-01 -1.503911516695e-01 -1.091977424620e-01
 -1.941895531160e-01  1.106254279291e-01 -1.503911516695e-01 -1.091977424620e-01  -1.984292754175e-01  1.052027347812e-01 -1.498146997096e-01 -1.141201032984e-01
 -1.984292754175e-01  1.052027347812e-01 -1.498146997096e-01 -1.141201032984e-01  -1.990949026147e-01  1.043570757551e-01 -1.497185598633e-01 -1.148793025429e-01
 -1.990949026147e-01  1.043570757551e-01 -1.497185598633e-01 -1.148793025429e-01  -2.016134442561e-01  1.011719986111e-01 -1.493414343355e-01 -1.177173537616e-01
 -2.016134442561e-01  1.011719986111e-01 -1.493414343355e-01 -1.177173537616e-01  -2.040419951090e-01  9.812307887476e-02 -1.489583196891e-01 -1.204013350185e-01
 -2.040419951090e-01  9.812307887476e-02 -1.489583196891e-01 -1.204013350185e-01  -2.046817930805e-01  9.732352424296e-02 -1.488542965267e-01 -1.210997101319e-01
 -2.046817930805e-01  9.732352424296e-02 -1.488542965267e-01 -1.210997101319e-01  -2.090355292499e-01  9.192298546718e-02 -1.481134419142e-01 -1.257547202243e-01
 -2.090355292499e-01  9.192298546718e-02 -1.481134419142e-01 -1.257547202243e-01  -2.110710595849e-01  8.942149435906e-02 -1.477479995210e-01 -1.278728404089e-01
 -2.110710595849e-01  8.942149435906e-02 -1.477479995210e-01 -1.278728404089e-01  -2.140477728064e-01  8.578865137418e-02 -1.471926582578e-01 -1.309040352486e-01
 -2.140477728064e-01  8.578865137418e-02 -1.471926582578e-01 -1.309040352486e-01  -2.175935120957e-01  8.149723966153e-02 -1.464999018246e-01 -1.344136447438e-01
 -2.175935120957e-01  8.149723966153e-02 -1.464999018246e-01 -1.344136447438e-01  -2.190675594293e-01  7.972347514983e-02 -1.462022119660e-01 -1.358410725601e-01
 -2.190675594293e-01  7.972347514983e-02 -1.462022119660e-01 -1.358410725601e-01  -2.236366749062e-01  7.425720845561e-02 -1.452443588864e-01 -1.401519822272e-01
 -2.236366749062e-01  7.425720845561e-02 -1.452443588864e-01 -1.401519822272e-01  -2.242264965536e-01  7.355454044422e-02 -1.451169058812e-01 -1.406963122552e-01
 -2.242264965536e-01  7.355454044422e-02 -1.451169058812e-01 -1.406963122552e-01  -2.245224991771e-01  7.320212054557e-02 -1.450526193632e-01 -1.409684647385e-01
 -2.245224991771e-01  7.320212054557e-02 -1.450526193632e-01 -1.409684647385e-01  -2.309287398267e-01  6.560028397476e-02 -1.436086735235e-01 -1.466982037931e-01
 -2.309287398267e-01  6.560028397476e-02 -1.436086735235e-01 -1.466982037931e-01  -2.347567032733e-01  6.106743932930e-02 -1.426979879055e-01 -1.499850271425e-01
 -2.347567032733e-01  6.106743932930e-02 -1.426979879055e-01 -1.499850271425e-01  -2.376444792561e-01  5.764377539513e-02 -1.419870541898e-01 -1.524027968744e-01
 -2.376444792561e-01  5.764377539513e-02 -1.419870541898e-01 -1.524027968744e-01  -2.427874591509e-01  5.151961738239e-02 -1.406687340252e-01 -1.565889022872e-01
 -2.427874591509e-01  5.151961738239e-02 -1.406687340252e-01 -1.565889022872e-01  -2.443107048691e-01  4.969552921012e-02 -1.402650899787e-01 -1.578015797333e-01
 -2.443107048691e-01  4.969552921012e-02 -1.402650899787e-01 -1.578015797333e-01  -2.452535097924e-01  4.856350303349e-02 -1.400121596636e-01 -1.585463471248e-01
 -2.452535097924e-01  4.856350303349e-02 -1.400121596636e-01 -1.585463471248e-01  -2.508654107683e-01  4.176589237396e-02 -1.384559348484e-01 -1.628942229127e-01
 -2.508654107683e-01  4.176589237396e-02 -1.384559348484e-01 -1.628942229127e-01  -2.558543717848e-01  3.561367765784e-02 -1.369957596226e-01 -1.666494976528e-01
 -2.558543717848e-01  3.561367765784e-02 -1.369957596226e-01 -1.666494976528e-01  -2.572549382867e-01  3.386381893453e-02 -1.365720884666e-01 -1.676872051313e-01
 -2.572549382867e-01  3.386381893453e-02 -1.365720884666e-01 -1.676872051313e-01  -2.594006164461e-01  3.116111673186e-02 -1.359108250991e-01 -1.692640529628e-01
 -2.594006164461e-01  3.116111673186e-02 -1.359108250991e-01 -1.692640529628e-01  -2.634850922343e-01  2.593521677938e-02 -1.346096230621e-01 -1.722254984046e-01
 -2.634850922343e-01  2.593521677938e-02 -1.346096230621e-01 -1.722254984046e-01  -2.661373999172e-01  2.247831242579e-02 -1.337334718494e-01 -1.741225245659e-01
 -2.661373999172e-01  2.247831242579e-02 -1.337334718494e-01 -1.741225245659e-01  -2.693956699764e-01  1.815534724318e-02 -1.326217552456e-01 -1.764271829605e-01
 -2.693956699764e-01  1.815534724318e-02 -1.326217552456e-01 -1.764271829605e-01  -2.740041224428e-01  1.188126006442e-02 -1.309790742734e-01 -1.796419061441e-01
 -2.740041224428e-01  1.188126006442e-02 -1.309790742734e-01 -1.796419061441e-01  -2.749578378536e-01  1.055745099408e-02 -1.306283905081e-01 -1.803009409380e-01
 -2.749578378536e-01  1.055745099408e-02 -1.306283905081e-01 -1.803009409380e-01  -2.755652113897e-01  9.709585593078e-03 -1.304030820811e-01 -1.807195616922e-01
 -2.755652113897e-01  9.709585593078e-03 -1.304030820811e-01 -1.807195616922e-01  -2.802558163465e-01  3.028878308184e-03 -1.286097928261e-01 -1.839245183684e-01
 -2.802558163465e-01  3.028878308184e-03 -1.286097928261e-01 -1.839245183684e-01  -2.840372092065e-01 -2.541880756275e-03 -1.270926155105e-01 -1.864725435632e-01
 -2.840372092065e-01 -2.541880756275e-03 -1.270926155105e-01 -1.864725435632e-01  -2.852032082798e-01 -4.295692455407e-03 -1.266113944019e-01 -1.872517512562e-01
 -2.852032082798e-01 -4.295692455407e-03 -1.266113944019e-01 -1.872517512562e-01  -2.869490928274e-01 -6.955259057415e-03 -1.258787368676e-01 -1.884126467954e-01
 -2.869490928274e-01 -6.955259057415e-03 -1.258787368676e-01 -1.884126467954e-01  -2.916494444942e-01 -1.432806689257e-02 -1.238320619258e-01 -1.915019340551e-01
 -2.916494444942e-01 -1.432806689257e-02 -1.238320619258e-01 -1.915019340551e-01  -2.982132109666e-01 -2.520053326005e-02 -1.207855229713e-01 -1.957188732747e-01
 -2.982132109666e-01 -2.520053326005e-02 -1.207855229713e-01 -1.957188732747e-01  -2.985081938773e-01 -2.570648684880e-02 -1.206432922346e-01 -1.959054396335e-01
 -2.985081938773e-01 -2.570648684880e-02 -1.206432922346e-01 -1.959054396335e-01  -2.990400456017e-01 -2.662272119178e-02 -1.203856774713e-01 -1.962411264537e-01
 -2.990400456017e-01 -2.662272119178e-02 -1.203856774713e-01 -1.962411264537e-01  -3.047099810855e-01 -3.672937665526e-02 -1.175444815018e-01 -1.997602637883e-01
 -3.047099810855e-01 -3.672937665526e-02 -1.175444815018e-01 -1.997602637883e-01  -3.078677748803e-01 -4.265040353562e-02 -1.158862288914e-01 -2.016673927476e-01
 -3.078677748803e-01 -4.265040353562e-02 -1.158862288914e-01 -2.016673927476e-01  -3.101541377774e-01 -4.708218973945e-02 -1.146515837355e-01 -2.030212307948e-01
 -3.101541377774e-01 -4.708218973945e-02 -1.146515837355e-01 -2.030212307948e-01  -3.129248185287e-01 -5.262965294811e-02 -1.131173423353e-01 -2.046281462506e-01
 -3.129248185287e-01 -5.262965294811e-02 -1.131173423353e-01 -2.046281462506e-01  -3.148133883700e-01 -5.653052802021e-02 -1.120479205708e-01 -2.057003448372e-01
 -3.148133883700e-01 -5.653052802021e-02 -1.120479205708e-01 -2.057003448372e-01  -3.162551677622e-01 -5.957838093990e-02 -1.112187908179e-01 -2.065052567706e-01
 -3.162551677622e-01 -5.957838093990e-02 -1.112187908179e-01 -2.065052567706e-01  -3.190607304582e-01 -6.569561427801e-02 -1.095745368022e-01 -2.080349569122e-01
 -3.190607304582e-01 -6.569561427801e-02 -1.095745368022e-01 -2.080349569122e-01  -3.220396828178e-01 -7.248644804888e-02 -1.077856460690e-01 -2.096011972717e-01
 -3.220396828178e-01 -7.248644804888e-02 -1.077856460690e-01 -2.096011972717e-01  -3.228960114188e-01 -7.450010942423e-02 -1.072635697575e-01 -2.100394120524e-01
 -3.228960114188e-01 -7.450010942423e-02 -1.072635697575e-01 -2.100394120524e-01  -3.236264641810e-01 -7.624095634878e-02 -1.068155775163e-01 -2.104087203155e-01
 -3.236264641810e-01 -7.624095634878e-02 -1.068155775163e-01 -2.104087203155e-01  -3.291414552674e-01 -9.015644247076e-02 -1.033603878910e-01 -2.130509875274e-01
 -3.291414552674e-01 -9.015644247076e-02 -1.033603878910e-01 -2.130509875274e-01  -3.299952367959e-01 -9.244817733501e-02 -1.028152309952e-01 -2.134348308638e-01
 -3.299952367959e-01 -9.244817733501e-02 -1.028152309952e-01 -2.134348308638e-01  -3.348314473873e-01 -1.062928346382e-01 -9.968874090806e-02 -2.154621442120e-01
 -3.348314473873e-01 -1.062928346382e-01 -9.968874090806e-02 -2.154621442120e-01  -3.354046240513e-01 -1.080452897885e-01 -9.931501085107e-02 -2.156844728785e-01
 -3.354046240513e-01 -1.080452897885e-01 -9.931501085107e-02 -2.156844728785e-01  -3.387363796131e-01 -1.188135931786e-01 -9.713811963682e-02 -2.168923731772e-01
 -3.387363796131e-01 -1.188135931786e-01 -9.713811963682e-02 -2.168923731772e-01  -3.400337026600e-01 -1.233185951293e-01 -9.629176400638e-02 -2.173208232121e-01
 -3.400337026600e-01 -1.233185951293e-01 -9.629176400638e-02 -2.173208232121e-01  -3.419281809683e-01 -1.302841803113e-01 -9.506260955754e-02 -2.179001847992e-01
 -3.419281809683e-01 -1.302841803113e-01 -9.506260955754e-02 -2.179001847992e-01  -3.439985334700e-01 -1.385377755340e-01 -9.373709132794e-02 -2.184651223264e-01
 -3.439985334700e-01 -1.385377755340e-01 -9.373709132794e-02 -2.184651223264e-01  -3.458877296809e-01 -1.468248216220e-01 -9.255608940245e-02 -2.189120311032e-01
 -3.458877296809e-01 -1.468248216220e-01 -9.255608940245e-02 -2.189120311032e-01  -3.472825177570e-01 -1.535538567124e-01 -9.171214579566e-02 -2.191955540352e-01
 -3.472825177570e-01 -1.535538567124e-01 -9.171214579566e-02 -2.191955540352e-01  -3.484186594783e-01 -1.595394928434e-01 -9.105077150271e-02 -2.193944995122e-01
 -3.484186594783e-01 -1.595394928434e-01 -9.105077150271e-02 -2.193944995122e-01  -3.498930381754e-01 -1.682269508775e-01 -9.024444658324e-02 -2.196054288345e-01
 -3.498930381754e-01 -1.682269508775e-01 -9.024444658324e-02 -2.196054288345e-01  -3.506068022947e-01 -1.729410616141e-01 -8.988455287104e-02 -2.196865058776e-01
 -3.506068022947e-01 -1.729410616141e-01 -8.988455287104e-02 -2.196865058776e-01  -3.519066576530e-01 -1.828218176238e-01 -8.931090535889e-02 -2.197946420812e-01
 -3.519066576530e-01 -1.828218176238e-01 -8.931090535889e-02 -2.197946420812e-01  -3.525889154605e-01 -1.890387917953e-01 -8.907706003103e-02 -2.198287990502e-01
 -3.525889154605e-01 -1.890387917953e-01 -8.907706003103e-02 -2.198287990502e-01  -3.533577403567e-01 -1.975975038087e-01 -8.891763324991e-02 -2.198465620512e-01
 -3.533577403567e-01 -1.975975038087e-01 -8.891763324991e-02 -2.198465620512e-01  -3.539410649190e-01 -2.063501432967e-01 -8.895066620397e-02 -2.198452077190e-01
 -3.539410649190e-01 -2.063501432967e-01 -8.895066620397e-02 -2.198452077190e-01  -3.542255843749e-01 -2.124104336644e-01 -8.909009915098e-02 -2.198418465008e-01
 -3.542255843749e-01 -2.124104336644e-01 -8.909009915098e-02 -2.198418465008e-01  -3.544895809616e-01 -2.229290733188e-01 -8.955838411181e-02 -2.198504881691e-01
 -3.544895809616e-01 -2.229290733188e-01 -8.955838411181e-02 -2.198504881691e-01  -3.545141777848e-01 -2.271161788207e-01 -8.982439336712e-02 -2.198645625154e-01
 -3.545141777848e-01 -2.271161788207e-01 -8.982439336712e-02 -2.198645625154e-01  -3.544478500063e-01 -2.344505129391e-01 -9.039880940956e-02 -2.199117948277e-01
 -3.544478500063e-01 -2.344505129391e-01 -9.039880940956e-02 -2.199117948277e-01  -3.542362432907e-01 -2.419774661360e-01 -9.113056673313e-02 -2.199991954165e-01
 -3.542362432907e-01 -2.419774661360e-01 -9.113056673313e-02 -2.199991954165e-01  -3.537859825305e-01 -2.511207474063e-01 -9.221030633686e-02 -2.201737209075e-01
 -3.537859825305e-01 -2.511207474063e-01 -9.221030633686e-02 -2.201737209075e-01  -3.533654087517e-01 -2.572702302670e-01 -9.305204255959e-02 -2.203420993390e-01
 -3.533654087517e-01 -2.572702302670e-01 -9.305204255959e-02 -2.203420993390e-01  -3.525426827426e-01 -2.666643924221e-01 -9.451273904112e-02 -2.206929678816e-01
 -3.525426827426e-01 -2.666643924221e-01 -9.451273904112e-02 -2.206929678816e-01  -3.518819478802e-01 -2.728640169661e-01 -9.558933963599e-02 -2.209947191510e-01
 -3.518819478802e-01 -2.728640169661e-01 -9.558933963599e-02 -2.209947191510e-01  -3.511886796706e-01 -2.785971534252e-01 -9.666215712154e-02 -2.213289582174e-01
 -3.511886796706e-01 -2.785971534252e-01 -9.666215712154e-02 -2.213289582174e-01  -3.497894486464e-01 -2.886202128653e-01 -9.870939174772e-02 -2.220532881207e-01
 -3.497894486464e-01 -2.886202128653e-01 -9.870939174772e-02 -2.220532881207e-01  -3.492637866967e-01 -2.920050872695e-01 -9.944828452614e-02 -2.223411636811e-01
 -3.492637866967e-01 -2.920050872695e-01 -9.944828452614e-02 -2.223411636811e-01  -3.470312385999e-01 -3.048394071955e-01 -1.024554456557e-01 -2.236491649099e-01
 -3.470312385999e-01 -3.048394071955e-01 -1.024554456557e-01 -2.236491649099e-01  -3.462328650517e-01 -3.089719673200e-01 -1.034894616501e-01 -2.241476877305e-01
 -3.462328650517e-01 -3.089719673200e-01 -1.034894616501e-01 -2.241476877305e-01  -3.434993768394e-01 -3.218611336494e-01 -1.069030889842e-01 -2.259635474989e-01
 -3.434993768394e-01 -3.218611336494e-01 -1.069030889842e-01 -2.259635474989e-01  -3.428967175526e-01 -3.244924379369e-01 -1.076328928209e-01 -2.263849870228e-01
 -3.428967175526e-01 -3.244924379369e-01 -1.076328928209e-01 -2.263849870228e-01  -3.421940271447e-01 -3.274815780572e-01 -1.084746215690e-01 -2.268853981696e-01
 -3.421940271447e-01 -3.274815780572e-01 -1.084746215690e-01 -2.268853981696e-01  -3.406578217860e-01 -3.337533357573e-01 -1.102825600271e-01 -2.280118725108e-01
 -3.406578217860e-01 -3.337533357573e-01 -1.102825600271e-01 -2.280118725108e-01  -3.391544110213e-01 -3.395886420054e-01 -1.120125446828e-01 -2.291554615956e-01
 -3.391544110213e-01 -3.395886420054e-01 -1.120125446828e-01 -2.291554615956e-01  -3.381430365236e-01 -3.433686609349e-01 -1.131561699910e-01 -2.299466492986e-01
 -3.381430365236e-01 -3.433686609349e-01 -1.131561699910e-01 -2.299466492986e-01  -3.368806519525e-01 -3.479420133369e-01 -1.145624077354e-01 -2.309579727405e-01
 -3.368806519525e-01 -3.479420133369e-01 -1.145624077354e-01 -2.309579727405e-01  -3.353525405134e-01 -3.532867680306e-01 -1.162351311694e-01 -2.322163656232e-01
 -3.353525405134e-01 -3.532867680306e-01 -1.162351311694e-01 -2.322163656232e-01  -3.339850198286e-01 -3.579126233715e-01 -1.177064682063e-01 -2.333733276226e-01
 -3.339850198286e-01 -3.579126233715e-01 -1.177064682063e-01 -2.333733276226e-01  -3.320960726838e-01 -3.640883961762e-01 -1.197019516579e-01 -2.350180205425e-01
 -3.320960726838e-01 -3.640883961762e-01 -1.197019516579e-01 -2.350180205425e-01  -3.292682449620e-01 -3.729380625164e-01 -1.226165050365e-01 -2.375789398040e-01
 -3.292682449620e-01 -3.729380625164e-01 -1.226165050365e-01 -2.375789398040e-01  -3.284282908184e-01 -3.754874004540e-01 -1.234668103495e-01 -2.383621602155e-01
 -3.284282908184e-01 -3.754874004540e-01 -1.234668103495e-01 -2.383621602155e-01  -3.278381020938e-01 -3.772591639075e-01 -1.240603266155e-01 -2.389186457950e-01
 -3.278381020938e-01 -3.772591639075e-01 -1.240603266155e-01 -2.389186457950e-01  -3.244620173545e-01 -3.871187300684e-01 -1.273975200579e-01 -2.422001651027e-01
 -3.244620173545e-01 -3.871187300684e-01 -1.273975200579e-01 -2.422001651027e-01  -3.204997428045e-01 -3.981970066774e-01 -1.312041331049e-01 -2.462695197845e-01
 -3.204997428045e-01 -3.981970066774e-01 -1.312041331049e-01 -2.462695197845e-01  -3.203202393634e-01 -3.986885256859e-01 -1.313741365838e-01 -2.464596294523e-01
 -3.203202393634e-01 -3.986885256859e-01 -1.313741365838e-01 -2.464596294523e-01  -3.202189704499e-01 -3.989654810986e-01 -1.314699660779e-01 -2.465671141273e-01
 -3.202189704499e-01 -3.989654810986e-01 -1.314699660779e-01 -2.465671141273e-01  -3.174588098700e-01 -4.064239832391e-01 -1.340593325581e-01 -2.495603963588e-01
 -3.174588098700e-01 -4.064239832391e-01 -1.340593325581e-01 -2.495603963588e-01  -3.157379971464e-01 -4.109974176783e-01 -1.356538695322e-01 -2.514909274600e-01
 -3.157379971464e-01 -4.109974176783e-01 -1.356538695322e-01 -2.514909274600e-01  -3.144690671748e-01 -4.143387829611e-01 -1.368212112366e-01 -2.529476101365e-01
 -3.144690671748e-01 -4.143387829611e-01 -1.368212112366e-01 -2.529476101365e-01  -3.119436489195e-01 -4.209250217114e-01 -1.391259591011e-01 -2.559342764667e-01
 -3.119436489195e-01 -4.209250217114e-01 -1.391259591011e-01 -2.559342764667e-01  -3.113762126493e-01 -4.223952641147e-01 -1.396408345872e-01 -2.566220199784e-01
 -3.113762126493e-01 -4.223952641147e-01 -1.396408345872e-01 -2.566220199784e-01  -3.110769335456e-01 -4.231695241628e-01 -1.399120057623e-01 -2.569873008033e-01
 -3.110769335456e-01 -4.231695241628e-01 -1.399120057623e-01 -2.569873008033e-01  -3.082331940846e-01 -4.304933747099e-01 -1.424765065098e-01 -2.605486186346e-01
 -3.082331940846e-01 -4.304933747099e-01 -1.424765065098e-01 -2.605486186346e-01  -3.063098815413e-01 -4.354241247330e-01 -1.442007682323e-01 -2.630546935880e-01
 -3.063098815413e-01 -4.354241247330e-01 -1.442007682323e-01 -2.630546935880e-01  -3.050130511942e-01 -4.387443411582e-01 -1.453598246366e-01 -2.647914373548e-01
 -3.050130511942e-01 -4.387443411582e-01 -1.453598246366e-01 -2.647914373548e-01  -2.892129285249e-01 -4.799219891367e-01 -1.593854747326e-01 -2.895369515188e-01
 -2.892129285249e-01 -4.799219891367e-01 -1.593854747326e-01 -2.895369515188e-01  -2.885906595590e-01 -4.815990509189e-01 -1.599351398993e-01 -2.906638379022e-01
 -2.885906595590e-01 -4.815990509189e-01 -1.599351398993e-01 -2.906638379022e-01  -2.862032105751e-01 -4.880841067993e-01 -1.620388368078e-01 -2.951011937724e-01
 -2.862032105751e-01 -4.880841067993e-01 -1.620388368078e-01 -2.951011937724e-01  -2.846808553840e-01 -4.922609643202e-01 -1.633742903843e-01 -2.980241899352e-01
 -2.846808553840e-01 -4.922609643202e-01 -1.633742903843e-01 -2.980241899352e-01  -2.832451975169e-01 -4.962284741502e-01 -1.646277392635e-01 -3.008459579028e-01
 -2.832451975169e-01 -4.962284741502e-01 -1.646277392635e-01 -3.008459579028e-01  -2.809162997619e-01 -5.027182492996e-01 -1.666445478278e-01 -3.055525562462e-01
 -1.823754033414e-01 -2.159978664313e-01  4.100123824119e-02 -1.401991808948e-01  -1.825445989353e-01 -2.159446440933e-01  4.247514143931e-02 -1.427714627775e-01
 -1.825445989353e-01 -2.159446440933e-01  4.247514143931e-02 -1.427714627775e-01  -1.831219296694e-01 -2.157373272735e-01  4.702508890076e-02 -1.514289598034e-01
 -1.831219296694e-01 -2.157373272735e-01  4.702508890076e-02 -1.514289598034e-01  -1.833844197207e-01 -2.156281996530e-01  4.887807229330e-02 -1.553356638398e-01
 -1.833844197207e-01 -2.156281996530e-01  4.887807229330e-02 -1.553356638398e-01  -1.837228696357e-01 -2.154715647737e-01  5.109441953161e-02 -1.603831087484e-01
 -1.837228696357e-01 -2.154715647737e-01  5.109441953161e-02 -1.603831087484e-01  -1.842248895771e-01 -2.152006253410e-01  5.406221404319e-02 -1.679766046061e-01
 -1.842248895771e-01 -2.152006253410e-01  5.406221404319e-02 -1.679766046061e-01  -1.846647949307e-01 -2.149167943719e-01  5.638187416583e-02 -1.748563921898e-01
 -1.846647949307e-01 -2.149167943719e-01  5.638187416583e-02 -1.748563921898e-01  -1.850275976125e-01 -2.146413069794e-01  5.811221001976e-02 -1.808068378424e-01
 -1.850275976125e-01 -2.146413069794e-01  5.811221001976e-02 -1.808068378424e-01  -1.853145929623e-01 -2.143897018546e-01  5.936630004821e-02 -1.857837029688e-01
 -1.853145929623e-01 -2.143897018546e-01  5.936630004821e-02 -1.857837029688e-01  -1.857280245459e-01 -2.139569502970e-01  6.098597413046e-02 -1.936009750105e-01
 -1.857280245459e-01 -2.139569502970e-01  6.098597413046e-02 -1.936009750105e-01  -1.859269090197e-01 -2.137083837666e-01  6.167667894260e-02 -1.977712433600e-01
 -1.859269090197e-01 -2.137083837666e-01  6.167667894260e-02 -1.977712433600e-01  -1.862741835751e-01 -2.131754154418e-01  6.270261972501e-02 -2.061508967701e-01
 -1.862741835751e-01 -2.131754154418e-01  6.270261972501e-02 -2.061508967701e-01  -1.865652620583e-01 -2.125473226165e-01  6.327374927978e-02 -2.153414571366e-01
 -1.865652620583e-01 -2.125473226165e-01  6.327374927978e-02 -2.153414571366e-01  -1.866442453202e-01 -2.123150887376e-01  6.333701078030e-02 -2.186111922682e-01
 -1.866442453202e-01 -2.123150887376e-01  6.333701078030e-02 -2.186111922682e-01  -1.867978475879e-01 -2.116070280321e-01  6.308985121428e-02 -2.283145143301e-01
 -1.867978475879e-01 -2.116070280321e-01  6.308985121428e-02 -2.283145143301e-01  -1.868191090033e-01 -2.113972882420e-01  6.289469000172e-02 -2.311403930222e-01
 -1.868191090033e-01 -2.113972882420e-01  6.289469000172e-02 -2.311403930222e-01  -1.868293506165e-01 -2.111939459430e-01  6.265295185785e-02 -2.338700132138e-01
 -1.868293506165e-01 -2.111939459430e-01  6.265295185785e-02 -2.338700132138e-01  -1.867828061579e-01 -2.104726869414e-01  6.136791289028e-02 -2.435574188181e-01
 -1.867828061579e-01 -2.104726869414e-01  6.136791289028e-02 -2.435574188181e-01  -1.867467365110e-01 -2.102742851807e-01  6.089124264212e-02 -2.462474999381e-01
 -1.867467365110e-01 -2.102742851807e-01  6.089124264212e-02 -2.462474999381e-01  -1.865404832392e-01 -2.095934358406e-01  5.879638417302e-02 -2.556883411341e-01
 -1.865404832392e-01 -2.095934358406e-01  5.879638417302e-02 -2.556883411341e-01  -1.862255217009e-01 -2.089720620473e-01  5.613390324646e-02 -2.647999333210e-01
 -1.862255217009e-01 -2.089720620473e-01  5.613390324646e-02 -2.647999333210e-01  -1.861022659313e-01 -2.087846163481e-01  5.515175304972e-02 -2.676951924179e-01
 -1.861022659313e-01 -2.087846163481e-01  5.515175304972e-02 -2.676951924179e-01  -1.856604994475e-01 -2.082500834064e-01  5.173561829427e-02 -2.765248173093e-01
 -1.856604994475e-01 -2.082500834064e-01  5.173561829427e-02 -2.765248173093e-01  -1.854768528194e-01 -2.080718315849e-01  5.033492006335e-02 -2.797277471701e-01
 -1.854768528194e-01 -2.080718315849e-01  5.033492006335e-02 -2.797277471701e-01  -1.852622552038e-01 -2.078872090295e-01  4.869843671627e-02 -2.832363005344e-01
 -1.852622552038e-01 -2.078872090295e-01  4.869843671627e-02 -2.832363005344e-01  -1.846988146986e-01 -2.074959281239e-01  4.435283626389e-02 -2.915952929214e-01
 -1.846988146986e-01 -2.074959281239e-01  4.435283626389e-02 -2.915952929214e-01  -1.843830749415e-01 -2.073229799637e-01  4.185901721817e-02 -2.958989251830e-01
 -1.843830749415e-01 -2.073229799637e-01  4.185901721817e-02 -2.958989251830e-01  -1.833315242719e-01 -2.069208485034e-01  3.304118844573e-02 -3.090840874225e-01
 -1.833315242719e-01 -2.069208485034e-01  3.304118844573e-02 -3.090840874225e-01  -1.828853276360e-01 -2.068140732829e-01  2.897066258762e-02 -3.143621732755e-01
 -1.828853276360e-01 -2.068140732829e-01  2.897066258762e-02 -3.143621732755e-01  -1.824602091320e-01 -2.067410370762e-01  2.484986108351e-02 -3.193049964318e-01
 -1.824602091320e-01 -2.067410370762e-01  2.484986108351e-02 -3.193049964318e-01  -1.819272413076e-01 -2.066842802283e-01  1.927492317255e-02 -3.254510693745e-01
 -1.819272413076e-01 -2.066842802283e-01  1.927492317255e-02 -3.254510693745e-01  -1.812555637028e-01 -2.066608628319e-01  1.143250203234e-02 -3.332214151277e-01
 -1.812555637028e-01 -2.066608628319e-01  1.143250203234e-02 -3.332214151277e-01  -1.810076026022e-01 -2.066642549053e-01  8.255233648555e-03 -3.361198954546e-01
 -1.810076026022e-01 -2.066642549053e-01  8.255233648555e-03 -3.361198954546e-01  -1.802371539165e-01 -2.067108134627e-01 -2.855681528138e-03 -3.453041388986e-01
 -1.802371539165e-01 -2.067108134627e-01 -2.855681528138e-03 -3.453041388986e-01  -1.801694008623e-01 -2.067172778280e-01 -3.937649798727e-03 -3.461274077276e-01
 -1.801694008623e-01 -2.067172778280e-01 -3.937649798727e-03 -3.461274077276e-01  -1.801199589986e-01 -2.067222172697e-01 -4.739348844246e-03 -3.467299390592e-01
 -1.801199589986e-01 -2.067222172697e-01 -4.739348844246e-03 -3.467299390592e-01  -1.797414481753e-01 -2.067659512974e-01 -1.124232539744e-02 -3.513931089740e-01
 -1.797414481753e-01 -2.067659512974e-01 -1.124232539744e-02 -3.513931089740e-01  -1.796839708390e-01 -2.067734621194e-01 -1.229052895672e-02 -3.521090782242e-01
 -1.796839708390e-01 -2.067734621194e-01 -1.229052895672e-02 -3.521090782242e-01  -1.794132367010e-01 -2.068116857071e-01 -1.746660091452e-02 -3.555086821378e-01
 -1.794132367010e-01 -2.068116857071e-01 -1.746660091452e-02 -3.555086821378e-01  -1.787300991030e-01 -2.069264444343e-01 -3.256128097852e-02 -3.642520767883e-01
 -1.787300991030e-01 -2.069264444343e-01 -3.256128097852e-02 -3.642520767883e-01  -1.781223885372e-01 -2.070455907065e-01 -4.904271270376e-02 -3.720781663491e-01
 -1.781223885372e-01 -2.070455907065e-01 -4.904271270376e-02 -3.720781663491e-01  -1.770974346892e-01 -2.072656303113e-01 -8.546016320610e-02 -3.841931450361e-01
 -1.770974346892e-01 -2.072656303113e-01 -8.546016320610e-02 -3.841931450361e-01  -1.766424045030e-01 -2.073640145037e-01 -1.056862287542e-01 -3.883061656047e-01
 -1.766424045030e-01 -2.073640145037e-01 -1.056862287542e-01 -3.883061656047e-01  -1.762168749951e-01 -2.074525307600e-01 -1.268321780173e-01 -3.908325698079e-01
 -1.762168749951e-01 -2.074525307600e-01 -1.268321780173e-01 -3.908325698079e-01  -1.754295913874e-01 -2.075980883233e-01 -1.699882277421e-01 -3.907111226249e-01
 -1.754295913874e-01 -2.075980883233e-01 -1.699882277421e-01 -3.907111226249e-01  -1.750409462616e-01 -2.076568298931e-01 -1.918220550141e-01 -3.879877135600e-01
 -1.750409462616e-01 -2.076568298931e-01 -1.918220550141e-01 -3.879877135600e-01  -1.746484532647e-01 -2.077044873647e-01 -2.130921944833e-01 -3.835479125573e-01
 -1.746484532647e-01 -2.077044873647e-01 -2.130921944833e-01 -3.835479125573e-01  -1.738239203305e-01 -2.077575703957e-01 -2.521301807804e-01 -3.703354125376e-01
 -1.738239203305e-01 -2.077575703957e-01 -2.521301807804e-01 -3.703354125376e-01  -1.733524948112e-01 -2.077544706811e-01 -2.700098608814e-01 -3.617469701587e-01
 -1.733524948112e-01 -2.077544706811e-01 -2.700098608814e-01 -3.617469701587e-01  -1.728139069032e-01 -2.077176856775e-01 -2.864629238185e-01 -3.521348027197e-01
 -1.728139069032e-01 -2.077176856775e-01 -2.864629238185e-01 -3.521348027197e-01  -1.713211428180e-01 -2.074192805730e-01 -3.147668388311e-01 -3.307348976188e-01
 -1.713211428180e-01 -2.074192805730e-01 -3.147668388311e-01 -3.307348976188e-01  -1.711905669338e-01 -2.073794270469e-01 -3.163597609823e-01 -3.293053417643e-01
 -1.711905669338e-01 -2.073794270469e-01 -3.163597609823e-01 -3.293053417643e-01  -1.699256973862e-01 -2.068853777815e-01 -3.272813684720e-01 -3.187136039241e-01
 -1.699256973862e-01 -2.068853777815e-01 -3.272813684720e-01 -3.187136039241e-01  -1.687222639758e-01 -2.062494564579e-01 -3.327341895993e-01 -3.128758030593e-01
 -1.687222639758e-01 -2.062494564579e-01 -3.327341895993e-01 -3.128758030593e-01  -1.653352680666e-01 -2.037845641206e-01 -3.375802212622e-01 -3.074347271221e-01
 -1.653352680666e-01 -2.037845641206e-01 -3.375802212622e-01 -3.074347271221e-01  -1.641824387781e-01 -2.027811202787e-01 -3.378501423871e-01 -3.071360032741e-01
 -1.641824387781e-01 -2.027811202787e-01 -3.378501423871e-01 -3.071360032741e-01  -1.599673205013e-01 -1.996602965554e-01 -3.422220070454e-01 -3.025347339764e-01
 -1.599673205013e-01 -1.996602965554e-01 -3.422220070454e-01 -3.025347339764e-01  -1.595926669908e-01 -1.995472883498e-01 -3.433340136700e-01 -3.013415041613e-01
 -1.595926669908e-01 -1.995472883498e-01 -3.433340136700e-01 -3.013415041613e-01  -1.593034533358e-01 -1.994708099190e-01 -3.442112539419e-01 -3.003898797859e-01
 -1.593034533358e-01 -1.994708099190e-01 -3.442112539419e-01 -3.003898797859e-01  -1.570894336975e-01 -1.990886170852e-01 -3.509095883951e-01 -2.927809583367e-01
 -1.570894336975e-01 -1.990886170852e-01 -3.509095883951e-01 -2.927809583367e-01  -1.554574902418e-01 -1.990072375667e-01 -3.556590894464e-01 -2.869527896682e-01
 -1.554574902418e-01 -1.990072375667e-01 -3.556590894464e-01 -2.869527896682e-01  -1.520738152931e-01 -1.994272965209e-01 -3.650059171234e-01 -2.740561977674e-01
 -1.520738152931e-01 -1.994272965209e-01 -3.650059171234e-01 -2.740561977674e-01  -1.520551964484e-01 -1.994320674212e-01 -3.650556955852e-01 -2.739811049079e-01
 -1.520551964484e-01 -1.994320674212e-01 -3.650556955852e-01 -2.739811049079e-01  -1.520093130431e-01 -1.994439507412e-01 -3.651782962438e-01 -2.737958121796e-01
 -1.520093130431e-01 -1.994439507412e-01 -3.651782962438e-01 -2.737958121796e-01  -1.491165164708e-01 -2.005969036463e-01 -3.727155448136e-01 -2.612744166443e-01
 -1.491165164708e-01 -2.005969036463e-01 -3.727155448136e-01 -2.612744166443e-01  -1.478539398786e-01 -2.013998509400e-01 -3.758948849597e-01 -2.551022077547e-01
 -1.478539398786e-01 -2.013998509400e-01 -3.758948849597e-01 -2.551022077547e-01  -1.467122994912e-01 -2.023356957323e-01 -3.787151954468e-01 -2.489542944430e-01
 -1.467122994912e-01 -2.023356957323e-01 -3.787151954468e-01 -2.489542944430e-01  -1.460069663404e-01 -2.030398210141e-01 -3.804315284766e-01 -2.447887330465e-01
 -1.460069663404e-01 -2.030398210141e-01 -3.804315284766e-01 -2.447887330465e-01  -1.448558806070e-01 -2.044684466400e-01 -3.831861879455e-01 -2.371144795236e-01
 -1.448558806070e-01 -2.044684466400e-01 -3.831861879455e-01 -2.371144795236e-01  -1.436620891639e-01 -2.065230994537e-01 -3.859664705608e-01 -2.272212626357e-01
 -1.436620891639e-01 -2.065230994537e-01 -3.859664705608e-01 -2.272212626357e-01  -1.434906440915e-01 -2.068956671934e-01 -3.863566389745e-01 -2.255250873699e-01
 -1.434906440915e-01 -2.068956671934e-01 -3.863566389745e-01 -2.255250873699e-01  -1.426158464431e-01 -2.094281167144e-01 -3.882773689920e-01 -2.145144890469e-01
 -1.426158464431e-01 -2.094281167144e-01 -3.882773689920e-01 -2.145144890469e-01  -1.425839403860e-01 -2.095551386751e-01 -3.883435739680e-01 -2.139807212903e-01
 -1.425839403860e-01 -2.095551386751e-01 -3.883435739680e-01 -2.139807212903e-01  -1.425561733098e-01 -2.096692568578e-01 -3.884007939023e-01 -2.135023583962e-01
 -1.425561733098e-01 -2.096692568578e-01 -3.884007939023e-01 -2.135023583962e-01  -1.421347881848e-01 -2.123280922838e-01 -3.891626024560e-01 -2.026033212635e-01
 -1.421347881848e-01 -2.123280922838e-01 -3.891626024560e-01 -2.026033212635e-01  -1.421308796716e-01 -2.123771214880e-01 -3.891668102337e-01 -2.024056875055e-01
 -1.421308796716e-01 -2.123771214880e-01 -3.891668102337e-01 -2.024056875055e-01  -1.421204924207e-01 -2.151011212103e-01 -3.888652323242e-01 -1.915144075904e-01
 -1.421204924207e-01 -2.151011212103e-01 -3.888652323242e-01 -1.915144075904e-01  -1.425115373782e-01 -2.178225788640e-01 -3.875014799969e-01 -1.806296842517e-01
 -1.425115373782e-01 -2.178225788640e-01 -3.875014799969e-01 -1.806296842517e-01  -1.425167566359e-01 -2.178463253659e-01 -3.874846767291e-01 -1.805339075954e-01
 -1.425167566359e-01 -2.178463253659e-01 -3.874846767291e-01 -1.805339075954e-01  -1.433035871659e-01 -2.204774026257e-01 -3.850405717413e-01 -1.697413662279e-01
 -1.433035871659e-01 -2.204774026257e-01 -3.850405717413e-01 -1.697413662279e-01  -1.433263738126e-01 -2.205367345755e-01 -3.849711518463e-01 -1.694925572966e-01
 -1.433263738126e-01 -2.205367345755e-01 -3.849711518463e-01 -1.694925572966e-01  -1.433513257483e-01 -2.206010043583e-01 -3.848951807754e-01 -1.692226965593e-01
 -1.433513257483e-01 -2.206010043583e-01 -3.848951807754e-01 -1.692226965593e-01  -1.445390499164e-01 -2.230666432614e-01 -3.813050689599e-01 -1.585266484807e-01
 -1.445390499164e-01 -2.230666432614e-01 -3.813050689599e-01 -1.585266484807e-01  -1.446831136063e-01 -2.233094300368e-01 -3.808706358509e-01 -1.574273591422e-01
 -1.446831136063e-01 -2.233094300368e-01 -3.808706358509e-01 -1.574273591422e-01  -1.461251938516e-01 -2.253330696007e-01 -3.765056281350e-01 -1.477699302253e-01
 -1.461251938516e-01 -2.253330696007e-01 -3.765056281350e-01 -1.477699302253e-01  -1.475291350752e-01 -2.268012064158e-01 -3.722036176449e-01 -1.399280573714e-01
 -1.475291350752e-01 -2.268012064158e-01 -3.722036176449e-01 -1.399280573714e-01  -1.480949422040e-01 -2.272911028537e-01 -3.704502774526e-01 -1.370582119282e-01
 -1.480949422040e-01 -2.272911028537e-01 -3.704502774526e-01 -1.370582119282e-01  -1.495195785403e-01 -2.283172750147e-01 -3.659771360380e-01 -1.303761065817e-01
 -1.495195785403e-01 -2.283172750147e-01 -3.659771360380e-01 -1.303761065817e-01  -1.504782279472e-01 -2.288637343436e-01 -3.629149225858e-01 -1.262300039503e-01
 -1.504782279472e-01 -2.288637343436e-01 -3.629149225858e-01 -1.262300039503e-01  -1.521051113705e-01 -2.295645517974e-01 -3.576102184300e-01 -1.196878203959e-01
 -1.521051113705e-01 -2.295645517974e-01 -3.576102184300e-01 -1.196878203959e-01  -1.532399365867e-01 -2.299021887718e-01 -3.538216480765e-01 -1.154205973390e-01
 -1.532399365867e-01 -2.299021887718e-01 -3.538216480765e-01 -1.154205973390e-01  -1.553085758796e-01 -2.302289113744e-01 -3.467080208044e-01 -1.081302047559e-01
 -1.553085758796e-01 -2.302289113744e-01 -3.467080208044e-01 -1.081302047559e-01  -1.563164985120e-01 -2.302606298338e-01 -3.431371078166e-01 -1.047661487719e-01
 -1.563164985120e-01 -2.302606298338e-01 -3.431371078166e-01 -1.047661487719e-01  -1.586602168169e-01 -2.300217367766e-01 -3.345527010434e-01 -9.733128239561e-02
 -1.586602168169e-01 -2.300217367766e-01 -3.345527010434e-01 -9.733128239561e-02  -1.597287859273e-01 -2.297657108155e-01 -3.305131633026e-01 -9.410352191532e-02
 -1.597287859273e-01 -2.297657108155e-01 -3.305131633026e-01 -9.410352191532e-02  -1.611634169868e-01 -2.292664298116e-01 -3.249996314407e-01 -8.993324199530e-02
 -1.611634169868e-01 -2.292664298116e-01 -3.249996314407e-01 -8.993324199530e-02  -1.632525611882e-01 -2.281622085587e-01 -3.170330196276e-01 -8.431347711141e-02
 -1.632525611882e-01 -2.281622085587e-01 -3.170330196276e-01 -8.431347711141e-02  -1.635683529517e-01 -2.279475964975e-01 -3.158796979540e-01 -8.353368947411e-02
 -1.635683529517e-01 -2.279475964975e-01 -3.158796979540e-01 -8.353368947411e-02  -1.637417331912e-01 -2.278235456833e-01 -3.152574454792e-01 -8.311605361427e-02
 -1.637417331912e-01 -2.278235456833e-01 -3.152574454792e-01 -8.311605361427e-02  -1.680386910146e-01 -2.233431478665e-01 -3.036347618433e-01 -7.557975908548e-02
 -1.680386910146e-01 -2.233431478665e-01 -3.036347618433e-01 -7.557975908548e-02  -1.705035582596e-01 -2.204522453584e-01 -2.953769212483e-01 -7.038852898840e-02
 -1.705035582596e-01 -2.204522453584e-01 -2.953769212483e-01 -7.038852898840e-02  -1.720189417088e-01 -2.190208352791e-01 -2.829342625672e-01 -6.322369805618e-02
 -1.720189417088e-01 -2.190208352791e-01 -2.829342625672e-01 -6.322369805618e-02  -1.723111220868e-01 -2.187876750617e-01 -2.791968837771e-01 -6.125159107446e-02
 -1.723111220868e-01 -2.187876750617e-01 -2.791968837771e-01 -6.125159107446e-02  -1.724362044049e-01 -2.186923758287e-01 -2.774166470833e-01 -6.034131027706e-02
 -1.724362044049e-01 -2.186923758287e-01 -2.774166470833e-01 -6.034131027706e-02  -1.728279749911e-01 -2.184115914955e-01 -2.710446894655e-01 -5.723406472411e-02
 -1.728279749911e-01 -2.184115914955e-01 -2.710446894655e-01 -5.723406472411e-02  -1.728714287378e-01 -2.183821064280e-01 -2.702568854243e-01 -5.686600384263e-02
 -1.728714287378e-01 -2.183821064280e-01 -2.702568854243e-01 -5.686600384263e-02  -1.732580400844e-01 -2.181343146143e-01 -2.624434872243e-01 -5.340159132449e-02
 -1.732580400844e-01 -2.181343146143e-01 -2.624434872243e-01 -5.340159132449e-02  -1.739471967956e-01 -2.177561909115e-01 -2.443463934188e-01 -4.660318638966e-02
 -1.739471967956e-01 -2.177561909115e-01 -2.443463934188e-01 -4.660318638966e-02  -1.745040637066e-01 -2.175069871960e-01 -2.250812251856e-01 -4.108410905016e-02
 -1.745040637066e-01 -2.175069871960e-01 -2.250812251856e-01 -4.108410905016e-02  -1.754094517864e-01 -2.171964613709e-01 -1.841124665041e-01 -3.455415171886e-02
 -1.754094517864e-01 -2.171964613709e-01 -1.841124665041e-01 -3.455415171886e-02  -1.758172442591e-01 -2.170890701395e-01 -1.623236369957e-01 -3.373213164931e-02
 -1.758172442591e-01 -2.170890701395e-01 -1.623236369957e-01 -3.373213164931e-02  -1.762087701915e-01 -2.170015013065e-01 -1.403109247773e-01 -3.469851247935e-02
 -1.762087701915e-01 -2.170015013065e-01 -1.403109247773e-01 -3.469851247935e-02  -1.769684911872e-01 -2.168659935084e-01 -9.780676800149e-02 -4.177698975252e-02
 -1.769684911872e-01 -2.168659935084e-01 -9.780676800149e-02 -4.177698975252e-02  -1.773621715280e-01 -2.168091481386e-01 -7.746361568003e-02 -4.777527706548e-02
 -1.773621715280e-01 -2.168091481386e-01 -7.746361568003e-02 -4.777527706548e-02  -1.777712129322e-01 -2.167566479268e-01 -5.831222213241e-02 -5.516837620744e-02
 -1.777712129322e-01 -2.167566479268e-01 -5.831222213241e-02 -5.516837620744e-02  -1.786534511277e-01 -2.166554653144e-01 -2.464903547975e-02 -7.307522851204e-02
 -1.786534511277e-01 -2.166554653144e-01 -2.464903547975e-02 -7.307522851204e-02  -1.791561282261e-01 -2.165987269546e-01 -9.805577383171e-03 -8.346992732366e-02
 -1.791561282261e-01 -2.165987269546e-01 -9.805577383171e-03 -8.346992732366e-02  -1.797089984650e-01 -2.165316767334e-01  3.537014462756e-03 -9.453682482822e-02
 -1.797089984650e-01 -2.165316767334e-01  3.537014462756e-03 -9.453682482822e-02  -1.809832340892e-01 -2.163345018432e-01  2.559214436851e-02 -1.178389179451e-01
 -1.809832340892e-01 -2.163345018432e-01  2.559214436851e-02 -1.178389179451e-01  -1.812796570555e-01 -2.162757926573e-01  2.946025426325e-02 -1.228265176515e-01
 -1.812796570555e-01 -2.162757926573e-01  2.946025426325e-02 -1.228265176515e-01  -1.817325994526e-01 -2.161736231787e-01  3.470039153103e-02 -1.301864643198e-01
 -1.817325994526e-01 -2.161736231787e-01  3.470039153103e-02 -1.301864643198e-01  -1.823754033414e-01 -2.159978664313e-01  4.100123824119e-02 -1.401991808948e-01
