alpha 0.134 1.883924e-01 -1.607033e-01  2.593725e-01  -8.234412e+01  0.0 0.0 0.0 0.0 1.000000e+00
alpha 0.076 1.594156e-01 -2.224752e-01  8.226673e-01  5.845470e+00 0.0 0.0 0.0 0.0 1.000000e+00


findimg results:
 1.901373e-01 -1.433305e-01  # source
# 4 images:  x  y  mag  tdel
 4.208306e-01 -2.695366e-02  4.057718e+00  0.000000e+00
-2.226812e-02 -1.344060e-02  6.630851e+00  9.679862e-03
 8.546130e-02  5.703884e-02  3.434240e+00  1.028153e-02
 1.625824e-01 -3.632548e-01  6.414951e-01  2.652794e-02
