alpha 1.677917e-01 1.883924e-01 -1.607033e-01 1.061969e-04 7.090866e+01 0.0 0.0 0.0 0.0 1.000000e+00
expdisk 3.046469e-01 1.594156e-01 -2.224752e-01 8.226673e-01 6.511668e+00 0.0 0.0 2.367490e-01 0.0 0.0


findimg results:
 2.011120e-01 -1.430824e-01  # source
# 4 images:  x  y  mag  tdel
 4.108191e-01 -3.091995e-02  3.939046e+00  0.000000e+00
 7.056366e-08  7.175824e-08  7.679725e+00  1.119829e-02
 7.279881e-02  5.762999e-02  4.210861e+00  1.145219e-02
 1.616913e-01 -3.564976e-01  8.925964e-01  2.473822e-02
