LENS PARMS:
   alpha 2.400000e-01 1.883924e-01 -1.607033e-01 2.400898e-01 9.000000e+00 6.836736e-01 0.0 0.0 0.0 1.000000e+00
   alpha -3.981780e-01 1.594156e-01 -2.224752e-01 8.226673e-01 -8.349000e+01 2.024166e-01 0.0 0.0 0.0 1.000000e+00
SOURCE PARMS:
   ptsrc 1.316064e-01 1.401073e-01 6.571497e-01 0.0 0.0 0.0 0.0 0.0
CHISQ: 1.202741e+03 8.069847e+02 3.957567e+02 0.000000e+00 0.000000e+00 0.000000e+00 0.000000e+00 0.000000e+00 0.000000e+00 # tot pos flux tdel gal plim crv ring weak

Source #1
  posn:  1.401073e-01  6.571497e-01
  flux:  1.316064e-01
     h:  7.000000e-01
  zsrc:  1.500000e+00
tscale:  2.663911e+02
images:
   0.0000   0.0000 (1.0e-06)  17.0000 ( 1.70e+00)   0.00 (0.0e+00) ->   0.0000   0.0000   0.1597   0.0000
   0.0726   0.0480 (1.0e-02) -10.5400 ( 9.70e-01)   0.00 (0.0e+00) ->  -0.1089  -0.0150  -0.1670   1.2726
   0.4117  -0.0280 (1.0e-02)   8.6190 ( 8.30e-01)   0.00 (0.0e+00) ->   0.2926   0.0040   0.3158   2.5765
   0.1619  -0.3680 (6.0e-02)  -1.4620 ( 1.30e-01)   0.00 (0.0e+00) ->  -0.2351   0.5659  -0.4628 112.9122
   0.1910  -0.1470 (1.0e+03)   0.1000 ( 5.00e-02)   0.00 (0.0e+00) ->   0.2163   0.0146   0.3456   2.0814


LENS PARMS:
   alpha 2.400000e-01 1.883924e-01 -1.607033e-01 2.400898e-01 9.000000e+00 3.550157e-01 0.0 0.0 0.0 1.000000e+00
   alpha -2.941631e-01 1.594156e-01 -2.224752e-01 8.226673e-01 -8.349000e+01 2.291779e-01 0.0 0.0 0.0 1.000000e+00
SOURCE PARMS:
   ptsrc 4.049818e-02 1.397352e-01 4.424963e-01 0.0 0.0 0.0 0.0 0.0
CHISQ: 1.124161e+03 6.830603e+02 4.411009e+02 0.000000e+00 0.000000e+00 0.000000e+00 0.000000e+00 0.000000e+00 0.000000e+00 # tot pos flux tdel gal plim crv ring weak

Source #1
  posn:  1.397352e-01  4.424963e-01
  flux:  4.049818e-02
     h:  7.000000e-01
  zsrc:  1.500000e+00
tscale:  2.663911e+02
images:
   0.0000   0.0000 (1.0e-06)  17.0000 ( 1.70e+00)   0.00 (0.0e+00) ->   0.0000   0.0000   0.0537   0.0000
   0.0726   0.0480 (1.0e-02) -10.5400 ( 9.70e-01)   0.00 (0.0e+00) ->  -0.0868  -0.0174  -0.0432   0.9619
   0.4117  -0.0280 (1.0e-02)   8.6190 ( 8.30e-01)   0.00 (0.0e+00) ->   0.2997   0.0105   0.0966   2.8301
   0.1619  -0.3680 (6.0e-02)  -1.4620 ( 1.30e-01)   0.00 (0.0e+00) ->  -0.2923   0.4562  -0.0638  68.0094
   0.1910  -0.1470 (1.0e+03)   0.1000 ( 5.00e-02)   0.00 (0.0e+00) ->   0.2203   0.0296   0.1938   2.1803


LENS PARMS:
   alpha 2.400000e-01 1.883924e-01 -1.607033e-01 2.400898e-01 9.000000e+00 4.204981e-02 0.0 0.0 0.0 1.000000e+00
   alpha -1.033376e-01 1.594156e-01 -2.224752e-01 8.226673e-01 -8.349000e+01 3.562499e-01 0.0 0.0 0.0 1.000000e+00
SOURCE PARMS:
   ptsrc 1.071136e-01 2.061148e-01 1.126435e-01 0.0 0.0 0.0 0.0 0.0
CHISQ: 5.987481e+02 1.730108e+02 4.257373e+02 0.000000e+00 0.000000e+00 0.000000e+00 0.000000e+00 0.000000e+00 0.000000e+00 # tot pos flux tdel gal plim crv ring weak

Source #1
  posn:  2.061148e-01  1.126435e-01
  flux:  1.071136e-01
     h:  7.000000e-01
  zsrc:  1.500000e+00
tscale:  2.663911e+02
images:
   0.0000   0.0000 (1.0e-06)  17.0000 ( 1.70e+00)   0.00 (0.0e+00) ->  -0.0000   0.0000   0.4384   6.8904
   0.0726   0.0480 (1.0e-02) -10.5400 ( 9.70e-01)   0.00 (0.0e+00) ->   0.0825   0.0338  -0.3854   7.0015
   0.4117  -0.0280 (1.0e-02)   8.6190 ( 8.30e-01)   0.00 (0.0e+00) ->   0.5103  -0.0048   0.1517   0.0000
   0.1619  -0.3680 (6.0e-02)  -1.4620 ( 1.30e-01)   0.00 (0.0e+00) ->   0.5453  -0.0587  -0.1271   0.9045
   0.1910  -0.1470 (1.0e+03)   0.1000 ( 5.00e-02)   0.00 (0.0e+00) ->   0.2263   0.0709   0.2712   5.6430


LENS PARMS:
   alpha 2.400000e-01 1.883924e-01 -1.607033e-01 2.400898e-01 9.000000e+00 3.916535e-01 0.0 0.0 0.0 1.000000e+00
   alpha -4.944169e-01 1.594156e-01 -2.224752e-01 8.226673e-01 -8.349000e+01 7.546435e-01 0.0 0.0 0.0 1.000000e+00
SOURCE PARMS:
   ptsrc 1.451425e-01 1.201302e-01 8.883248e-01 0.0 0.0 0.0 0.0 0.0
CHISQ: 1.256901e+03 1.025140e+03 2.317609e+02 0.000000e+00 0.000000e+00 0.000000e+00 0.000000e+00 0.000000e+00 0.000000e+00 # tot pos flux tdel gal plim crv ring weak

Source #1
  posn:  1.201302e-01  8.883248e-01
  flux:  1.451425e-01
     h:  7.000000e-01
  zsrc:  1.500000e+00
tscale:  2.663911e+02
images:
   0.0000   0.0000 (1.0e-06)  17.0000 ( 1.70e+00)   0.00 (0.0e+00) ->   0.0000   0.0000   0.1787   0.0000
   0.0726   0.0480 (1.0e-02) -10.5400 ( 9.70e-01)   0.00 (0.0e+00) ->  -0.1301  -0.0121  -0.3528   1.4425
   0.4117  -0.0280 (1.0e-02)   8.6190 ( 8.30e-01)   0.00 (0.0e+00) ->   0.2529  -0.0081   8.5973   2.5392
   0.1619  -0.3680 (6.0e-02)  -1.4620 ( 1.30e-01)   0.00 (0.0e+00) ->  -0.1975   0.6467  -1.1514 165.9920
   0.1910  -0.1470 (1.0e+03)   0.1000 ( 5.00e-02)   0.00 (0.0e+00) ->   0.2137   0.0044   0.3112   2.1047


LENS PARMS:
   alpha 2.400000e-01 1.883924e-01 -1.607033e-01 2.400898e-01 9.000000e+00 7.849058e-02 0.0 0.0 0.0 1.000000e+00
   alpha -2.958029e-02 1.594156e-01 -2.224752e-01 8.226673e-01 -8.349000e+01 2.238717e-02 0.0 0.0 0.0 1.000000e+00
SOURCE PARMS:
   ptsrc 5.804103e-03 2.003733e-01 -7.475757e-02 0.0 0.0 0.0 0.0 0.0
CHISQ: 4.618607e+02 1.266424e+01 4.491964e+02 0.000000e+00 0.000000e+00 0.000000e+00 0.000000e+00 0.000000e+00 0.000000e+00 # tot pos flux tdel gal plim crv ring weak

Source #1
  posn:  2.003733e-01 -7.475757e-02
  flux:  5.804103e-03
     h:  7.000000e-01
  zsrc:  1.500000e+00
tscale:  2.663911e+02
images:
   0.0000   0.0000 (1.0e-06)  17.0000 ( 1.70e+00)   0.00 (0.0e+00) ->  -0.0000  -0.0000   0.0569   2.8854
   0.0726   0.0480 (1.0e-02) -10.5400 ( 9.70e-01)   0.00 (0.0e+00) ->   0.0689   0.0481  -0.0562   2.9305
   0.4117  -0.0280 (1.0e-02)   8.6190 ( 8.30e-01)   0.00 (0.0e+00) ->   0.4304  -0.0133   0.0161   0.0000
   0.1619  -0.3680 (6.0e-02)  -1.4620 ( 1.30e-01)   0.00 (0.0e+00) ->   0.2776  -0.2614  -0.0076   9.2001
   0.1910  -0.1470 (1.0e+03)   0.1000 ( 5.00e-02)   0.00 (0.0e+00) ->   0.2351   0.1024   0.1339   2.1500


