#
# Columns: x1 y1 u1 v1 x2 y2 u2 v2
#
# To plot the image plane curves, connect each (x1,y1)
# to the (x2,y2) on the same line -- do *not* connect
# consecutive lines!
#
# To plot the source plane curves, do the same for
# (u1,v1) and (u2,v2).
#
  2.847255950074e-01  4.963562131040e-01  7.115515794631e-01  7.411225444668e-01   2.813582429739e-01  5.009334279773e-01  7.117631086263e-01  7.412943296426e-01
  2.813582429739e-01  5.009334279773e-01  7.117631086263e-01  7.412943296426e-01   2.644026411642e-01  5.274628096692e-01  7.138813526965e-01  7.429076431787e-01
  2.644026411642e-01  5.274628096692e-01  7.138813526965e-01  7.429076431787e-01   2.538065587834e-01  5.483420061541e-01  7.165551461585e-01  7.447781082418e-01
  2.538065587834e-01  5.483420061541e-01  7.165551461585e-01  7.447781082418e-01   2.487981351141e-01  5.600788551924e-01  7.184232785156e-01  7.460097766233e-01
  2.487981351141e-01  5.600788551924e-01  7.184232785156e-01  7.460097766233e-01   2.363837563824e-01  5.996786451345e-01  7.265342067704e-01  7.508511644263e-01
  2.363837563824e-01  5.996786451345e-01  7.265342067704e-01  7.508511644263e-01   2.343228808851e-01  6.093170172622e-01  7.289074796425e-01  7.521436902254e-01
  2.343228808851e-01  6.093170172622e-01  7.289074796425e-01  7.521436902254e-01   2.299434132763e-01  6.410922033546e-01  7.377615756431e-01  7.565741939440e-01
  2.299434132763e-01  6.410922033546e-01  7.377615756431e-01  7.565741939440e-01   2.293672580744e-01  6.496087373846e-01  7.403917230139e-01  7.577847087300e-01
  2.293672580744e-01  6.496087373846e-01  7.403917230139e-01  7.577847087300e-01   2.291757850878e-01  6.537191353299e-01  7.416984802658e-01  7.583697399457e-01
  2.291757850878e-01  6.537191353299e-01  7.416984802658e-01  7.583697399457e-01   2.293728271031e-01  6.827466425544e-01  7.515927216746e-01  7.624719505608e-01
  2.293728271031e-01  6.827466425544e-01  7.515927216746e-01  7.624719505608e-01   2.318065331435e-01  7.091703176141e-01  7.615554742305e-01  7.660700694604e-01
  2.318065331435e-01  7.091703176141e-01  7.615554742305e-01  7.660700694604e-01   2.323298352745e-01  7.129970901870e-01  7.630691271555e-01  7.665734662014e-01
  2.323298352745e-01  7.129970901870e-01  7.630691271555e-01  7.665734662014e-01   2.373319150193e-01  7.405628891570e-01  7.744651072171e-01  7.700186979298e-01
  2.373319150193e-01  7.405628891570e-01  7.744651072171e-01  7.700186979298e-01   2.415556427509e-01  7.578938545487e-01  7.820426312962e-01  7.719862388343e-01
  2.415556427509e-01  7.578938545487e-01  7.820426312962e-01  7.719862388343e-01   2.430472833384e-01  7.633285747172e-01  7.844791589699e-01  7.725658895288e-01
  2.430472833384e-01  7.633285747172e-01  7.844791589699e-01  7.725658895288e-01   2.529733894899e-01  7.941348465108e-01  7.987778664614e-01  7.754608818235e-01
  2.529733894899e-01  7.941348465108e-01  7.987778664614e-01  7.754608818235e-01   2.606764815110e-01  8.140206990456e-01  8.083874483157e-01  7.769277475688e-01
  2.606764815110e-01  8.140206990456e-01  8.083874483157e-01  7.769277475688e-01   2.650283638177e-01  8.242582529044e-01  8.134282608185e-01  7.775443388350e-01
  2.650283638177e-01  8.242582529044e-01  8.134282608185e-01  7.775443388350e-01   2.700970561487e-01  8.354844433750e-01  8.190155371316e-01  7.781044374400e-01
  2.700970561487e-01  8.354844433750e-01  8.190155371316e-01  7.781044374400e-01   2.766279024371e-01  8.490463299110e-01  8.258309480264e-01  7.786106490645e-01
  2.766279024371e-01  8.490463299110e-01  8.258309480264e-01  7.786106490645e-01   2.828255157149e-01  8.611470202308e-01  8.319540945189e-01  7.788972944931e-01
  2.828255157149e-01  8.611470202308e-01  8.319540945189e-01  7.788972944931e-01   2.885559012977e-01  8.717818153316e-01  8.373526568985e-01  7.790155605870e-01
  2.885559012977e-01  8.717818153316e-01  8.373526568985e-01  7.790155605870e-01   2.939303947505e-01  8.813425372350e-01  8.422077481842e-01  7.790120398055e-01
  2.939303947505e-01  8.813425372350e-01  8.422077481842e-01  7.790120398055e-01   3.007224104296e-01  8.929301984058e-01  8.480782696131e-01  7.788652873900e-01
  3.007224104296e-01  8.929301984058e-01  8.480782696131e-01  7.788652873900e-01   3.080962979468e-01  9.049702748588e-01  8.541408754625e-01  7.785448520546e-01
  3.080962979468e-01  9.049702748588e-01  8.541408754625e-01  7.785448520546e-01   3.170839167751e-01  9.189964650901e-01  8.611228672850e-01  7.779542037428e-01
  3.170839167751e-01  9.189964650901e-01  8.611228672850e-01  7.779542037428e-01   3.347791100220e-01  9.449209474748e-01  8.736577625591e-01  7.762553051663e-01
  3.347791100220e-01  9.449209474748e-01  8.736577625591e-01  7.762553051663e-01   3.398528923531e-01  9.520096074881e-01  8.769706165336e-01  7.756585864177e-01
  3.398528923531e-01  9.520096074881e-01  8.769706165336e-01  7.756585864177e-01   3.615164567304e-01  9.809029606457e-01  8.897697557451e-01  7.726984870202e-01
  3.615164567304e-01  9.809029606457e-01  8.897697557451e-01  7.726984870202e-01   3.621935626356e-01  9.817746584946e-01  8.901353281438e-01  7.725973132272e-01
  3.621935626356e-01  9.817746584946e-01  8.901353281438e-01  7.725973132272e-01   3.634221640420e-01  9.833520046274e-01  8.907933889729e-01  7.724126723749e-01
  3.634221640420e-01  9.833520046274e-01  8.907933889729e-01  7.724126723749e-01   3.795064565289e-01  1.003524502624e+00  8.987866909468e-01  7.698941727137e-01
  3.795064565289e-01  1.003524502624e+00  8.987866909468e-01  7.698941727137e-01   3.880991668571e-01  1.013975445347e+00  9.025879871615e-01  7.684991357954e-01
  3.880991668571e-01  1.013975445347e+00  9.025879871615e-01  7.684991357954e-01   3.964005501063e-01  1.023883716393e+00  9.059537526071e-01  7.671418981015e-01
  3.964005501063e-01  1.023883716393e+00  9.059537526071e-01  7.671418981015e-01   4.099302711767e-01  1.039677962821e+00  9.108010302282e-01  7.649553637451e-01
  4.099302711767e-01  1.039677962821e+00  9.108010302282e-01  7.649553637451e-01   4.129081518058e-01  1.043100124294e+00  9.117628924140e-01  7.644845328877e-01
  4.129081518058e-01  1.043100124294e+00  9.117628924140e-01  7.644845328877e-01   4.146206017284e-01  1.045059717704e+00  9.122990286087e-01  7.642162199726e-01
  4.146206017284e-01  1.045059717704e+00  9.122990286087e-01  7.642162199726e-01   4.211616037149e-01  1.052490449345e+00  9.142335305795e-01  7.632107953653e-01
  4.211616037149e-01  1.052490449345e+00  9.142335305795e-01  7.632107953653e-01   4.406650546843e-01  1.074170386005e+00  9.189584266402e-01  7.604649297008e-01
  4.406650546843e-01  1.074170386005e+00  9.189584266402e-01  7.604649297008e-01   4.524817068209e-01  1.086983618590e+00  9.210903074665e-01  7.590506981607e-01
  4.524817068209e-01  1.086983618590e+00  9.210903074665e-01  7.590506981607e-01   4.659968899898e-01  1.101356415251e+00  9.228939996832e-01  7.577299429944e-01
  4.659968899898e-01  1.101356415251e+00  9.228939996832e-01  7.577299429944e-01   4.824012693928e-01  1.118402111470e+00  9.242437142372e-01  7.566268264873e-01
  4.824012693928e-01  1.118402111470e+00  9.242437142372e-01  7.566268264873e-01   4.911798998135e-01  1.127341439282e+00  9.246218592213e-01  7.562869076656e-01
  4.911798998135e-01  1.127341439282e+00  9.246218592213e-01  7.562869076656e-01   5.062305674038e-01  1.142361046023e+00  9.247759484594e-01  7.561407259386e-01
  5.062305674038e-01  1.142361046023e+00  9.247759484594e-01  7.561407259386e-01   5.168242469836e-01  1.152691163446e+00  9.245542906831e-01  7.563803677432e-01
  5.168242469836e-01  1.152691163446e+00  9.245542906831e-01  7.563803677432e-01   5.300814257260e-01  1.165322893447e+00  9.239523170196e-01  7.570849122658e-01
  5.300814257260e-01  1.165322893447e+00  9.239523170196e-01  7.570849122658e-01   5.428726086131e-01  1.177184278873e+00  9.230882371700e-01  7.581874581078e-01
  5.428726086131e-01  1.177184278873e+00  9.230882371700e-01  7.581874581078e-01   5.613465439552e-01  1.193719939904e+00  9.214674910667e-01  7.604867438056e-01
  5.613465439552e-01  1.193719939904e+00  9.214674910667e-01  7.604867438056e-01   5.692469829011e-01  1.200568314987e+00  9.206747776166e-01  7.617123621191e-01
  5.692469829011e-01  1.200568314987e+00  9.206747776166e-01  7.617123621191e-01   5.793572355939e-01  1.209131536579e+00  9.195991432352e-01  7.634796730504e-01
  5.793572355939e-01  1.209131536579e+00  9.195991432352e-01  7.634796730504e-01   5.965682926842e-01  1.223180067704e+00  9.176666704805e-01  7.669651594147e-01
  5.965682926842e-01  1.223180067704e+00  9.176666704805e-01  7.669651594147e-01   6.201340330034e-01  1.241314631107e+00  9.149548281961e-01  7.725972350544e-01
  6.201340330034e-01  1.241314631107e+00  9.149548281961e-01  7.725972350544e-01   6.254862844531e-01  1.245254616339e+00  9.143454377109e-01  7.739978663956e-01
  6.254862844531e-01  1.245254616339e+00  9.143454377109e-01  7.739978663956e-01   6.287803495317e-01  1.247646581275e+00  9.139734164708e-01  7.748800984021e-01
  6.287803495317e-01  1.247646581275e+00  9.139734164708e-01  7.748800984021e-01   6.448854373887e-01  1.258981034532e+00  9.122004700271e-01  7.793977377743e-01
  6.448854373887e-01  1.258981034532e+00  9.122004700271e-01  7.793977377743e-01   6.541022845016e-01  1.265199976115e+00  9.112295641407e-01  7.821213505997e-01
  6.541022845016e-01  1.265199976115e+00  9.112295641407e-01  7.821213505997e-01   6.558544126177e-01  1.266360300666e+00  9.110492344104e-01  7.826494163800e-01
  6.558544126177e-01  1.266360300666e+00  9.110492344104e-01  7.826494163800e-01   6.818900269536e-01  1.282787261207e+00  9.085546487051e-01  7.908328043172e-01
  6.818900269536e-01  1.282787261207e+00  9.085546487051e-01  7.908328043172e-01   6.874137751128e-01  1.286078572964e+00  9.080743419152e-01  7.926398291574e-01
  6.874137751128e-01  1.286078572964e+00  9.080743419152e-01  7.926398291574e-01   7.053999807338e-01  1.296335431508e+00  9.066407543403e-01  7.986618984541e-01
  7.053999807338e-01  1.296335431508e+00  9.066407543403e-01  7.986618984541e-01   7.207177305013e-01  1.304525753369e+00  9.055841075065e-01  8.039292167949e-01
  7.207177305013e-01  1.304525753369e+00  9.055841075065e-01  8.039292167949e-01   7.316190777890e-01  1.310056232660e+00  9.049270425249e-01  8.077395700296e-01
  7.316190777890e-01  1.310056232660e+00  9.049270425249e-01  8.077395700296e-01   7.563814511353e-01  1.321721369113e+00  9.037322398800e-01  8.165365229307e-01
  7.563814511353e-01  1.321721369113e+00  9.037322398800e-01  8.165365229307e-01   7.718209510467e-01  1.328381141952e+00  9.031966587952e-01  8.220915222507e-01
  7.718209510467e-01  1.328381141952e+00  9.031966587952e-01  8.220915222507e-01   7.940399034920e-01  1.337165365966e+00  9.027045424760e-01  8.301390297465e-01
  7.940399034920e-01  1.337165365966e+00  9.027045424760e-01  8.301390297465e-01   7.987851685843e-01  1.338921776729e+00  9.026414091134e-01  8.318622379624e-01
  7.987851685843e-01  1.338921776729e+00  9.026414091134e-01  8.318622379624e-01   8.126590553388e-01  1.343820479166e+00  9.025400037205e-01  8.369033241260e-01
  8.126590553388e-01  1.343820479166e+00  9.025400037205e-01  8.369033241260e-01   8.281599464594e-01  1.348883511896e+00  9.025707339741e-01  8.425326597416e-01
  8.281599464594e-01  1.348883511896e+00  9.025707339741e-01  8.425326597416e-01   8.331854652279e-01  1.350433557014e+00  9.026126990667e-01  8.443553945520e-01
  8.331854652279e-01  1.350433557014e+00  9.026126990667e-01  8.443553945520e-01   8.721850517374e-01  1.360978917252e+00  9.034517127366e-01  8.584198725636e-01
  8.721850517374e-01  1.360978917252e+00  9.034517127366e-01  8.584198725636e-01   8.743322419115e-01  1.361484557076e+00  9.035235268136e-01  8.591886147741e-01
  8.743322419115e-01  1.361484557076e+00  9.035235268136e-01  8.591886147741e-01   8.869080607759e-01  1.364291952318e+00  9.039958575568e-01  8.636761151153e-01
  8.869080607759e-01  1.364291952318e+00  9.039958575568e-01  8.636761151153e-01   9.180673497098e-01  1.370129392441e+00  9.055343990714e-01  8.746676617791e-01
  9.180673497098e-01  1.370129392441e+00  9.055343990714e-01  8.746676617791e-01   9.224024907278e-01  1.370816844977e+00  9.057885599175e-01  8.761806240406e-01
  9.224024907278e-01  1.370816844977e+00  9.057885599175e-01  8.761806240406e-01   9.287884782903e-01  1.371774541992e+00  9.061802327778e-01  8.784013984491e-01
  9.287884782903e-01  1.371774541992e+00  9.061802327778e-01  8.784013984491e-01   9.494568212048e-01  1.374427545714e+00  9.075854883170e-01  8.855201903047e-01
  9.494568212048e-01  1.374427545714e+00  9.075854883170e-01  8.855201903047e-01   9.637622901086e-01  1.375866347613e+00  9.086771325752e-01  8.903813344247e-01
  9.637622901086e-01  1.375866347613e+00  9.086771325752e-01  8.903813344247e-01   9.787106156993e-01  1.377023764238e+00  9.099174894430e-01  8.953985012743e-01
  9.787106156993e-01  1.377023764238e+00  9.099174894430e-01  8.953985012743e-01   1.010620603043e+00  1.378311045163e+00  9.128874468728e-01  9.058757573771e-01
  1.010620603043e+00  1.378311045163e+00  9.128874468728e-01  9.058757573771e-01   1.010719821821e+00  1.378312526208e+00  9.128973348758e-01  9.059078082909e-01
  1.010719821821e+00  1.378312526208e+00  9.128973348758e-01  9.059078082909e-01   1.011224779822e+00  1.378319821657e+00  9.129477192751e-01  9.060708746080e-01
  1.011224779822e+00  1.378319821657e+00  9.129477192751e-01  9.060708746080e-01   1.054292983770e+00  1.377432990527e+00  9.176001469953e-01  9.196362776107e-01
  1.054292983770e+00  1.377432990527e+00  9.176001469953e-01  9.196362776107e-01   1.059038449263e+00  1.377150471092e+00  9.181531947465e-01  9.210869885202e-01
  1.059038449263e+00  1.377150471092e+00  9.181531947465e-01  9.210869885202e-01   1.105621098245e+00  1.372356684411e+00  9.239512165856e-01  9.348060940912e-01
  1.105621098245e+00  1.372356684411e+00  9.239512165856e-01  9.348060940912e-01   1.109371129658e+00  1.371806553734e+00  9.244441893475e-01  9.358663896973e-01
  1.109371129658e+00  1.371806553734e+00  9.244441893475e-01  9.358663896973e-01   1.135266383414e+00  1.367305684212e+00  9.279364988860e-01  9.429900802871e-01
  1.135266383414e+00  1.367305684212e+00  9.279364988860e-01  9.429900802871e-01   1.160418062783e+00  1.361705112575e+00  9.314498865454e-01  9.495523859716e-01
  1.160418062783e+00  1.361705112575e+00  9.314498865454e-01  9.495523859716e-01   1.165361356479e+00  1.360454314098e+00  9.321510261910e-01  9.507974642082e-01
  1.165361356479e+00  1.360454314098e+00  9.321510261910e-01  9.507974642082e-01   1.173652133843e+00  1.358241209412e+00  9.333328275929e-01  9.528508708204e-01
  1.173652133843e+00  1.358241209412e+00  9.333328275929e-01  9.528508708204e-01   1.197788408964e+00  1.350937777253e+00  9.367995721897e-01  9.585660842299e-01
  1.197788408964e+00  1.350937777253e+00  9.367995721897e-01  9.585660842299e-01   1.210688667468e+00  1.346476270114e+00  9.386555501316e-01  9.614486677226e-01
  1.210688667468e+00  1.346476270114e+00  9.386555501316e-01  9.614486677226e-01   1.237878432667e+00  1.335668885525e+00  9.425243411126e-01  9.670880797157e-01
  1.237878432667e+00  1.335668885525e+00  9.425243411126e-01  9.670880797157e-01   1.259793441760e+00  1.325409400755e+00  9.455398692152e-01  9.711527433584e-01
  1.259793441760e+00  1.325409400755e+00  9.455398692152e-01  9.711527433584e-01   1.289877590356e+00  1.308660887491e+00  9.493813306516e-01  9.759167916509e-01
  1.289877590356e+00  1.308660887491e+00  9.493813306516e-01  9.759167916509e-01   1.306906300014e+00  1.297550895278e+00  9.513100710088e-01  9.781264818986e-01
  1.306906300014e+00  1.297550895278e+00  9.513100710088e-01  9.781264818986e-01   1.328645881139e+00  1.281251446021e+00  9.533740413117e-01  9.803385764002e-01
  1.328645881139e+00  1.281251446021e+00  9.533740413117e-01  9.803385764002e-01   1.349478300165e+00  1.262835505216e+00  9.547367859522e-01  9.816903505169e-01
  1.349478300165e+00  1.262835505216e+00  9.547367859522e-01  9.816903505169e-01   1.361834280224e+00  1.250251764460e+00  9.551349226814e-01  9.820597971777e-01
  1.361834280224e+00  1.250251764460e+00  9.551349226814e-01  9.820597971777e-01   1.385012683722e+00  1.221986861487e+00  9.546078183513e-01  9.816259594779e-01
  1.385012683722e+00  1.221986861487e+00  9.546078183513e-01  9.816259594779e-01   1.409157717665e+00  1.181788151506e+00  9.508349091260e-01  9.788383576914e-01
  1.409157717665e+00  1.181788151506e+00  9.508349091260e-01  9.788383576914e-01   1.412252497102e+00  1.175261630019e+00  9.499166225285e-01  9.782102495331e-01
  1.412252497102e+00  1.175261630019e+00  9.499166225285e-01  9.782102495331e-01   1.426611119554e+00  1.136317394804e+00  9.428125577500e-01  9.737628872019e-01
  1.426611119554e+00  1.136317394804e+00  9.428125577500e-01  9.737628872019e-01   1.429987174080e+00  1.123241646790e+00  9.398367236913e-01  9.720691274982e-01
  1.429987174080e+00  1.123241646790e+00  9.398367236913e-01  9.720691274982e-01   1.436869168853e+00  1.075659010403e+00  9.267146517773e-01  9.654695701447e-01
  1.436869168853e+00  1.075659010403e+00  9.267146517773e-01  9.654695701447e-01   1.437224380310e+00  1.068442873383e+00  9.244287554382e-01  9.644426245681e-01
  1.437224380310e+00  1.068442873383e+00  9.244287554382e-01  9.644426245681e-01   1.436108302773e+00  1.027691763958e+00  9.101806821402e-01  9.587251408359e-01
  1.436108302773e+00  1.027691763958e+00  9.101806821402e-01  9.587251408359e-01   1.434564397321e+00  1.013749974309e+00  9.048154562331e-01  9.568502224634e-01
  1.434564397321e+00  1.013749974309e+00  9.048154562331e-01  9.568502224634e-01   1.431119787690e+00  9.924565332557e-01  8.961784119409e-01  9.541233369788e-01
  1.431119787690e+00  9.924565332557e-01  8.961784119409e-01  9.541233369788e-01   1.425417609633e+00  9.673069206145e-01  8.853423608379e-01  9.511828348827e-01
  1.425417609633e+00  9.673069206145e-01  8.853423608379e-01  9.511828348827e-01   1.424434210887e+00  9.636102460753e-01  8.836960621329e-01  9.507811916269e-01
  1.424434210887e+00  9.636102460753e-01  8.836960621329e-01  9.507811916269e-01   1.423526994606e+00  9.603159825575e-01  8.822180759228e-01  9.504305526851e-01
  1.423526994606e+00  9.603159825575e-01  8.822180759228e-01  9.504305526851e-01   1.416447667285e+00  9.374755573078e-01  8.717050831966e-01  9.482041279938e-01
  1.416447667285e+00  9.374755573078e-01  8.717050831966e-01  9.482041279938e-01   1.409447696496e+00  9.182675817682e-01  8.625428388779e-01  9.466408477285e-01
  1.409447696496e+00  9.182675817682e-01  8.625428388779e-01  9.466408477285e-01   1.407732364962e+00  9.139178281350e-01  8.604325975024e-01  9.463300967565e-01
  1.407732364962e+00  9.139178281350e-01  8.604325975024e-01  9.463300967565e-01   1.405694448959e+00  9.088995928769e-01  8.579834821529e-01  9.459925443542e-01
  1.405694448959e+00  9.088995928769e-01  8.579834821529e-01  9.459925443542e-01   1.392609005468e+00  8.797128328518e-01  8.434817170395e-01  9.445041357146e-01
  1.392609005468e+00  8.797128328518e-01  8.434817170395e-01  9.445041357146e-01   1.383215374484e+00  8.611472080063e-01  8.340993236419e-01  9.440125283242e-01
  1.383215374484e+00  8.611472080063e-01  8.340993236419e-01  9.440125283242e-01   1.375315587774e+00  8.466458186787e-01  8.267363439287e-01  9.438932819776e-01
  1.375315587774e+00  8.466458186787e-01  8.267363439287e-01  9.438932819776e-01   1.358274632522e+00  8.179500170613e-01  8.122300550054e-01  9.443754398658e-01
  1.358274632522e+00  8.179500170613e-01  8.122300550054e-01  9.443754398658e-01   1.357814273848e+00  8.172151451463e-01  8.118617865524e-01  9.444005764469e-01
  1.357814273848e+00  8.172151451463e-01  8.118617865524e-01  9.444005764469e-01   1.357215152397e+00  8.162615739120e-01  8.113842682638e-01  9.444341525966e-01
  1.357215152397e+00  8.162615739120e-01  8.113842682638e-01  9.444341525966e-01   1.342991808676e+00  7.944667601482e-01  8.006097639601e-01  9.454957268072e-01
  1.342991808676e+00  7.944667601482e-01  8.006097639601e-01  9.454957268072e-01   1.331961194764e+00  7.785208487934e-01  7.929591309659e-01  9.466232599848e-01
  1.331961194764e+00  7.785208487934e-01  7.929591309659e-01  9.466232599848e-01   1.328420374874e+00  7.735524251588e-01  7.906281134215e-01  9.470329434409e-01
  1.328420374874e+00  7.735524251588e-01  7.906281134215e-01  9.470329434409e-01   1.324394208535e+00  7.679832518220e-01  7.880496885118e-01  9.475239085094e-01
  1.324394208535e+00  7.679832518220e-01  7.880496885118e-01  9.475239085094e-01   1.313807825070e+00  7.537118205036e-01  7.816301136008e-01  9.489277892600e-01
  1.313807825070e+00  7.537118205036e-01  7.816301136008e-01  9.489277892600e-01   1.304854473709e+00  7.420173312798e-01  7.766011746956e-01  9.502218049052e-01
  1.304854473709e+00  7.420173312798e-01  7.766011746956e-01  9.502218049052e-01   1.293611826586e+00  7.277550286727e-01  7.707973396327e-01  9.519500300048e-01
  1.293611826586e+00  7.277550286727e-01  7.707973396327e-01  9.519500300048e-01   1.277905984457e+00  7.085045011248e-01  7.636283126352e-01  9.544808942056e-01
  1.277905984457e+00  7.085045011248e-01  7.636283126352e-01  9.544808942056e-01   1.263951880464e+00  6.919592043684e-01  7.581638482624e-01  9.567582286522e-01
  1.263951880464e+00  6.919592043684e-01  7.581638482624e-01  9.567582286522e-01   1.251750328770e+00  6.778605741980e-01  7.540719018853e-01  9.587040719293e-01
  1.251750328770e+00  6.778605741980e-01  7.540719018853e-01  9.587040719293e-01   1.239891414220e+00  6.644496891903e-01  7.506957591767e-01  9.604999629028e-01
  1.239891414220e+00  6.644496891903e-01  7.506957591767e-01  9.604999629028e-01   1.226059050370e+00  6.491364924921e-01  7.474845119124e-01  9.624098243934e-01
  1.226059050370e+00  6.491364924921e-01  7.474845119124e-01  9.624098243934e-01   1.220206124515e+00  6.427572193978e-01  7.463538080359e-01  9.631408873068e-01
  1.220206124515e+00  6.427572193978e-01  7.463538080359e-01  9.631408873068e-01   1.202759408008e+00  6.240790041645e-01  7.437480184996e-01  9.649826167656e-01
  1.202759408008e+00  6.240790041645e-01  7.437480184996e-01  9.649826167656e-01   1.200951185944e+00  6.221715734902e-01  7.435407096234e-01  9.651411343986e-01
  1.200951185944e+00  6.221715734902e-01  7.435407096234e-01  9.651411343986e-01   1.200374038997e+00  6.215638776300e-01  7.434769294714e-01  9.651903499331e-01
  1.200374038997e+00  6.215638776300e-01  7.434769294714e-01  9.651903499331e-01   1.199249633386e+00  6.203815077028e-01  7.433559668533e-01  9.652842917158e-01
  1.199249633386e+00  6.203815077028e-01  7.433559668533e-01  9.652842917158e-01   1.174841886041e+00  5.952259989120e-01  7.417386396963e-01  9.666431029415e-01
  1.174841886041e+00  5.952259989120e-01  7.417386396963e-01  9.666431029415e-01   1.159989504548e+00  5.804107124617e-01  7.415963396057e-01  9.667781604575e-01
  1.159989504548e+00  5.804107124617e-01  7.415963396057e-01  9.667781604575e-01   1.149546683417e+00  5.702291285259e-01  7.418166397239e-01  9.665399242323e-01
  1.149546683417e+00  5.702291285259e-01  7.418166397239e-01  9.665399242323e-01   1.141711478790e+00  5.627229038893e-01  7.421326078649e-01  9.661778640666e-01
  1.141711478790e+00  5.627229038893e-01  7.421326078649e-01  9.661778640666e-01   1.123858437910e+00  5.460654305124e-01  7.432551010273e-01  9.647694633466e-01
  1.123858437910e+00  5.460654305124e-01  7.432551010273e-01  9.647694633466e-01   1.111080216701e+00  5.345412631542e-01  7.443319138695e-01  9.632765858438e-01
  1.111080216701e+00  5.345412631542e-01  7.443319138695e-01  9.632765858438e-01   1.097123947600e+00  5.223519768758e-01  7.456961528788e-01  9.612079297390e-01
  1.097123947600e+00  5.223519768758e-01  7.456961528788e-01  9.612079297390e-01   1.085222303733e+00  5.122952735281e-01  7.469680361797e-01  9.591051016978e-01
  1.085222303733e+00  5.122952735281e-01  7.469680361797e-01  9.591051016978e-01   1.069416148571e+00  4.994324973170e-01  7.487485380568e-01  9.558704022885e-01
  1.069416148571e+00  4.994324973170e-01  7.487485380568e-01  9.558704022885e-01   1.057814029375e+00  4.903545568559e-01  7.500846451163e-01  9.532044166929e-01
  1.057814029375e+00  4.903545568559e-01  7.500846451163e-01  9.532044166929e-01   1.040884646030e+00  4.776656755318e-01  7.520254927681e-01  9.489224254710e-01
  1.040884646030e+00  4.776656755318e-01  7.520254927681e-01  9.489224254710e-01   1.014822506725e+00  4.594240794922e-01  7.548760172272e-01  9.415628824334e-01
  1.014822506725e+00  4.594240794922e-01  7.548760172272e-01  9.415628824334e-01   1.010942305527e+00  4.568413212174e-01  7.552780051112e-01  9.403994918041e-01
  1.010942305527e+00  4.568413212174e-01  7.552780051112e-01  9.403994918041e-01   1.007248172430e+00  4.544142012582e-01  7.556542051115e-01  9.392775175828e-01
  1.007248172430e+00  4.544142012582e-01  7.556542051115e-01  9.392775175828e-01   9.789571553271e-01  4.368417190028e-01  7.582965885276e-01  9.302804628135e-01
  9.789571553271e-01  4.368417190028e-01  7.582965885276e-01  9.302804628135e-01   9.667203767702e-01  4.297876183589e-01  7.592941212678e-01  9.262045312507e-01
  9.667203767702e-01  4.297876183589e-01  7.592941212678e-01  9.262045312507e-01   9.451788019701e-01  4.181487450363e-01  7.608170718544e-01  9.188262347517e-01
  9.451788019701e-01  4.181487450363e-01  7.608170718544e-01  9.188262347517e-01   9.405155495012e-01  4.157575182377e-01  7.611064132406e-01  9.172009988652e-01
  9.405155495012e-01  4.157575182377e-01  7.611064132406e-01  9.172009988652e-01   9.199675214275e-01  4.057515882002e-01  7.622071061787e-01  9.099484531675e-01
  9.199675214275e-01  4.057515882002e-01  7.622071061787e-01  9.099484531675e-01   9.116662905695e-01  4.019502245251e-01  7.625708649952e-01  9.069844029036e-01
  9.116662905695e-01  4.019502245251e-01  7.625708649952e-01  9.069844029036e-01   9.099894793240e-01  4.011989227868e-01  7.626386905783e-01  9.063837689674e-01
  9.099894793240e-01  4.011989227868e-01  7.626386905783e-01  9.063837689674e-01   8.993029939311e-01  3.965400952979e-01  7.630264439175e-01  9.025430895633e-01
  8.993029939311e-01  3.965400952979e-01  7.630264439175e-01  9.025430895633e-01   8.728595099648e-01  3.859531148826e-01  7.636584510344e-01  8.929731153905e-01
  8.728595099648e-01  3.859531148826e-01  7.636584510344e-01  8.929731153905e-01   8.628867141718e-01  3.823000429643e-01  7.637776845422e-01  8.893509153166e-01
  8.628867141718e-01  3.823000429643e-01  7.637776845422e-01  8.893509153166e-01   8.331854652279e-01  3.724867348707e-01  7.637582313880e-01  8.785648973295e-01
  8.331854652279e-01  3.724867348707e-01  7.637582313880e-01  8.785648973295e-01   8.203716199007e-01  3.687341357700e-01  7.635817306334e-01  8.739258268916e-01
  8.203716199007e-01  3.687341357700e-01  7.635817306334e-01  8.739258268916e-01   7.958353137267e-01  3.623350386728e-01  7.629726142701e-01  8.650914287013e-01
  7.958353137267e-01  3.623350386728e-01  7.629726142701e-01  8.650914287013e-01   7.929640952791e-01  3.616527108385e-01  7.628786731145e-01  8.640629046093e-01
  7.929640952791e-01  3.616527108385e-01  7.628786731145e-01  8.640629046093e-01   7.914544387751e-01  3.612994836438e-01  7.628274134277e-01  8.635226255960e-01
  7.914544387751e-01  3.612994836438e-01  7.628274134277e-01  8.635226255960e-01   7.636474061037e-01  3.554678415817e-01  7.616583590214e-01  8.536407410481e-01
  7.636474061037e-01  3.554678415817e-01  7.616583590214e-01  8.536407410481e-01   7.483035807512e-01  3.527908995114e-01  7.608365313899e-01  8.482526301764e-01
  7.483035807512e-01  3.527908995114e-01  7.608365313899e-01  8.482526301764e-01   7.256904472970e-01  3.495361558201e-01  7.594074560480e-01  8.404096719639e-01
  7.256904472970e-01  3.495361558201e-01  7.594074560480e-01  8.404096719639e-01   7.032459676766e-01  3.471111465425e-01  7.577444444526e-01  8.327543128609e-01
  7.032459676766e-01  3.471111465425e-01  7.577444444526e-01  8.327543128609e-01   6.766320972025e-01  3.452691749724e-01  7.554754071433e-01  8.238636945001e-01
  6.766320972025e-01  3.452691749724e-01  7.554754071433e-01  8.238636945001e-01   6.557503274141e-01  3.446092467620e-01  7.534834835842e-01  8.170445345479e-01
  6.557503274141e-01  3.446092467620e-01  7.534834835842e-01  8.170445345479e-01   6.389084198876e-01  3.445831719895e-01  7.517499455769e-01  8.116537350816e-01
  6.389084198876e-01  3.445831719895e-01  7.517499455769e-01  8.116537350816e-01   6.149553655668e-01  3.453340899794e-01  7.491024273156e-01  8.041681230483e-01
  6.149553655668e-01  3.453340899794e-01  7.491024273156e-01  8.041681230483e-01   6.100693116121e-01  3.456023405939e-01  7.485376120855e-01  8.026688377537e-01
  6.100693116121e-01  3.456023405939e-01  7.485376120855e-01  8.026688377537e-01   6.066519185001e-01  3.458133934227e-01  7.481378063444e-01  8.016260119079e-01
  6.066519185001e-01  3.458133934227e-01  7.481378063444e-01  8.016260119079e-01   5.794014477433e-01  3.481967883393e-01  7.448170162792e-01  7.934889673715e-01
  5.794014477433e-01  3.481967883393e-01  7.448170162792e-01  7.934889673715e-01   5.569998007925e-01  3.511137381771e-01  7.419267411031e-01  7.870539022129e-01
  5.569998007925e-01  3.511137381771e-01  7.419267411031e-01  7.870539022129e-01   5.433931236903e-01  3.533237881552e-01  7.401099002912e-01  7.832666246032e-01
  5.433931236903e-01  3.533237881552e-01  7.401099002912e-01  7.832666246032e-01   5.066522543595e-01  3.610422965015e-01  7.350200045416e-01  7.735452887352e-01
  5.066522543595e-01  3.610422965015e-01  7.350200045416e-01  7.735452887352e-01   4.981994127122e-01  3.631997829014e-01  7.338200960058e-01  7.714218826500e-01
  4.981994127122e-01  3.631997829014e-01  7.338200960058e-01  7.714218826500e-01   4.556822629822e-01  3.764440218000e-01  7.277153803189e-01  7.614716241906e-01
  4.556822629822e-01  3.764440218000e-01  7.277153803189e-01  7.614716241906e-01   4.497787601881e-01  3.786236995757e-01  7.268685373229e-01  7.601952924858e-01
  4.497787601881e-01  3.786236995757e-01  7.268685373229e-01  7.601952924858e-01   4.420212239147e-01  3.816253399102e-01  7.257602837643e-01  7.585608504278e-01
  4.420212239147e-01  3.816253399102e-01  7.257602837643e-01  7.585608504278e-01   4.207171056518e-01  3.907223387729e-01  7.227622212725e-01  7.543377508541e-01
  4.207171056518e-01  3.907223387729e-01  7.227622212725e-01  7.543377508541e-01   4.059115172586e-01  3.978465392508e-01  7.207416690479e-01  7.516513965488e-01
  4.059115172586e-01  3.978465392508e-01  7.207416690479e-01  7.516513965488e-01   3.887816223957e-01  4.070092806572e-01  7.185040814153e-01  7.488256256958e-01
  3.887816223957e-01  4.070092806572e-01  7.185040814153e-01  7.488256256958e-01   3.594646304389e-01  4.253693966411e-01  7.150608594445e-01  7.447938100200e-01
  3.594646304389e-01  4.253693966411e-01  7.150608594445e-01  7.447938100200e-01   3.510125000681e-01  4.313991051123e-01  7.141965660525e-01  7.438467683625e-01
  3.510125000681e-01  4.313991051123e-01  7.141965660525e-01  7.438467683625e-01   3.174348258310e-01  4.595639039905e-01  7.116596256355e-01  7.412541312702e-01
  3.174348258310e-01  4.595639039905e-01  7.116596256355e-01  7.412541312702e-01   2.847255950074e-01  4.963562131040e-01  7.115515794631e-01  7.411225444668e-01
  8.288971778645e-01  8.568071396620e-01  1.113060887983e+00  1.261771225665e+00   8.293270859399e-01  8.565029001501e-01  1.076373627920e+00  1.292822443458e+00
  8.293270859399e-01  8.565029001501e-01  1.076373627920e+00  1.292822443458e+00   8.297749197786e-01  8.562334254850e-01  1.038805616939e+00  1.319598642768e+00
  8.297749197786e-01  8.562334254850e-01  1.038805616939e+00  1.319598642768e+00   8.307003553324e-01  8.558034171192e-01  9.635814975750e-01  1.360349496966e+00
  8.307003553324e-01  8.558034171192e-01  9.635814975750e-01  1.360349496966e+00   8.311862362714e-01  8.556365909614e-01  9.254486130523e-01  1.375233286265e+00
  8.311862362714e-01  8.556365909614e-01  9.254486130523e-01  1.375233286265e+00   8.316807670562e-01  8.555039893368e-01  8.876000537851e-01  1.386488503053e+00
  8.316807670562e-01  8.555039893368e-01  8.876000537851e-01  1.386488503053e+00   8.326750637039e-01  8.553428086702e-01  8.143608385016e-01  1.398772515670e+00
  8.326750637039e-01  8.553428086702e-01  8.143608385016e-01  1.398772515670e+00   8.331854652279e-01  8.553123429193e-01  7.781850861137e-01  1.400298456683e+00
  8.331854652279e-01  8.553123429193e-01  7.781850861137e-01  1.400298456683e+00   8.336980345399e-01  8.553168269870e-01  7.427731816139e-01  1.398849663057e+00
  8.336980345399e-01  8.553168269870e-01  7.427731816139e-01  1.398849663057e+00   8.347087299523e-01  8.554304959958e-01  6.754593292606e-01  1.387704342021e+00
  8.347087299523e-01  8.554304959958e-01  6.754593292606e-01  1.387704342021e+00   8.352169172869e-01  8.555427282704e-01  6.427673682927e-01  1.378025424861e+00
  8.352169172869e-01  8.555427282704e-01  6.427673682927e-01  1.378025424861e+00   8.357191692143e-01  8.556928048698e-01  6.111347179940e-01  1.365720939920e+00
  8.357191692143e-01  8.556928048698e-01  6.111347179940e-01  1.365720939920e+00   8.366811907806e-01  8.561028854886e-01  5.521470850329e-01  1.333901472032e+00
  8.366811907806e-01  8.561028854886e-01  5.521470850329e-01  1.333901472032e+00   8.371474822739e-01  8.563697463558e-01  5.241500827834e-01  1.313984642236e+00
  8.371474822739e-01  8.563697463558e-01  5.241500827834e-01  1.313984642236e+00   8.375940703000e-01  8.566765889294e-01  4.975720158635e-01  1.291523891488e+00
  8.375940703000e-01  8.566765889294e-01  4.975720158635e-01  1.291523891488e+00   8.383993931680e-01  8.573972173184e-01  4.497934597267e-01  1.239702661105e+00
  8.383993931680e-01  8.573972173184e-01  4.497934597267e-01  1.239702661105e+00   8.387595694305e-01  8.578184019276e-01  4.282281892296e-01  1.209576461270e+00
  8.387595694305e-01  8.578184019276e-01  4.282281892296e-01  1.209576461270e+00   8.390807276104e-01  8.582741245671e-01  4.086888376170e-01  1.176817797492e+00
  8.390807276104e-01  8.582741245671e-01  4.086888376170e-01  1.176817797492e+00   8.395814524131e-01  8.592603321405e-01  3.769520551793e-01  1.104395450169e+00
  8.395814524131e-01  8.592603321405e-01  3.769520551793e-01  1.104395450169e+00   8.397599318589e-01  8.597952648993e-01  3.648329587231e-01  1.063732236472e+00
  8.397599318589e-01  8.597952648993e-01  3.648329587231e-01  1.063732236472e+00   8.398836428435e-01  8.603463344601e-01  3.557854473771e-01  1.020475049630e+00
  8.398836428435e-01  8.603463344601e-01  3.557854473771e-01  1.020475049630e+00   8.399612057526e-01  8.614562909223e-01  3.482563142811e-01  9.281148395445e-01
  8.399612057526e-01  8.614562909223e-01  3.482563142811e-01  9.281148395445e-01   8.399159810403e-01  8.620178524014e-01  3.503394596367e-01  8.782848764327e-01
  8.399159810403e-01  8.620178524014e-01  3.503394596367e-01  8.782848764327e-01   8.398156289532e-01  8.625704022262e-01  3.567859365217e-01  8.270325453848e-01
  8.398156289532e-01  8.625704022262e-01  3.567859365217e-01  8.270325453848e-01   8.394666913222e-01  8.636124995195e-01  3.829102900851e-01  7.244372357630e-01
  8.394666913222e-01  8.636124995195e-01  3.829102900851e-01  7.244372357630e-01   8.392203697215e-01  8.641073005050e-01  4.028828434129e-01  6.733457960986e-01
  8.392203697215e-01  8.641073005050e-01  4.028828434129e-01  6.733457960986e-01   8.389328244453e-01  8.645746901370e-01  4.270368550410e-01  6.240835304498e-01
  8.389328244453e-01  8.645746901370e-01  4.270368550410e-01  6.240835304498e-01   8.382616761900e-01  8.654064838927e-01  4.850143575974e-01  5.354216441787e-01
  8.382616761900e-01  8.654064838927e-01  4.850143575974e-01  5.354216441787e-01   8.378771359607e-01  8.657791331260e-01  5.184543089439e-01  4.959761082479e-01
  8.378771359607e-01  8.657791331260e-01  5.184543089439e-01  4.959761082479e-01   8.374680104600e-01  8.661175452086e-01  5.538035601343e-01  4.606955971822e-01
  8.374680104600e-01  8.661175452086e-01  5.538035601343e-01  4.606955971822e-01   8.366022403415e-01  8.666834170082e-01  6.270476966673e-01  4.036592460377e-01
  8.366022403415e-01  8.666834170082e-01  6.270476966673e-01  4.036592460377e-01   8.361394707976e-01  8.669186701537e-01  6.650955237726e-01  3.809959181246e-01
  8.361394707976e-01  8.669186701537e-01  6.650955237726e-01  3.809959181246e-01   8.356639999345e-01  8.671193865244e-01  7.033117685997e-01  3.623420059193e-01
  8.356639999345e-01  8.671193865244e-01  7.033117685997e-01  3.623420059193e-01   8.346969740452e-01  8.674147210560e-01  7.782561691717e-01  3.365620385735e-01
  8.346969740452e-01  8.674147210560e-01  7.782561691717e-01  3.365620385735e-01   8.341956026975e-01  8.675135679442e-01  8.156678869863e-01  3.287006607821e-01
  8.341956026975e-01  8.675135679442e-01  8.156678869863e-01  3.287006607821e-01   8.336889115454e-01  8.675781330489e-01  8.525093663400e-01  3.241062737192e-01
  8.336889115454e-01  8.675781330489e-01  8.525093663400e-01  3.241062737192e-01   8.326799088781e-01  8.676037746108e-01  9.231191927345e-01  3.240313150098e-01
  8.326799088781e-01  8.676037746108e-01  9.231191927345e-01  3.240313150098e-01   8.321668710439e-01  8.675642462545e-01  9.577000507721e-01  3.282996490764e-01
  8.321668710439e-01  8.675642462545e-01  9.577000507721e-01  3.282996490764e-01   8.316552250513e-01  8.674885130737e-01  9.913653008926e-01  3.353303100271e-01
  8.316552250513e-01  8.674885130737e-01  9.913653008926e-01  3.353303100271e-01   8.306585747076e-01  8.672297973979e-01  1.054811285145e+00  3.570136638157e-01
  8.306585747076e-01  8.672297973979e-01  1.054811285145e+00  3.570136638157e-01   8.301649374898e-01  8.670415923542e-01  1.085323378531e+00  3.718657941636e-01
  8.301649374898e-01  8.670415923542e-01  1.085323378531e+00  3.718657941636e-01   8.296832517017e-01  8.668140278831e-01  1.114615629605e+00  3.892739423177e-01
  8.296832517017e-01  8.668140278831e-01  1.114615629605e+00  3.892739423177e-01   8.287828122392e-01  8.662481660765e-01  1.168445691874e+00  4.310721789956e-01
  8.287828122392e-01  8.662481660765e-01  1.168445691874e+00  4.310721789956e-01   8.283600894598e-01  8.659022172818e-01  1.193504945119e+00  4.560536897981e-01
  8.283600894598e-01  8.659022172818e-01  1.193504945119e+00  4.560536897981e-01   8.279663732310e-01  8.655175621855e-01  1.216885052374e+00  4.836118278393e-01
  8.279663732310e-01  8.655175621855e-01  1.216885052374e+00  4.836118278393e-01   8.272943079017e-01  8.646526155885e-01  1.257429583161e+00  5.456368289885e-01
  8.272943079017e-01  8.646526155885e-01  1.257429583161e+00  5.456368289885e-01   8.270163851647e-01  8.641661553666e-01  1.274759433363e+00  5.810159983530e-01
  8.270163851647e-01  8.641661553666e-01  1.274759433363e+00  5.810159983530e-01   8.267866807324e-01  8.636527826169e-01  1.289603825967e+00  6.190628850157e-01
  8.267866807324e-01  8.636527826169e-01  1.289603825967e+00  6.190628850157e-01   8.264886001726e-01  8.625815717196e-01  1.310483989788e+00  7.018369123629e-01
  8.264886001726e-01  8.625815717196e-01  1.310483989788e+00  7.018369123629e-01   8.264206760748e-01  8.620206923713e-01  1.316173442570e+00  7.475299239190e-01
  8.264206760748e-01  8.620206923713e-01  1.316173442570e+00  7.475299239190e-01   8.264099629717e-01  8.614562910579e-01  1.318114353137e+00  7.954746470417e-01
  8.264099629717e-01  8.614562910579e-01  1.318114353137e+00  7.954746470417e-01   8.265535685258e-01  8.603573560316e-01  1.309703527165e+00  8.951802941554e-01
  8.265535685258e-01  8.603573560316e-01  1.309703527165e+00  8.951802941554e-01   8.267057944847e-01  8.598192704784e-01  1.298764343664e+00  9.471957326611e-01
  8.267057944847e-01  8.598192704784e-01  1.298764343664e+00  9.471957326611e-01   8.269073091718e-01  8.593008585736e-01  1.283217389265e+00  9.991896980265e-01
  8.269073091718e-01  8.593008585736e-01  1.283217389265e+00  9.991896980265e-01   8.274339169590e-01  8.583517930763e-01  1.239690496614e+00  1.098179625433e+00
  8.274339169590e-01  8.583517930763e-01  1.239690496614e+00  1.098179625433e+00   8.277578371238e-01  8.579140995391e-01  1.211872160733e+00  1.144805614488e+00
  8.277578371238e-01  8.579140995391e-01  1.211872160733e+00  1.144805614488e+00   8.281143280906e-01  8.575084863750e-01  1.180915025468e+00  1.188064811024e+00
  8.281143280906e-01  8.575084863750e-01  1.180915025468e+00  1.188064811024e+00   8.288971778645e-01  8.568071396620e-01  1.113060887983e+00  1.261771225665e+00
