#
# Columns: x1 y1 u1 v1 x2 y2 u2 v2
#
# To plot the image plane curves, connect each (x1,y1)
# to the (x2,y2) on the same line -- do *not* connect
# consecutive lines!
#
# To plot the source plane curves, do the same for
# (u1,v1) and (u2,v2).
#
  1.052055251986e+02  9.181417915975e+01  1.429770473940e+02  1.401239686116e+02   1.047763986001e+02  9.207886406419e+01  1.429096903079e+02  1.400516631109e+02
  1.047763986001e+02  9.207886406419e+01  1.429096903079e+02  1.400516631109e+02   1.023634010634e+02  9.361410986429e+01  1.424710453059e+02  1.396135377944e+02
  1.023634010634e+02  9.361410986429e+01  1.424710453059e+02  1.396135377944e+02   1.019502618993e+02  9.388517519441e+01  1.423854043391e+02  1.395336288384e+02
  1.019502618993e+02  9.388517519441e+01  1.423854043391e+02  1.395336288384e+02   1.018825639674e+02  9.392982787071e+01  1.423710694703e+02  1.395204106102e+02
  1.018825639674e+02  9.392982787071e+01  1.423710694703e+02  1.395204106102e+02   1.014820001204e+02  9.419539582738e+01  1.422844975878e+02  1.394415029840e+02
  1.014820001204e+02  9.419539582738e+01  1.422844975878e+02  1.394415029840e+02   9.852602398265e+01  9.622972780323e+01  1.415504316945e+02  1.388269727103e+02
  9.852602398265e+01  9.622972780323e+01  1.415504316945e+02  1.388269727103e+02   9.756365414623e+01  9.692164482697e+01  1.412741576114e+02  1.386168719545e+02
  9.756365414623e+01  9.692164482697e+01  1.412741576114e+02  1.386168719545e+02   9.507920118169e+01  9.878001095815e+01  1.404730545409e+02  1.380593264354e+02
  9.507920118169e+01  9.878001095815e+01  1.404730545409e+02  1.380593264354e+02   9.412670556145e+01  9.952153486179e+01  1.401316237225e+02  1.378418132797e+02
  9.412670556145e+01  9.952153486179e+01  1.401316237225e+02  1.378418132797e+02   9.269790470975e+01  1.006660109968e+02  1.395830918521e+02  1.375139693668e+02
  9.269790470975e+01  1.006660109968e+02  1.395830918521e+02  1.375139693668e+02   9.204048719901e+01  1.012061166652e+02  1.393158833747e+02  1.373630847802e+02
  9.204048719901e+01  1.012061166652e+02  1.393158833747e+02  1.373630847802e+02   9.158430268464e+01  1.015860885068e+02  1.391249309171e+02  1.372585547874e+02
  9.158430268464e+01  1.015860885068e+02  1.391249309171e+02  1.372585547874e+02   8.992143524115e+01  1.030087097733e+02  1.383901483539e+02  1.368800878979e+02
  8.992143524115e+01  1.030087097733e+02  1.383901483539e+02  1.368800878979e+02   8.809431564899e+01  1.046443347945e+02  1.375118651400e+02  1.364724376883e+02
  8.809431564899e+01  1.046443347945e+02  1.375118651400e+02  1.364724376883e+02   8.762657377445e+01  1.050761099136e+02  1.372749443343e+02  1.363700612751e+02
  8.762657377445e+01  1.050761099136e+02  1.372749443343e+02  1.363700612751e+02   8.602358790149e+01  1.065992423737e+02  1.364251795379e+02  1.360271747540e+02
  8.602358790149e+01  1.065992423737e+02  1.364251795379e+02  1.360271747540e+02   8.486013818806e+01  1.077496498481e+02  1.357713271537e+02  1.357875167118e+02
  8.486013818806e+01  1.077496498481e+02  1.357713271537e+02  1.357875167118e+02   8.457791616240e+01  1.080347788602e+02  1.356079623637e+02  1.357307285729e+02
  8.457791616240e+01  1.080347788602e+02  1.356079623637e+02  1.357307285729e+02   8.201176136873e+01  1.107467683939e+02  1.340356504244e+02  1.352428041845e+02
  8.201176136873e+01  1.107467683939e+02  1.340356504244e+02  1.352428041845e+02   8.102013880899e+01  1.118582567505e+02  1.333851754944e+02  1.350700344704e+02
  8.102013880899e+01  1.118582567505e+02  1.333851754944e+02  1.350700344704e+02   7.996858640542e+01  1.130807641256e+02  1.326683679550e+02  1.348979957071e+02
  7.996858640542e+01  1.130807641256e+02  1.326683679550e+02  1.348979957071e+02   7.905092969586e+01  1.141879611137e+02  1.320194604877e+02  1.347581622382e+02
  7.905092969586e+01  1.141879611137e+02  1.320194604877e+02  1.347581622382e+02   7.834510334964e+01  1.150675008735e+02  1.315050703969e+02  1.346576867777e+02
  7.834510334964e+01  1.150675008735e+02  1.315050703969e+02  1.346576867777e+02   7.752998611818e+01  1.161161565016e+02  1.308939555528e+02  1.345498910112e+02
  7.752998611818e+01  1.161161565016e+02  1.308939555528e+02  1.345498910112e+02   7.671416243847e+01  1.172043440559e+02  1.302632944461e+02  1.344514849217e+02
  7.671416243847e+01  1.172043440559e+02  1.302632944461e+02  1.344514849217e+02   7.591851263191e+01  1.183067292196e+02  1.296290601538e+02  1.343653517710e+02
  7.591851263191e+01  1.183067292196e+02  1.296290601538e+02  1.343653517710e+02   7.507713511449e+01  1.195217299223e+02  1.289366441415e+02  1.342856859242e+02
  7.507713511449e+01  1.195217299223e+02  1.289366441415e+02  1.342856859242e+02   7.424643920540e+01  1.207773340193e+02  1.282296449407e+02  1.342195210865e+02
  7.424643920540e+01  1.207773340193e+02  1.282296449407e+02  1.342195210865e+02   7.335012095902e+01  1.222038465761e+02  1.274385611701e+02  1.341633668623e+02
  7.335012095902e+01  1.222038465761e+02  1.274385611701e+02  1.341633668623e+02   7.211358055878e+01  1.243185050463e+02  1.262931914605e+02  1.341150516397e+02
  7.211358055878e+01  1.243185050463e+02  1.262931914605e+02  1.341150516397e+02   7.157461593798e+01  1.253042267889e+02  1.257717163031e+02  1.341058795953e+02
  7.157461593798e+01  1.253042267889e+02  1.257717163031e+02  1.341058795953e+02   7.125399265515e+01  1.259122844794e+02  1.254542866527e+02  1.341042157422e+02
  7.125399265515e+01  1.259122844794e+02  1.254542866527e+02  1.341042157422e+02   6.983543912749e+01  1.288430233042e+02  1.239735888382e+02  1.341357648692e+02
  6.983543912749e+01  1.288430233042e+02  1.239735888382e+02  1.341357648692e+02   6.870074888742e+01  1.315811949819e+02  1.226712458133e+02  1.342177684712e+02
  6.870074888742e+01  1.315811949819e+02  1.226712458133e+02  1.342177684712e+02   6.839232792538e+01  1.324144768605e+02  1.222918362107e+02  1.342514462078e+02
  6.839232792538e+01  1.324144768605e+02  1.222918362107e+02  1.342514462078e+02   6.815496334863e+01  1.330902359193e+02  1.219902426504e+02  1.342814398487e+02
  6.815496334863e+01  1.330902359193e+02  1.219902426504e+02  1.342814398487e+02   6.750814398415e+01  1.351309578610e+02  1.211138883128e+02  1.343851846430e+02
  6.750814398415e+01  1.351309578610e+02  1.211138883128e+02  1.343851846430e+02   6.685982557152e+01  1.376387821268e+02  1.201116791654e+02  1.345354036611e+02
  6.685982557152e+01  1.376387821268e+02  1.201116791654e+02  1.345354036611e+02   6.673662476844e+01  1.382032780231e+02  1.198980278901e+02  1.345720087369e+02
  6.673662476844e+01  1.382032780231e+02  1.198980278901e+02  1.345720087369e+02   6.660165187359e+01  1.388720934572e+02  1.196507737908e+02  1.346164693118e+02
  6.660165187359e+01  1.388720934572e+02  1.196507737908e+02  1.346164693118e+02   6.616121104066e+01  1.417385968043e+02  1.186660645315e+02  1.348171192477e+02
  6.616121104066e+01  1.417385968043e+02  1.186660645315e+02  1.348171192477e+02   6.598500100652e+01  1.438481572325e+02  1.180231389476e+02  1.349703243988e+02
  6.598500100652e+01  1.438481572325e+02  1.180231389476e+02  1.349703243988e+02   6.594509107977e+01  1.462466284450e+02  1.173821427011e+02  1.351431592793e+02
  6.594509107977e+01  1.462466284450e+02  1.173821427011e+02  1.351431592793e+02   6.614866219909e+01  1.492252430585e+02  1.167289373255e+02  1.353440281595e+02
  6.614866219909e+01  1.492252430585e+02  1.167289373255e+02  1.353440281595e+02   6.687446802833e+01  1.530982695335e+02  1.161387750840e+02  1.355545033135e+02
  6.687446802833e+01  1.530982695335e+02  1.161387750840e+02  1.355545033135e+02   6.722561373191e+01  1.543296997315e+02  1.160179882218e+02  1.356026182757e+02
  6.722561373191e+01  1.543296997315e+02  1.160179882218e+02  1.356026182757e+02   6.866929355073e+01  1.580111998143e+02  1.158704417149e+02  1.356657324494e+02
  6.866929355073e+01  1.580111998143e+02  1.158704417149e+02  1.356657324494e+02   6.936528336566e+01  1.593643882945e+02  1.159037098486e+02  1.356495293092e+02
  6.936528336566e+01  1.593643882945e+02  1.159037098486e+02  1.356495293092e+02   7.151274717995e+01  1.626753219881e+02  1.162106458170e+02  1.354851873675e+02
  7.151274717995e+01  1.626753219881e+02  1.162106458170e+02  1.354851873675e+02   7.472603181390e+01  1.662651569463e+02  1.169671749930e+02  1.350233898003e+02
  7.472603181390e+01  1.662651569463e+02  1.169671749930e+02  1.350233898003e+02   7.482058159081e+01  1.663546058027e+02  1.169925874777e+02  1.350068179795e+02
  7.482058159081e+01  1.663546058027e+02  1.169925874777e+02  1.350068179795e+02   7.813662688021e+01  1.690833217519e+02  1.179510428292e+02  1.343395155292e+02
  7.813662688021e+01  1.690833217519e+02  1.179510428292e+02  1.343395155292e+02   7.976279536847e+01  1.701864553787e+02  1.184539073914e+02  1.339586983917e+02
  7.976279536847e+01  1.701864553787e+02  1.184539073914e+02  1.339586983917e+02   8.111878075534e+01  1.710128198044e+02  1.188829392167e+02  1.336178870379e+02
  8.111878075534e+01  1.710128198044e+02  1.188829392167e+02  1.336178870379e+02   8.249516651169e+01  1.717756339423e+02  1.193243543824e+02  1.332521233385e+02
  8.249516651169e+01  1.717756339423e+02  1.193243543824e+02  1.332521233385e+02   8.386767251334e+01  1.724682424103e+02  1.197680944199e+02  1.328689583274e+02
  8.386767251334e+01  1.724682424103e+02  1.197680944199e+02  1.328689583274e+02   8.538014180380e+01  1.731607219165e+02  1.202588291052e+02  1.324269301204e+02
  8.538014180380e+01  1.731607219165e+02  1.202588291052e+02  1.324269301204e+02   8.721372860139e+01  1.739107737041e+02  1.208530820754e+02  1.318653290516e+02
  8.721372860139e+01  1.739107737041e+02  1.208530820754e+02  1.318653290516e+02   9.102520752636e+01  1.751973749998e+02  1.220724547744e+02  1.306174510155e+02
  9.102520752636e+01  1.751973749998e+02  1.220724547744e+02  1.306174510155e+02   9.119748143650e+01  1.752476978328e+02  1.221267611079e+02  1.305587108025e+02
  9.119748143650e+01  1.752476978328e+02  1.221267611079e+02  1.305587108025e+02   9.130596247065e+01  1.752790615823e+02  1.221609136227e+02  1.305216250214e+02
  9.130596247065e+01  1.752790615823e+02  1.221609136227e+02  1.305216250214e+02   9.479056148323e+01  1.761602381843e+02  1.232369679394e+02  1.292928808795e+02
  9.479056148323e+01  1.761602381843e+02  1.232369679394e+02  1.292928808795e+02   9.721153188448e+01  1.766395738311e+02  1.239559221123e+02  1.284006341313e+02
  9.721153188448e+01  1.766395738311e+02  1.239559221123e+02  1.284006341313e+02   9.806618756003e+01  1.767849118061e+02  1.242031746718e+02  1.280790140378e+02
  9.806618756003e+01  1.767849118061e+02  1.242031746718e+02  1.280790140378e+02   9.892257557520e+01  1.769186262244e+02  1.244472219754e+02  1.277535565261e+02
  9.892257557520e+01  1.769186262244e+02  1.244472219754e+02  1.277535565261e+02   1.009640228983e+02  1.771911304552e+02  1.250130698454e+02  1.269659322450e+02
  1.009640228983e+02  1.771911304552e+02  1.250130698454e+02  1.269659322450e+02   1.030079439673e+02  1.774018095992e+02  1.255554887918e+02  1.261626802983e+02
  1.030079439673e+02  1.774018095992e+02  1.255554887918e+02  1.261626802983e+02   1.036873191347e+02  1.774586631138e+02  1.257301045719e+02  1.258928676217e+02
  1.036873191347e+02  1.774586631138e+02  1.257301045719e+02  1.258928676217e+02   1.042548452190e+02  1.775012606637e+02  1.258737169377e+02  1.256665120078e+02
  1.042548452190e+02  1.775012606637e+02  1.258737169377e+02  1.256665120078e+02   1.063042837692e+02  1.776189673180e+02  1.263746293936e+02  1.248426939820e+02
  1.063042837692e+02  1.776189673180e+02  1.263746293936e+02  1.248426939820e+02   1.086662297556e+02  1.776870654347e+02  1.269158768974e+02  1.238835063855e+02
  1.086662297556e+02  1.776870654347e+02  1.269158768974e+02  1.238835063855e+02   1.088583866853e+02  1.776895271350e+02  1.269581441790e+02  1.238051324116e+02
  1.088583866853e+02  1.776895271350e+02  1.269581441790e+02  1.238051324116e+02   1.096489424468e+02  1.776948930932e+02  1.271291665247e+02  1.234823009692e+02
  1.096489424468e+02  1.776948930932e+02  1.271291665247e+02  1.234823009692e+02   1.130120524239e+02  1.776343330374e+02  1.278035596883e+02  1.221053373976e+02
  1.130120524239e+02  1.776343330374e+02  1.278035596883e+02  1.221053373976e+02   1.140489363097e+02  1.775892355809e+02  1.279935657068e+02  1.216810260744e+02
  1.140489363097e+02  1.775892355809e+02  1.279935657068e+02  1.216810260744e+02   1.168486486849e+02  1.774075495193e+02  1.284628796730e+02  1.205406545766e+02
  1.168486486849e+02  1.774075495193e+02  1.284628796730e+02  1.205406545766e+02   1.190698873692e+02  1.772028947164e+02  1.287887960718e+02  1.196458745873e+02
  1.190698873692e+02  1.772028947164e+02  1.287887960718e+02  1.196458745873e+02   1.202246043064e+02  1.770758878265e+02  1.289417284893e+02  1.191858602817e+02
  1.202246043064e+02  1.770758878265e+02  1.289417284893e+02  1.191858602817e+02   1.218700783903e+02  1.768709772368e+02  1.291400171042e+02  1.185380784091e+02
  1.218700783903e+02  1.768709772368e+02  1.291400171042e+02  1.185380784091e+02   1.230299567472e+02  1.767098600493e+02  1.292658960019e+02  1.180878879657e+02
  1.230299567472e+02  1.767098600493e+02  1.292658960019e+02  1.180878879657e+02   1.238096328423e+02  1.765938886786e+02  1.293440659134e+02  1.177886669912e+02
  1.238096328423e+02  1.765938886786e+02  1.293440659134e+02  1.177886669912e+02   1.257088785560e+02  1.762858575025e+02  1.295129193280e+02  1.170727477363e+02
  1.257088785560e+02  1.762858575025e+02  1.295129193280e+02  1.170727477363e+02   1.280726253780e+02  1.758525244079e+02  1.296809749941e+02  1.162114938080e+02
  1.280726253780e+02  1.758525244079e+02  1.296809749941e+02  1.162114938080e+02   1.282292535828e+02  1.758218706428e+02  1.296904916548e+02  1.161557329145e+02
  1.282292535828e+02  1.758218706428e+02  1.296904916548e+02  1.161557329145e+02   1.283468396397e+02  1.757987007131e+02  1.296975056381e+02  1.161139857866e+02
  1.283468396397e+02  1.757987007131e+02  1.296975056381e+02  1.161139857866e+02   1.292218799234e+02  1.756220372809e+02  1.297462143993e+02  1.158064677681e+02
  1.292218799234e+02  1.756220372809e+02  1.297462143993e+02  1.158064677681e+02   1.326403194070e+02  1.748607078888e+02  1.298795657100e+02  1.146638449712e+02
  1.326403194070e+02  1.748607078888e+02  1.298795657100e+02  1.146638449712e+02   1.333714072914e+02  1.746832598616e+02  1.298968799829e+02  1.144329069836e+02
  1.333714072914e+02  1.746832598616e+02  1.298968799829e+02  1.144329069836e+02   1.366652000000e+02  1.738202356090e+02  1.299306080663e+02  1.134594704762e+02
  1.366652000000e+02  1.738202356090e+02  1.299306080663e+02  1.134594704762e+02   1.376838467476e+02  1.735323061612e+02  1.299276704364e+02  1.131824647214e+02
  1.376838467476e+02  1.735323061612e+02  1.299276704364e+02  1.131824647214e+02   1.405107295291e+02  1.726811954861e+02  1.298918577574e+02  1.124794290536e+02
  1.405107295291e+02  1.726811954861e+02  1.298918577574e+02  1.124794290536e+02   1.407254232181e+02  1.726134227150e+02  1.298876893739e+02  1.124301828036e+02
  1.407254232181e+02  1.726134227150e+02  1.298876893739e+02  1.124301828036e+02   1.414528065113e+02  1.723805115655e+02  1.298722720404e+02  1.122678754096e+02
  1.414528065113e+02  1.723805115655e+02  1.298722720404e+02  1.122678754096e+02   1.436249007954e+02  1.716546070679e+02  1.298162080958e+02  1.118262358439e+02
  1.436249007954e+02  1.716546070679e+02  1.298162080958e+02  1.118262358439e+02   1.442554409159e+02  1.714353201001e+02  1.297977489625e+02  1.117105040203e+02
  1.442554409159e+02  1.714353201001e+02  1.297977489625e+02  1.117105040203e+02   1.454885590819e+02  1.709952707152e+02  1.297598029933e+02  1.115009305939e+02
  1.454885590819e+02  1.709952707152e+02  1.297598029933e+02  1.115009305939e+02   1.478728804181e+02  1.701020540117e+02  1.296837287162e+02  1.111604207904e+02
  1.478728804181e+02  1.701020540117e+02  1.296837287162e+02  1.111604207904e+02   1.512669602326e+02  1.687327903378e+02  1.295863370262e+02  1.108280914881e+02
  1.512669602326e+02  1.687327903378e+02  1.295863370262e+02  1.108280914881e+02   1.513418925001e+02  1.687012447188e+02  1.295845303780e+02  1.108228134458e+02
  1.513418925001e+02  1.687012447188e+02  1.295845303780e+02  1.108228134458e+02   1.513934537056e+02  1.686795057664e+02  1.295832992834e+02  1.108192345752e+02
  1.513934537056e+02  1.686795057664e+02  1.295832992834e+02  1.108192345752e+02   1.547363575117e+02  1.672113904839e+02  1.295294150810e+02  1.106777658456e+02
  1.547363575117e+02  1.672113904839e+02  1.295294150810e+02  1.106777658456e+02   1.553895660878e+02  1.669108320050e+02  1.295263509588e+02  1.106708948082e+02
  1.553895660878e+02  1.669108320050e+02  1.295263509588e+02  1.106708948082e+02   1.581243811531e+02  1.656025936457e+02  1.295489387544e+02  1.107145678508e+02
  1.581243811531e+02  1.656025936457e+02  1.295489387544e+02  1.107145678508e+02   1.604619971057e+02  1.644188686669e+02  1.296232276601e+02  1.108418819882e+02
  1.604619971057e+02  1.644188686669e+02  1.296232276601e+02  1.108418819882e+02   1.614798561535e+02  1.638840057056e+02  1.296743162915e+02  1.109221079479e+02
  1.614798561535e+02  1.638840057056e+02  1.296743162915e+02  1.109221079479e+02   1.637687233268e+02  1.626368184226e+02  1.298364606743e+02  1.111544017322e+02
  1.637687233268e+02  1.626368184226e+02  1.298364606743e+02  1.111544017322e+02   1.647769158728e+02  1.620674332917e+02  1.299304744086e+02  1.112783055625e+02
  1.647769158728e+02  1.620674332917e+02  1.299304744086e+02  1.112783055625e+02   1.669653129153e+02  1.607878367109e+02  1.301867205781e+02  1.115890137268e+02
  1.669653129153e+02  1.607878367109e+02  1.301867205781e+02  1.115890137268e+02   1.680790000714e+02  1.601129707628e+02  1.303463362928e+02  1.117674096462e+02
  1.680790000714e+02  1.601129707628e+02  1.303463362928e+02  1.117674096462e+02   1.691426917070e+02  1.594529953870e+02  1.305182432354e+02  1.119494186698e+02
  1.691426917070e+02  1.594529953870e+02  1.305182432354e+02  1.119494186698e+02   1.714478360313e+02  1.579691721281e+02  1.309593305284e+02  1.123785893886e+02
  1.714478360313e+02  1.579691721281e+02  1.309593305284e+02  1.123785893886e+02   1.729448492687e+02  1.569645637306e+02  1.312984037604e+02  1.126792310784e+02
  1.729448492687e+02  1.569645637306e+02  1.312984037604e+02  1.126792310784e+02   1.748511794318e+02  1.556359689490e+02  1.317929726825e+02  1.130821489973e+02
  1.748511794318e+02  1.556359689490e+02  1.317929726825e+02  1.130821489973e+02   1.753247828061e+02  1.552969869429e+02  1.319270410854e+02  1.131851391186e+02
  1.753247828061e+02  1.552969869429e+02  1.319270410854e+02  1.131851391186e+02   1.765331667089e+02  1.544153844832e+02  1.322897412350e+02  1.134521139541e+02
  1.765331667089e+02  1.544153844832e+02  1.322897412350e+02  1.134521139541e+02   1.777654584467e+02  1.534907860034e+02  1.326906115827e+02  1.137293540232e+02
  1.777654584467e+02  1.534907860034e+02  1.326906115827e+02  1.137293540232e+02   1.782511988152e+02  1.531189890398e+02  1.328573454560e+02  1.138396735626e+02
  1.782511988152e+02  1.531189890398e+02  1.328573454560e+02  1.138396735626e+02   1.810011343976e+02  1.509312069067e+02  1.338959849483e+02  1.144696616307e+02
  1.810011343976e+02  1.509312069067e+02  1.338959849483e+02  1.144696616307e+02   1.816980067894e+02  1.503531714645e+02  1.341851244873e+02  1.146294352732e+02
  1.816980067894e+02  1.503531714645e+02  1.341851244873e+02  1.146294352732e+02   1.845534343674e+02  1.478750769500e+02  1.354816277964e+02  1.152755709101e+02
  1.845534343674e+02  1.478750769500e+02  1.354816277964e+02  1.152755709101e+02   1.852360843504e+02  1.472546652052e+02  1.358185348594e+02  1.154265623115e+02
  1.852360843504e+02  1.472546652052e+02  1.358185348594e+02  1.154265623115e+02   1.867087616854e+02  1.458761026768e+02  1.365813041554e+02  1.157454674391e+02
  1.867087616854e+02  1.458761026768e+02  1.365813041554e+02  1.157454674391e+02   1.883437098227e+02  1.442764175331e+02  1.374864235810e+02  1.160858401553e+02
  1.883437098227e+02  1.442764175331e+02  1.374864235810e+02  1.160858401553e+02   1.885808857905e+02  1.440378767296e+02  1.376228850699e+02  1.161338089330e+02
  1.885808857905e+02  1.440378767296e+02  1.376228850699e+02  1.161338089330e+02   1.888012706939e+02  1.438146835832e+02  1.377508675706e+02  1.161780314312e+02
  1.888012706939e+02  1.438146835832e+02  1.377508675706e+02  1.161780314312e+02   1.904593694885e+02  1.420854734947e+02  1.387506432336e+02  1.164989570431e+02
  1.904593694885e+02  1.420854734947e+02  1.387506432336e+02  1.164989570431e+02   1.923102610115e+02  1.400407432040e+02  1.399452243261e+02  1.168289654841e+02
  1.923102610115e+02  1.400407432040e+02  1.399452243261e+02  1.168289654841e+02   1.924149545684e+02  1.399211174724e+02  1.400153319137e+02  1.168466271789e+02
  1.924149545684e+02  1.399211174724e+02  1.400153319137e+02  1.168466271789e+02   1.925935271263e+02  1.397160343765e+02  1.401355498682e+02  1.168764865102e+02
  1.925935271263e+02  1.397160343765e+02  1.401355498682e+02  1.168764865102e+02   1.946706260016e+02  1.372267508548e+02  1.415943367574e+02  1.171973098442e+02
  1.946706260016e+02  1.372267508548e+02  1.415943367574e+02  1.171973098442e+02   1.957535396811e+02  1.358441575187e+02  1.424007944885e+02  1.173431600661e+02
  1.957535396811e+02  1.358441575187e+02  1.424007944885e+02  1.173431600661e+02   1.969508351030e+02  1.342362586203e+02  1.433314615773e+02  1.174849633138e+02
  1.969508351030e+02  1.342362586203e+02  1.433314615773e+02  1.174849633138e+02   1.990839604450e+02  1.311216659517e+02  1.451007547097e+02  1.176794788845e+02
  1.990839604450e+02  1.311216659517e+02  1.451007547097e+02  1.176794788845e+02   1.991871652083e+02  1.309614074248e+02  1.451903014294e+02  1.176867780134e+02
  1.991871652083e+02  1.309614074248e+02  1.451903014294e+02  1.176867780134e+02   1.992646282409e+02  1.308404673395e+02  1.452577697665e+02  1.176921178995e+02
  1.992646282409e+02  1.308404673395e+02  1.452577697665e+02  1.176921178995e+02   2.005206516404e+02  1.287939885964e+02  1.463841711317e+02  1.177611582138e+02
  2.005206516404e+02  1.287939885964e+02  1.463841711317e+02  1.177611582138e+02   2.016293599566e+02  1.268299388459e+02  1.474350358156e+02  1.177916696356e+02
  2.016293599566e+02  1.268299388459e+02  1.474350358156e+02  1.177916696356e+02   2.018489231575e+02  1.264198898524e+02  1.476503181698e+02  1.177939052491e+02
  2.018489231575e+02  1.264198898524e+02  1.476503181698e+02  1.177939052491e+02   2.021150448569e+02  1.259122624967e+02  1.479147508229e+02  1.177947842582e+02
  2.021150448569e+02  1.259122624967e+02  1.479147508229e+02  1.177947842582e+02   2.031312573032e+02  1.238503012577e+02  1.489639156645e+02  1.177779426839e+02
  2.031312573032e+02  1.238503012577e+02  1.489639156645e+02  1.177779426839e+02   2.040885569172e+02  1.216793843833e+02  1.500219247719e+02  1.177277911725e+02
  2.040885569172e+02  1.216793843833e+02  1.500219247719e+02  1.177277911725e+02   2.043742246922e+02  1.209749772281e+02  1.503542214826e+02  1.177050644163e+02
  2.043742246922e+02  1.209749772281e+02  1.503542214826e+02  1.177050644163e+02   2.046296511120e+02  1.203178050182e+02  1.506591541862e+02  1.176812315289e+02
  2.046296511120e+02  1.203178050182e+02  1.506591541862e+02  1.176812315289e+02   2.055819264266e+02  1.175660152745e+02  1.518801185259e+02  1.175565998063e+02
  2.055819264266e+02  1.175660152745e+02  1.518801185259e+02  1.175565998063e+02   2.064513275369e+02  1.143450613171e+02  1.531862210818e+02  1.173690195810e+02
  2.064513275369e+02  1.143450613171e+02  1.531862210818e+02  1.173690195810e+02   2.066377196567e+02  1.134843813109e+02  1.535111970085e+02  1.173130640061e+02
  2.066377196567e+02  1.134843813109e+02  1.535111970085e+02  1.173130640061e+02   2.073453989926e+02  1.080508427677e+02  1.553072610515e+02  1.169286756014e+02
  2.073453989926e+02  1.080508427677e+02  1.553072610515e+02  1.169286756014e+02   2.073458705555e+02  1.080418873651e+02  1.553098357940e+02  1.169280234271e+02
  2.073458705555e+02  1.080418873651e+02  1.553098357940e+02  1.169280234271e+02   2.073463893217e+02  1.080319873881e+02  1.553126807725e+02  1.169273024285e+02
  2.073463893217e+02  1.080319873881e+02  1.553126807725e+02  1.169273024285e+02   2.073389785512e+02  1.044664195117e+02  1.562279407777e+02  1.166732375467e+02
  2.073389785512e+02  1.044664195117e+02  1.562279407777e+02  1.166732375467e+02   2.070564606013e+02  1.017393720870e+02  1.567717371275e+02  1.164976109000e+02
  2.070564606013e+02  1.017393720870e+02  1.567717371275e+02  1.164976109000e+02   2.067067981294e+02  9.984635566080e+01  1.570629436283e+02  1.163934681630e+02
  2.067067981294e+02  9.984635566080e+01  1.570629436283e+02  1.163934681630e+02   2.054753144702e+02  9.576658535510e+01  1.574262237344e+02  1.162483679380e+02
  2.054753144702e+02  9.576658535510e+01  1.574262237344e+02  1.162483679380e+02   2.030128926297e+02  9.093663573847e+01  1.573205631117e+02  1.163039967048e+02
  2.030128926297e+02  9.093663573847e+01  1.573205631117e+02  1.163039967048e+02   2.026012724382e+02  9.031516792760e+01  1.572585405393e+02  1.163371324892e+02
  2.026012724382e+02  9.031516792760e+01  1.572585405393e+02  1.163371324892e+02   1.999361131717e+02  8.698039446728e+01  1.567050754723e+02  1.166589546548e+02
  1.999361131717e+02  8.698039446728e+01  1.567050754723e+02  1.166589546548e+02   1.985098184308e+02  8.554439418317e+01  1.563378125439e+02  1.168921820064e+02
  1.985098184308e+02  8.554439418317e+01  1.563378125439e+02  1.168921820064e+02   1.959502419754e+02  8.337617218598e+01  1.556073775156e+02  1.173935821426e+02
  1.959502419754e+02  8.337617218598e+01  1.556073775156e+02  1.173935821426e+02   1.934942125093e+02  8.166576127485e+01  1.548534641148e+02  1.179582254169e+02
  1.934942125093e+02  8.166576127485e+01  1.548534641148e+02  1.179582254169e+02   1.917208956089e+02  8.060589342993e+01  1.542906352640e+02  1.184093076110e+02
  1.917208956089e+02  8.060589342993e+01  1.542906352640e+02  1.184093076110e+02   1.883929182162e+02  7.893370033825e+01  1.532152529766e+02  1.193406396094e+02
  1.883929182162e+02  7.893370033825e+01  1.532152529766e+02  1.193406396094e+02   1.881337519840e+02  7.881857914615e+01  1.531311297716e+02  1.194173863452e+02
  1.881337519840e+02  7.881857914615e+01  1.531311297716e+02  1.194173863452e+02   1.879502580952e+02  7.873827817654e+01  1.530715707938e+02  1.194720699726e+02
  1.879502580952e+02  7.873827817654e+01  1.530715707938e+02  1.194720699726e+02   1.849976471661e+02  7.757440235775e+01  1.521163840479e+02  1.203892979138e+02
  1.849976471661e+02  7.757440235775e+01  1.521163840479e+02  1.203892979138e+02   1.821599186486e+02  7.665914726802e+01  1.512121445274e+02  1.213310704659e+02
  1.821599186486e+02  7.665914726802e+01  1.512121445274e+02  1.213310704659e+02   1.821343911915e+02  7.665172975126e+01  1.512041026985e+02  1.213397863275e+02
  1.821343911915e+02  7.665172975126e+01  1.512041026985e+02  1.213397863275e+02   1.821063366003e+02  7.664359372516e+01  1.511952670460e+02  1.213493697038e+02
  1.821063366003e+02  7.664359372516e+01  1.511952670460e+02  1.213493697038e+02   1.793976497993e+02  7.593382876573e+01  1.503541994620e+02  1.222971988001e+02
  1.793976497993e+02  7.593382876573e+01  1.503541994620e+02  1.222971988001e+02   1.773642470670e+02  7.549320241992e+01  1.497410346112e+02  1.230357644731e+02
  1.773642470670e+02  7.549320241992e+01  1.497410346112e+02  1.230357644731e+02   1.768282093115e+02  7.538932520917e+01  1.495823764658e+02  1.232339701760e+02
  1.768282093115e+02  7.538932520917e+01  1.495823764658e+02  1.232339701760e+02   1.761188681160e+02  7.525942616830e+01  1.493744778881e+02  1.234983658681e+02
  1.761188681160e+02  7.525942616830e+01  1.493744778881e+02  1.234983658681e+02   1.731887736389e+02  7.480997717081e+01  1.485424995460e+02  1.246138730812e+02
  1.731887736389e+02  7.480997717081e+01  1.485424995460e+02  1.246138730812e+02   1.702434487570e+02  7.449024724311e+01  1.477544552004e+02  1.257676299481e+02
  1.702434487570e+02  7.449024724311e+01  1.477544552004e+02  1.257676299481e+02   1.693912031733e+02  7.442088560380e+01  1.475363018396e+02  1.261064882760e+02
  1.693912031733e+02  7.442088560380e+01  1.475363018396e+02  1.261064882760e+02   1.678395473358e+02  7.432007630268e+01  1.471512071499e+02  1.267282207551e+02
  1.678395473358e+02  7.432007630268e+01  1.471512071499e+02  1.267282207551e+02   1.658579529884e+02  7.423752276913e+01  1.466831198509e+02  1.275296305698e+02
  1.658579529884e+02  7.423752276913e+01  1.466831198509e+02  1.275296305698e+02   1.646641702450e+02  7.421193456419e+01  1.464145231032e+02  1.280154936133e+02
  1.646641702450e+02  7.421193456419e+01  1.464145231032e+02  1.280154936133e+02   1.627659581165e+02  7.420735481748e+01  1.460090294925e+02  1.287911765304e+02
  1.627659581165e+02  7.420735481748e+01  1.460090294925e+02  1.287911765304e+02   1.607332421611e+02  7.425005401040e+01  1.456052729543e+02  1.296237437926e+02
  1.607332421611e+02  7.425005401040e+01  1.456052729543e+02  1.296237437926e+02   1.600067301747e+02  7.427693732682e+01  1.454688318178e+02  1.299212433679e+02
  1.600067301747e+02  7.427693732682e+01  1.454688318178e+02  1.299212433679e+02   1.593530701210e+02  7.430625899276e+01  1.453496781507e+02  1.301886928905e+02
  1.593530701210e+02  7.430625899276e+01  1.453496781507e+02  1.301886928905e+02   1.573583210937e+02  7.442529503605e+01  1.450075125194e+02  1.310024603425e+02
  1.573583210937e+02  7.442529503605e+01  1.450075125194e+02  1.310024603425e+02   1.554549386466e+02  7.457951067149e+01  1.447116943407e+02  1.317733899956e+02
  1.554549386466e+02  7.457951067149e+01  1.447116943407e+02  1.317733899956e+02   1.548528235986e+02  7.463639545199e+01  1.446244435140e+02  1.320156782980e+02
  1.548528235986e+02  7.463639545199e+01  1.446244435140e+02  1.320156782980e+02   1.542605126316e+02  7.469610528146e+01  1.445416039290e+02  1.322531254105e+02
  1.542605126316e+02  7.469610528146e+01  1.445416039290e+02  1.322531254105e+02   1.507898561973e+02  7.511948639017e+01  1.441162184749e+02  1.336218587935e+02
  1.507898561973e+02  7.511948639017e+01  1.441162184749e+02  1.336218587935e+02   1.494569781275e+02  7.531487077145e+01  1.439801674731e+02  1.341346843965e+02
  1.494569781275e+02  7.531487077145e+01  1.439801674731e+02  1.341346843965e+02   1.465448895032e+02  7.580368802980e+01  1.437352109746e+02  1.352229613101e+02
  1.465448895032e+02  7.580368802980e+01  1.437352109746e+02  1.352229613101e+02   1.449835604065e+02  7.610029901009e+01  1.436328944081e+02  1.357850139366e+02
  1.449835604065e+02  7.610029901009e+01  1.436328944081e+02  1.357850139366e+02   1.431345090490e+02  7.648236971457e+01  1.435370997015e+02  1.364279974427e+02
  1.431345090490e+02  7.648236971457e+01  1.435370997015e+02  1.364279974427e+02   1.407472583682e+02  7.702463065016e+01  1.434523485080e+02  1.372168811863e+02
  1.407472583682e+02  7.702463065016e+01  1.434523485080e+02  1.372168811863e+02   1.403058679553e+02  7.713090708073e+01  1.434412644325e+02  1.373571541000e+02
  1.403058679553e+02  7.713090708073e+01  1.434412644325e+02  1.373571541000e+02   1.394661237752e+02  7.733826464185e+01  1.434239528651e+02  1.376188739670e+02
  1.394661237752e+02  7.733826464185e+01  1.434239528651e+02  1.376188739670e+02   1.375973192573e+02  7.782399372610e+01  1.434023664797e+02  1.381757500266e+02
  1.375973192573e+02  7.782399372610e+01  1.434023664797e+02  1.381757500266e+02   1.366652000000e+02  7.807876438628e+01  1.433997919337e+02  1.384395295191e+02
  1.366652000000e+02  7.807876438628e+01  1.433997919337e+02  1.384395295191e+02   1.334138555494e+02  7.903254630195e+01  1.434279807545e+02  1.392801457721e+02
  1.334138555494e+02  7.903254630195e+01  1.434279807545e+02  1.392801457721e+02   1.327675002923e+02  7.923423241520e+01  1.434395384420e+02  1.394315933325e+02
  1.327675002923e+02  7.923423241520e+01  1.434395384420e+02  1.394315933325e+02   1.323591171306e+02  7.936373278177e+01  1.434477030795e+02  1.395244660073e+02
  1.323591171306e+02  7.936373278177e+01  1.434477030795e+02  1.395244660073e+02   1.290749590852e+02  8.046367990634e+01  1.435326510385e+02  1.401884959861e+02
  1.290749590852e+02  8.046367990634e+01  1.435326510385e+02  1.401884959861e+02   1.274425726640e+02  8.104940006232e+01  1.435832404876e+02  1.404610966048e+02
  1.274425726640e+02  8.104940006232e+01  1.435832404876e+02  1.404610966048e+02   1.255062302525e+02  8.177813538551e+01  1.436451303191e+02  1.407324940625e+02
  1.255062302525e+02  8.177813538551e+01  1.436451303191e+02  1.407324940625e+02   1.241141879953e+02  8.232502457861e+01  1.436880740641e+02  1.408918227832e+02
  1.241141879953e+02  8.232502457861e+01  1.436880740641e+02  1.408918227832e+02   1.219885073196e+02  8.319775475599e+01  1.437458694417e+02  1.410761860290e+02
  1.219885073196e+02  8.319775475599e+01  1.437458694417e+02  1.410761860290e+02   1.192466507609e+02  8.439183928152e+01  1.437951596208e+02  1.412076155761e+02
  1.192466507609e+02  8.439183928152e+01  1.437951596208e+02  1.412076155761e+02   1.185474162226e+02  8.470891332776e+01  1.438012981993e+02  1.412219483704e+02
  1.185474162226e+02  8.470891332776e+01  1.438012981993e+02  1.412219483704e+02   1.158406245318e+02  8.598557376686e+01  1.437923221401e+02  1.412048626884e+02
  1.158406245318e+02  8.598557376686e+01  1.437923221401e+02  1.412048626884e+02   1.152060190057e+02  8.629640664774e+01  1.437814614044e+02  1.411844324427e+02
  1.152060190057e+02  8.629640664774e+01  1.437814614044e+02  1.411844324427e+02   1.148120534229e+02  8.649161098328e+01  1.437728298532e+02  1.411686713208e+02
  1.148120534229e+02  8.649161098328e+01  1.437728298532e+02  1.411686713208e+02   1.118962828824e+02  8.799070185973e+01  1.436586434615e+02  1.409808100392e+02
  1.118962828824e+02  8.799070185973e+01  1.436586434615e+02  1.409808100392e+02   1.103908860504e+02  8.880314142125e+01  1.435606284040e+02  1.408368096052e+02
  1.103908860504e+02  8.880314142125e+01  1.435606284040e+02  1.408368096052e+02   1.085534841235e+02  8.983156670348e+01  1.433999255876e+02  1.406206944327e+02
  1.085534841235e+02  8.983156670348e+01  1.433999255876e+02  1.406206944327e+02   1.075081679270e+02  9.043521597542e+01  1.432867219413e+02  1.404791621523e+02
  1.075081679270e+02  9.043521597542e+01  1.432867219413e+02  1.404791621523e+02   1.052055251986e+02  9.181417915975e+01  1.429770473940e+02  1.401239686116e+02
  1.366487746449e+02  1.258844823176e+02  1.547712556505e+02  1.847738727244e+02   1.366434256611e+02  1.258860735177e+02  1.583790264237e+02  1.837011265743e+02
  1.366434256611e+02  1.258860735177e+02  1.583790264237e+02  1.837011265743e+02   1.366382274522e+02  1.258881037658e+02  1.618651563188e+02  1.823397886643e+02
  1.366382274522e+02  1.258881037658e+02  1.618651563188e+02  1.823397886643e+02   1.366285535478e+02  1.258933386719e+02  1.683542985957e+02  1.788273246979e+02
  1.366285535478e+02  1.258933386719e+02  1.683542985957e+02  1.788273246979e+02   1.366240105315e+02  1.258965797698e+02  1.714292983449e+02  1.766328217927e+02
  1.366240105315e+02  1.258965797698e+02  1.714292983449e+02  1.766328217927e+02   1.366197525737e+02  1.259001872691e+02  1.743458672351e+02  1.741606932165e+02
  1.366197525737e+02  1.259001872691e+02  1.743458672351e+02  1.741606932165e+02   1.366123011562e+02  1.259082788266e+02  1.795838553256e+02  1.684643202085e+02
  1.366123011562e+02  1.259082788266e+02  1.795838553256e+02  1.684643202085e+02   1.366090558923e+02  1.259128192237e+02  1.819468117718e+02  1.651554654834e+02
  1.366090558923e+02  1.259128192237e+02  1.819468117718e+02  1.651554654834e+02   1.366061992210e+02  1.259176137612e+02  1.840878736251e+02  1.615581993484e+02
  1.366061992210e+02  1.259176137612e+02  1.840878736251e+02  1.615581993484e+02   1.366017775043e+02  1.259276866851e+02  1.875684462230e+02  1.536018178560e+02
  1.366017775043e+02  1.259276866851e+02  1.875684462230e+02  1.536018178560e+02   1.366001818092e+02  1.259330351580e+02  1.889002432460e+02  1.491283382684e+02
  1.366001818092e+02  1.259330351580e+02  1.889002432460e+02  1.491283382684e+02   1.365990363259e+02  1.259384979237e+02  1.898968823783e+02  1.443612168786e+02
  1.365990363259e+02  1.259384979237e+02  1.898968823783e+02  1.443612168786e+02   1.365981247004e+02  1.259494618377e+02  1.907313777949e+02  1.341413370920e+02
  1.365981247004e+02  1.259494618377e+02  1.907313777949e+02  1.341413370920e+02   1.365983523759e+02  1.259550391521e+02  1.905020332595e+02  1.285971333290e+02
  1.365983523759e+02  1.259550391521e+02  1.905020332595e+02  1.285971333290e+02   1.365990432334e+02  1.259605783033e+02  1.897847692458e+02  1.228682600758e+02
  1.365990432334e+02  1.259605783033e+02  1.897847692458e+02  1.228682600758e+02   1.366017426998e+02  1.259712445677e+02  1.868505357128e+02  1.113148402661e+02
  1.366017426998e+02  1.259712445677e+02  1.868505357128e+02  1.113148402661e+02   1.366037701372e+02  1.259764456361e+02  1.845914579181e+02  1.055215955013e+02
  1.366037701372e+02  1.259764456361e+02  1.845914579181e+02  1.055215955013e+02   1.366062233583e+02  1.259814599574e+02  1.818494181152e+02  9.991644310005e+01
  1.366062233583e+02  1.259814599574e+02  1.818494181152e+02  9.991644310005e+01   1.366122422173e+02  1.259906703351e+02  1.752504278935e+02  8.980407329629e+01
  1.366122422173e+02  1.259906703351e+02  1.752504278935e+02  8.980407329629e+01   1.366158495246e+02  1.259949303130e+02  1.714452197765e+02  8.530655747676e+01
  1.366158495246e+02  1.259949303130e+02  1.714452197765e+02  8.530655747676e+01   1.366197986567e+02  1.259988753529e+02  1.674293835282e+02  8.129080079402e+01
  1.366197986567e+02  1.259988753529e+02  1.674293835282e+02  8.129080079402e+01   1.366284825412e+02  1.260056304836e+02  1.591393463240e+02  7.482261176093e+01
  1.366284825412e+02  1.260056304836e+02  1.591393463240e+02  7.482261176093e+01   1.366332775041e+02  1.260084876059e+02  1.548510379744e+02  7.226389202860e+01
  1.366332775041e+02  1.260084876059e+02  1.548510379744e+02  7.226389202860e+01   1.366382933147e+02  1.260109360592e+02  1.505560502602e+02  7.016413401955e+01
  1.366382933147e+02  1.260109360592e+02  1.505560502602e+02  7.016413401955e+01   1.366486991202e+02  1.260145050644e+02  1.421666595714e+02  6.727425115797e+01
  1.366486991202e+02  1.260145050644e+02  1.421666595714e+02  6.727425115797e+01   1.366541614276e+02  1.260156505380e+02  1.379938127493e+02  6.639704494126e+01
  1.366541614276e+02  1.260156505380e+02  1.379938127493e+02  6.639704494126e+01   1.366596999346e+02  1.260163379688e+02  1.338934649259e+02  6.588626851838e+01
  1.366596999346e+02  1.260163379688e+02  1.338934649259e+02  6.588626851838e+01   1.366706998905e+02  1.260163358434e+02  1.260573349046e+02  6.588135648497e+01
  1.366706998905e+02  1.260163358434e+02  1.260573349046e+02  6.588135648497e+01   1.366762378713e+02  1.260156463364e+02  1.222295841120e+02  6.635692699042e+01
  1.366762378713e+02  1.260156463364e+02  1.222295841120e+02  6.635692699042e+01   1.366816993261e+02  1.260144989434e+02  1.185090405641e+02  6.713781526249e+01
  1.366816993261e+02  1.260144989434e+02  1.185090405641e+02  6.713781526249e+01   1.366921026683e+02  1.260109268872e+02  1.115120435544e+02  6.953868300997e+01
  1.366921026683e+02  1.260109268872e+02  1.115120435544e+02  6.953868300997e+01   1.366971169616e+02  1.260084773794e+02  1.081535660727e+02  7.117938589566e+01
  1.366971169616e+02  1.260084773794e+02  1.081535660727e+02  7.117938589566e+01   1.367019103369e+02  1.260056195962e+02  1.049330498193e+02  7.309980231923e+01
  1.367019103369e+02  1.260056195962e+02  1.049330498193e+02  7.309980231923e+01   1.367105912769e+02  1.259988644054e+02  9.902327893308e+01  7.770263839210e+01
  1.367105912769e+02  1.259988644054e+02  9.902327893308e+01  7.770263839210e+01   1.367145392320e+02  1.259949199627e+02  9.627532988720e+01  8.044973359657e+01
  1.367145392320e+02  1.259949199627e+02  9.627532988720e+01  8.044973359657e+01   1.367181457274e+02  1.259906609631e+02  9.371283937968e+01  8.347798440964e+01
  1.367181457274e+02  1.259906609631e+02  9.371283937968e+01  8.347798440964e+01   1.367241644403e+02  1.259814533454e+02  8.927019962618e+01  9.028966487353e+01
  1.367241644403e+02  1.259814533454e+02  8.927019962618e+01  9.028966487353e+01   1.367266184567e+02  1.259764406330e+02  8.737044101445e+01  9.417527844346e+01
  1.367266184567e+02  1.259764406330e+02  8.737044101445e+01  9.417527844346e+01   1.367286472969e+02  1.259712411399e+02  8.574164648156e+01  9.835633542187e+01
  1.367286472969e+02  1.259712411399e+02  8.574164648156e+01  9.835633542187e+01   1.367313510898e+02  1.259605773527e+02  8.344471665642e+01  1.074706706868e+02
  1.367313510898e+02  1.259605773527e+02  8.344471665642e+01  1.074706706868e+02   1.367320447078e+02  1.259550389104e+02  8.281564627446e+01  1.125184069302e+02
  1.367320447078e+02  1.259550389104e+02  8.281564627446e+01  1.125184069302e+02   1.367322753199e+02  1.259494618377e+02  8.259902224984e+01  1.178319632988e+02
  1.367322753199e+02  1.259494618377e+02  8.259902224984e+01  1.178319632988e+02   1.367313693152e+02  1.259384969857e+02  8.353240296180e+01  1.289514703120e+02
  1.367313693152e+02  1.259384969857e+02  8.353240296180e+01  1.289514703120e+02   1.367302262598e+02  1.259330331146e+02  8.475708701641e+01  1.347944159219e+02
  1.367302262598e+02  1.259330331146e+02  8.475708701641e+01  1.347944159219e+02   1.367286325221e+02  1.259276832367e+02  8.650731482327e+01  1.406641203695e+02
  1.367286325221e+02  1.259276832367e+02  8.650731482327e+01  1.406641203695e+02   1.367242129737e+02  1.259176071707e+02  9.144046618677e+01  1.519076904303e+02
  1.367242129737e+02  1.259176071707e+02  9.144046618677e+01  1.519076904303e+02   1.367213565049e+02  1.259128111242e+02  9.460547761088e+01  1.572239205798e+02
  1.367213565049e+02  1.259128111242e+02  9.460547761088e+01  1.572239205798e+02   1.367181108910e+02  1.259082694389e+02  9.813024192373e+01  1.621595134125e+02
  1.367181108910e+02  1.259082694389e+02  9.813024192373e+01  1.621595134125e+02   1.367106575107e+02  1.259001763270e+02  1.058450104236e+02  1.705566419492e+02
  1.367106575107e+02  1.259001763270e+02  1.058450104236e+02  1.705566419492e+02   1.367063981292e+02  1.258965686425e+02  1.100031698955e+02  1.740825932658e+02
  1.367063981292e+02  1.258965686425e+02  1.100031698955e+02  1.740825932658e+02   1.367018535524e+02  1.258933277907e+02  1.142494771327e+02  1.771145582464e+02
  1.367018535524e+02  1.258933277907e+02  1.142494771327e+02  1.771145582464e+02   1.366921765847e+02  1.258880945768e+02  1.227157269371e+02  1.817091515819e+02
  1.366921765847e+02  1.258880945768e+02  1.227157269371e+02  1.817091515819e+02   1.366869770131e+02  1.258860657279e+02  1.269898136068e+02  1.833796846425e+02
  1.366869770131e+02  1.258860657279e+02  1.269898136068e+02  1.833796846425e+02   1.366816268952e+02  1.258844762215e+02  1.312212149300e+02  1.846393034080e+02
  1.366816268952e+02  1.258844762215e+02  1.312212149300e+02  1.846393034080e+02   1.366707761178e+02  1.258826683160e+02  1.393814235469e+02  1.860081316290e+02
  1.366707761178e+02  1.258826683160e+02  1.393814235469e+02  1.860081316290e+02   1.366652000000e+02  1.258824372546e+02  1.433997788728e+02  1.861761867153e+02
  1.366652000000e+02  1.258824372546e+02  1.433997788728e+02  1.861761867153e+02   1.366596240620e+02  1.258826704705e+02  1.473260794665e+02  1.860132506451e+02
  1.366596240620e+02  1.258826704705e+02  1.473260794665e+02  1.860132506451e+02   1.366487746449e+02  1.258844823176e+02  1.547712556505e+02  1.847738727244e+02
