LENS PARMS:
   alpha 5.463769e+01 1.366652e+02 1.259495e+02 4.009148e-01 6.495593e+01 0.0 0.0 0.0 0.0 1.000000e+00
SOURCE PARMS:
   ptsrc 9.752035e-01 1.478826e+02 1.243797e+02 0.0 0.0 0.0 0.0 0.0
CHISQ: 1.491743e-01 1.491490e-01 2.525497e-05 0.000000e+00 1.369784e-08 0.000000e+00 0.000000e+00 0.000000e+00 0.000000e+00 # tot pos flux tdel gal plim crv ring weak

Source #1
  posn:  1.478826e+02  1.243797e+02
  flux:  9.752035e-01
     h:  7.000000e-01
tscale:  1.000000e+00
images:
 162.0000  68.0000 (2.0e+00)   8.4600 ( 1.00e+03)   0.00 (0.0e+00) -> 161.7446  68.4354   9.5397 493.5527
 182.0000  83.0000 (2.0e+00)   8.5600 ( 1.00e+03)   0.00 (0.0e+00) -> 182.1022  82.9398   9.0940 509.6245
  98.0000 140.0000 (2.0e+00)   0.0100 ( 1.00e+03)   0.00 (0.0e+00) ->  97.7707 139.6345   1.2075 2091.2564
 192.0000 165.0000 (2.0e+00)   8.2400 ( 1.00e+03)   0.00 (0.0e+00) -> 192.3762 164.9894   3.5103   0.0000


