LENS PARMS:
alpha 6.103430e-01 7.937542e-01 1.462434e-01 1.589760e-01 -7.395799e+01 1.055070e-01 -3.358944e+01 0.0 0.0 1.000000e+00
expdiskA 3.398670e-01 8.485733e-01 1.697811e-01 7.610750e-01 -5.961369e+01 0.0 0.0 3.389350e-01 0.0 0.0
SOURCE PARMS:
   ptsrc 1.252824e+00 6.924205e-01  1.039049e-02 0.0 0.0 0.0 0.0 0.0
CHISQ: 8.121072e-01 5.409372e-01 2.711699e-01 0.000000e+00 2.177465e-09 0.000000e+00 0.000000e+00 0.000000e+00 0.000000e+00 # tot pos flux tdel gal plim crv ring weak

Source #1
  posn: 6.924205e-01  1.039049e-02
  flux:  1.252824e+00
     h:  7.000000e-01
  zsrc:  1.340000e+00
tscale:  5.101923e+01
images:
   0.0000   0.0000 (3.0e-03)  15.6000 ( 3.12e+00)   0.00 (0.0e+00) ->  -0.0007   0.0003  16.6573   2.1276
  -0.0560  -0.1560 (3.0e-03)  13.1040 ( 2.60e+00)   0.00 (0.0e+00) ->  -0.0571  -0.1558  13.3679   2.1539
  -0.8120  -0.6630 (3.0e-03)   6.5208 ( 1.30e+00)   0.00 (0.0e+00) ->  -0.8119  -0.6630   6.0595   0.0000
  -1.1740   0.4590 (3.0e-03)   1.2792 ( 2.60e-01)   0.00 (0.0e+00) ->  -1.1723   0.4585   1.2424  17.9245

