#
# Columns: x1 y1 u1 v1 x2 y2 u2 v2
#
# To plot the image plane curves, connect each (x1,y1)
# to the (x2,y2) on the same line -- do *not* connect
# consecutive lines!
#
# To plot the source plane curves, do the same for
# (u1,v1) and (u2,v2).
#
  1.630953070459e-01 -4.658312585355e-01  5.920370368736e-01 -3.401235624953e-02   1.454559546869e-01 -4.488797570207e-01  5.917532388499e-01 -3.430126624730e-02
  1.454559546869e-01 -4.488797570207e-01  5.917532388499e-01 -3.430126624730e-02   1.270544810855e-01 -4.291524528525e-01  5.919687970068e-01 -3.409811696739e-02
  1.270544810855e-01 -4.291524528525e-01  5.919687970068e-01 -3.409811696739e-02   9.848242068500e-02 -3.951680397198e-01  5.927253535458e-01 -3.343309268963e-02
  9.848242068500e-02 -3.951680397198e-01  5.927253535458e-01 -3.343309268963e-02   7.431932032422e-02 -3.650636487682e-01  5.925779159248e-01 -3.354171416267e-02
  7.431932032422e-02 -3.650636487682e-01  5.925779159248e-01 -3.354171416267e-02   5.287494290829e-02 -3.385810919618e-01  5.910266355120e-01 -3.466185242479e-02
  5.287494290829e-02 -3.385810919618e-01  5.910266355120e-01 -3.466185242479e-02   3.602504255166e-02 -3.176255719462e-01  5.889569775259e-01 -3.604925504343e-02
  3.602504255166e-02 -3.176255719462e-01  5.889569775259e-01 -3.604925504343e-02   9.297605036609e-03 -2.795301630701e-01  5.860930850365e-01 -3.780745825524e-02
  9.297605036609e-03 -2.795301630701e-01  5.860930850365e-01 -3.780745825524e-02  -3.347432214350e-03 -2.526228274204e-01  5.876765348506e-01 -3.696991135066e-02
 -3.347432214350e-03 -2.526228274204e-01  5.876765348506e-01 -3.696991135066e-02  -1.088178143973e-02 -2.094639944703e-01  5.992540718766e-01 -3.148956485322e-02
 -1.088178143973e-02 -2.094639944703e-01  5.992540718766e-01 -3.148956485322e-02  -1.010483216028e-02 -1.925798078091e-01  6.066075958074e-01 -2.831364032311e-02
 -1.010483216028e-02 -1.925798078091e-01  6.066075958074e-01 -2.831364032311e-02  -4.882705485149e-03 -1.632084589164e-01  6.224311447461e-01 -2.200791481814e-02
 -4.882705485149e-03 -1.632084589164e-01  6.224311447461e-01 -2.200791481814e-02   1.156799807131e-03 -1.424972209731e-01  6.354387477837e-01 -1.726437578227e-02
  1.156799807131e-03 -1.424972209731e-01  6.354387477837e-01 -1.726437578227e-02   6.197391938137e-03 -1.282597769775e-01  6.450653730101e-01 -1.397727352580e-02
  6.197391938137e-03 -1.282597769775e-01  6.450653730101e-01 -1.397727352580e-02   1.874822785768e-02 -9.802059068312e-02  6.668580495545e-01 -7.179476076406e-03
  1.874822785768e-02 -9.802059068312e-02  6.668580495545e-01 -7.179476076406e-03   3.290467601180e-02 -6.813995906184e-02  6.894970209165e-01 -1.011329928042e-03
  3.290467601180e-02 -6.813995906184e-02  6.894970209165e-01 -1.011329928042e-03   3.820510897910e-02 -5.754885113752e-02  6.976422803117e-01  9.904591560389e-04
  3.820510897910e-02 -5.754885113752e-02  6.976422803117e-01  9.904591560389e-04   4.288364426571e-02 -4.837185745735e-02  7.047129872982e-01  2.634991905520e-03
  4.288364426571e-02 -4.837185745735e-02  7.047129872982e-01  2.634991905520e-03   7.454846086791e-02  1.169994831873e-02  7.501273397480e-01  1.108221850988e-02
  7.454846086791e-02  1.169994831873e-02  7.501273397480e-01  1.108221850988e-02   8.021478476521e-02  2.232211519162e-02  7.578299312432e-01  1.213613368503e-02
  8.021478476521e-02  2.232211519162e-02  7.578299312432e-01  1.213613368503e-02   9.969218915439e-02  5.890398457869e-02  7.832464123318e-01  1.476881872940e-02
  9.969218915439e-02  5.890398457869e-02  7.832464123318e-01  1.476881872940e-02   1.129019781125e-01  8.378816088965e-02  7.994501456496e-01  1.572285043591e-02
  1.129019781125e-01  8.378816088965e-02  7.994501456496e-01  1.572285043591e-02   1.148175367521e-01  8.739689411391e-02  8.017241126538e-01  1.580846812748e-02
  1.148175367521e-01  8.739689411391e-02  8.017241126538e-01  1.580846812748e-02   1.189567939367e-01  9.519077832292e-02  8.065694648085e-01  1.594966809209e-02
  1.189567939367e-01  9.519077832292e-02  8.065694648085e-01  1.594966809209e-02   1.360048678446e-01  1.271402685085e-01  8.255004767088e-01  1.593640286668e-02
  1.360048678446e-01  1.271402685085e-01  8.255004767088e-01  1.593640286668e-02   1.424339031488e-01  1.390766564171e-01  8.321963593443e-01  1.570286948587e-02
  1.424339031488e-01  1.390766564171e-01  8.321963593443e-01  1.570286948587e-02   1.565466062411e-01  1.649382466026e-01  8.460245920313e-01  1.480816646701e-02
  1.565466062411e-01  1.649382466026e-01  8.460245920313e-01  1.480816646701e-02   1.707182493018e-01  1.903050122469e-01  8.587123047569e-01  1.345683128169e-02
  1.707182493018e-01  1.903050122469e-01  8.587123047569e-01  1.345683128169e-02   1.897388197297e-01  2.232038372487e-01  8.739116774632e-01  1.108748791570e-02
  1.897388197297e-01  2.232038372487e-01  8.739116774632e-01  1.108748791570e-02   1.983362392524e-01  2.376055523726e-01  8.801234682481e-01  9.856639816450e-03
  1.983362392524e-01  2.376055523726e-01  8.801234682481e-01  9.856639816450e-03   2.031524441555e-01  2.455420734418e-01  8.834313656153e-01  9.133258952279e-03
  2.031524441555e-01  2.455420734418e-01  8.834313656153e-01  9.133258952279e-03   2.254326208787e-01  2.810281442739e-01  8.972065900483e-01  5.559846114414e-03
  2.254326208787e-01  2.810281442739e-01  8.972065900483e-01  5.559846114414e-03   2.376040398430e-01  2.995733745394e-01  9.037313643501e-01  3.512469190854e-03
  2.376040398430e-01  2.995733745394e-01  9.037313643501e-01  3.512469190854e-03   2.526480130390e-01  3.217037925523e-01  9.108919881696e-01  9.578066744093e-04
  2.526480130390e-01  3.217037925523e-01  9.108919881696e-01  9.578066744093e-04   2.613877381950e-01  3.341720463369e-01  9.146188108094e-01 -5.159582575611e-04
  2.613877381950e-01  3.341720463369e-01  9.146188108094e-01 -5.159582575611e-04   2.805271150643e-01  3.605241671117e-01  9.217448329041e-01 -3.655144220219e-03
  2.805271150643e-01  3.605241671117e-01  9.217448329041e-01 -3.655144220219e-03   3.075723843085e-01  3.956651607914e-01  9.296079161052e-01 -7.725385154032e-03
  3.075723843085e-01  3.956651607914e-01  9.296079161052e-01 -7.725385154032e-03   3.088259601676e-01  3.972375976730e-01  9.299148451086e-01 -7.900230653374e-03
  3.088259601676e-01  3.972375976730e-01  9.299148451086e-01 -7.900230653374e-03   3.090896199080e-01  3.975677169838e-01  9.299787803300e-01 -7.936825892471e-03
  3.090896199080e-01  3.975677169838e-01  9.299787803300e-01 -7.936825892471e-03   3.372704727048e-01  4.316601848849e-01  9.356471611724e-01 -1.145683925170e-02
  3.372704727048e-01  4.316601848849e-01  9.356471611724e-01 -1.145683925170e-02   3.610139536217e-01  4.586572222258e-01  9.388051743937e-01 -1.373174352568e-02
  3.610139536217e-01  4.586572222258e-01  9.388051743937e-01 -1.373174352568e-02   3.663674522405e-01  4.645397597049e-01  9.393360197263e-01 -1.414693419971e-02
  3.663674522405e-01  4.645397597049e-01  9.393360197263e-01 -1.414693419971e-02   3.909423086176e-01  4.906327263458e-01  9.410135767881e-01 -1.555554313256e-02
  3.909423086176e-01  4.906327263458e-01  9.410135767881e-01 -1.555554313256e-02   3.966686345061e-01  4.965061600071e-01  9.412397257258e-01 -1.576189808452e-02
  3.966686345061e-01  4.965061600071e-01  9.412397257258e-01 -1.576189808452e-02   4.026868064466e-01  5.025979898848e-01  9.414160510511e-01 -1.592751999992e-02
  4.026868064466e-01  5.025979898848e-01  9.414160510511e-01 -1.592751999992e-02   4.279247800230e-01  5.272760229007e-01  9.415326785907e-01 -1.603602752696e-02
  4.279247800230e-01  5.272760229007e-01  9.415326785907e-01 -1.603602752696e-02   4.353758414244e-01  5.343041028599e-01  9.413940601029e-01 -1.588351496739e-02
  4.353758414244e-01  5.343041028599e-01  9.413940601029e-01 -1.588351496739e-02   4.598495651291e-01  5.566090515250e-01  9.404696299913e-01 -1.477911192074e-02
  4.598495651291e-01  5.566090515250e-01  9.404696299913e-01 -1.477911192074e-02   4.876667700250e-01  5.805935908527e-01  9.386999440626e-01 -1.239118401412e-02
  4.876667700250e-01  5.805935908527e-01  9.386999440626e-01 -1.239118401412e-02   4.930398859652e-01  5.850679097516e-01  9.382871195699e-01 -1.179104986229e-02
  4.930398859652e-01  5.850679097516e-01  9.382871195699e-01 -1.179104986229e-02   5.275281237648e-01  6.126400160286e-01  9.352314952207e-01 -6.880169327553e-03
  5.275281237648e-01  6.126400160286e-01  9.352314952207e-01 -6.880169327553e-03   5.281868439419e-01  6.131480132430e-01  9.351676275239e-01 -6.768742218140e-03
  5.281868439419e-01  6.131480132430e-01  9.351676275239e-01 -6.768742218140e-03   5.287171796540e-01  6.135565122937e-01  9.351160872015e-01 -6.678556243038e-03
  5.287171796540e-01  6.135565122937e-01  9.351160872015e-01 -6.678556243038e-03   5.337249014303e-01  6.173922856359e-01  9.346243819743e-01 -5.806160007532e-03
  5.337249014303e-01  6.173922856359e-01  9.346243819743e-01 -5.806160007532e-03   5.616824210222e-01  6.381121252733e-01  9.317505139820e-01 -2.545858087913e-04
  5.616824210222e-01  6.381121252733e-01  9.317505139820e-01 -2.545858087913e-04   5.650771822253e-01  6.405501470076e-01  9.313913174614e-01  4.967195831993e-04
  5.650771822253e-01  6.405501470076e-01  9.313913174614e-01  4.967195831993e-04   5.965885889829e-01  6.624137243391e-01  9.280277948112e-01  8.238273559971e-03
  5.965885889829e-01  6.624137243391e-01  9.280277948112e-01  8.238273559971e-03   6.034370722859e-01  6.669876474613e-01  9.273009105076e-01  1.009870766353e-02
  6.034370722859e-01  6.669876474613e-01  9.273009105076e-01  1.009870766353e-02   6.147143606668e-01  6.743857561282e-01  9.261167769198e-01  1.329530789196e-02
  6.147143606668e-01  6.743857561282e-01  9.261167769198e-01  1.329530789196e-02   6.440592366091e-01  6.928793444570e-01  9.231583388153e-01  2.235615139702e-02
  6.440592366091e-01  6.928793444570e-01  9.231583388153e-01  2.235615139702e-02   6.758641267588e-01  7.117363924871e-01  9.202587150417e-01  3.330053955472e-02
  6.758641267588e-01  7.117363924871e-01  9.202587150417e-01  3.330053955472e-02   6.879052633089e-01  7.185645500869e-01  9.192696952100e-01  3.772348193474e-02
  6.879052633089e-01  7.185645500869e-01  9.192696952100e-01  3.772348193474e-02   6.948086685269e-01  7.224038166956e-01  9.187333967418e-01  4.032387422234e-02
  6.948086685269e-01  7.224038166956e-01  9.187333967418e-01  4.032387422234e-02   7.219663962299e-01  7.369821079274e-01  9.168617832608e-01  5.098046005072e-02
  7.219663962299e-01  7.369821079274e-01  9.168617832608e-01  5.098046005072e-02   7.318343887259e-01  7.420744790840e-01  9.162827169328e-01  5.500958475430e-02
  7.318343887259e-01  7.420744790840e-01  9.162827169328e-01  5.500958475430e-02   7.348280114593e-01  7.435979757384e-01  9.161182855211e-01  5.624730449522e-02
  7.348280114593e-01  7.435979757384e-01  9.161182855211e-01  5.624730449522e-02   7.703697910731e-01  7.609328344912e-01  9.145867362718e-01  7.144179731749e-02
  7.703697910731e-01  7.609328344912e-01  9.145867362718e-01  7.144179731749e-02   7.845437276595e-01  7.674614135754e-01  9.142020429207e-01  7.773107446627e-02
  7.845437276595e-01  7.674614135754e-01  9.142020429207e-01  7.773107446627e-02   8.230031109981e-01  7.840779879869e-01  9.138406092106e-01  9.532596582264e-02
  8.230031109981e-01  7.840779879869e-01  9.138406092106e-01  9.532596582264e-02   8.380908614609e-01  7.901581800657e-01  9.139769431618e-01  1.024005467038e-01
  8.380908614609e-01  7.901581800657e-01  9.139769431618e-01  1.024005467038e-01   8.546105450482e-01  7.965305772310e-01  9.143076837728e-01  1.102319384597e-01
  8.546105450482e-01  7.965305772310e-01  9.143076837728e-01  1.102319384597e-01   8.966732232452e-01  8.113972108332e-01  9.160019969064e-01  1.304514061463e-01
  8.966732232452e-01  8.113972108332e-01  9.160019969064e-01  1.304514061463e-01   9.223664290803e-01  8.195010770009e-01  9.176275024404e-01  1.429024538020e-01
  9.223664290803e-01  8.195010770009e-01  9.176275024404e-01  1.429024538020e-01   9.598214864377e-01  8.299471029306e-01  9.207651790929e-01  1.610329793178e-01
  9.598214864377e-01  8.299471029306e-01  9.207651790929e-01  1.610329793178e-01   9.667163113103e-01  8.316888550322e-01  9.214380592064e-01  1.643549261029e-01
  9.667163113103e-01  8.316888550322e-01  9.214380592064e-01  1.643549261029e-01   9.838383126016e-01  8.357645202943e-01  9.232315755676e-01  1.725686986884e-01
  9.838383126016e-01  8.357645202943e-01  9.232315755676e-01  1.725686986884e-01   1.013336439349e+00  8.419309399658e-01  9.267125677904e-01  1.865588184062e-01
  1.013336439349e+00  8.419309399658e-01  9.267125677904e-01  1.865588184062e-01   1.026531628013e+00  8.443286555610e-01  9.284205528633e-01  1.927325148811e-01
  1.026531628013e+00  8.443286555610e-01  9.284205528633e-01  1.927325148811e-01   1.087730027753e+00  8.523601311950e-01  9.374110805757e-01  2.204320312753e-01
  1.087730027753e+00  8.523601311950e-01  9.374110805757e-01  2.204320312753e-01   1.097106851751e+00  8.531176502508e-01  9.389243318872e-01  2.245116928040e-01
  1.097106851751e+00  8.531176502508e-01  9.389243318872e-01  2.245116928040e-01   1.103020377940e+00  8.535273305111e-01  9.398945499510e-01  2.270585316905e-01
  1.103020377940e+00  8.535273305111e-01  9.398945499510e-01  2.270585316905e-01   1.171343114581e+00  8.541846473073e-01  9.518089671704e-01  2.548083913778e-01
  1.171343114581e+00  8.541846473073e-01  9.518089671704e-01  2.548083913778e-01   1.192729327821e+00  8.527178277417e-01  9.557164319237e-01  2.627664311455e-01
  1.192729327821e+00  8.527178277417e-01  9.557164319237e-01  2.627664311455e-01   1.243803841594e+00  8.455265370498e-01  9.651031515195e-01  2.800935213273e-01
  1.243803841594e+00  8.455265370498e-01  9.651031515195e-01  2.800935213273e-01   1.245463368120e+00  8.451986133141e-01  9.654053470707e-01  2.806133448274e-01
  1.245463368120e+00  8.451986133141e-01  9.654053470707e-01  2.806133448274e-01   1.246124132335e+00  8.450662876825e-01  9.655255623649e-01  2.808195129401e-01
  1.246124132335e+00  8.450662876825e-01  9.655255623649e-01  2.808195129401e-01   1.300732710285e+00  8.304513299320e-01  9.751309952012e-01  2.961963678949e-01
  1.300732710285e+00  8.304513299320e-01  9.751309952012e-01  2.961963678949e-01   1.317617175260e+00  8.243347624568e-01  9.779048538290e-01  3.002473609171e-01
  1.317617175260e+00  8.243347624568e-01  9.779048538290e-01  3.002473609171e-01   1.356353114234e+00  8.071151268398e-01  9.837646926287e-01  3.082353282893e-01
  1.356353114234e+00  8.071151268398e-01  9.837646926287e-01  3.082353282893e-01   1.384369216006e+00  7.917705929297e-01  9.875361436985e-01  3.129531703047e-01
  1.384369216006e+00  7.917705929297e-01  9.875361436985e-01  3.129531703047e-01   1.441228571714e+00  7.542479897546e-01  9.948388930483e-01  3.211069034355e-01
  1.441228571714e+00  7.542479897546e-01  9.948388930483e-01  3.211069034355e-01   1.447542889324e+00  7.497757069256e-01  9.957658209147e-01  3.220561019690e-01
  1.447542889324e+00  7.497757069256e-01  9.957658209147e-01  3.220561019690e-01   1.495567621907e+00  7.165650744649e-01  1.005306127477e+00  3.310552957832e-01
  1.495567621907e+00  7.165650744649e-01  1.005306127477e+00  3.310552957832e-01   1.512740361055e+00  7.055551760325e-01  1.010103786078e+00  3.351993616919e-01
  1.512740361055e+00  7.055551760325e-01  1.010103786078e+00  3.351993616919e-01   1.546326077857e+00  6.851570445215e-01  1.021526936978e+00  3.443669661175e-01
  1.546326077857e+00  6.851570445215e-01  1.021526936978e+00  3.443669661175e-01   1.583659430626e+00  6.615303288603e-01  1.036028867064e+00  3.548615043383e-01
  1.583659430626e+00  6.615303288603e-01  1.036028867064e+00  3.548615043383e-01   1.615461807414e+00  6.337765670228e-01  1.046771115686e+00  3.618166254139e-01
  1.615461807414e+00  6.337765670228e-01  1.046771115686e+00  3.618166254139e-01   1.633625087042e+00  6.012544039236e-01  1.046452193130e+00  3.617100893539e-01
  1.633625087042e+00  6.012544039236e-01  1.046452193130e+00  3.617100893539e-01   1.636786046419e+00  5.851621987900e-01  1.041980708166e+00  3.593862705045e-01
  1.636786046419e+00  5.851621987900e-01  1.041980708166e+00  3.593862705045e-01   1.632488828196e+00  5.410045600006e-01  1.019539488570e+00  3.488436276359e-01
  1.632488828196e+00  5.410045600006e-01  1.019539488570e+00  3.488436276359e-01   1.620232613813e+00  5.060091150728e-01  9.945991819838e-01  3.384610429903e-01
  1.620232613813e+00  5.060091150728e-01  9.945991819838e-01  3.384610429903e-01   1.612996338900e+00  4.901074564823e-01  9.819094837160e-01  3.335932582311e-01
  1.612996338900e+00  4.901074564823e-01  9.819094837160e-01  3.335932582311e-01   1.594229113616e+00  4.543702723074e-01  9.514375965440e-01  3.229096585594e-01
  1.594229113616e+00  4.543702723074e-01  9.514375965440e-01  3.229096585594e-01   1.576538516095e+00  4.239331080421e-01  9.243425860678e-01  3.145344905775e-01
  1.576538516095e+00  4.239331080421e-01  9.243425860678e-01  3.145344905775e-01   1.566618208413e+00  4.074311886926e-01  9.095549506900e-01  3.104014242916e-01
  1.566618208413e+00  4.074311886926e-01  9.095549506900e-01  3.104014242916e-01   1.538604476682e+00  3.611241944819e-01  8.689263692797e-01  3.006723585288e-01
  1.538604476682e+00  3.611241944819e-01  8.689263692797e-01  3.006723585288e-01   1.517371497014e+00  3.250191777352e-01  8.391872481085e-01  2.951525177518e-01
  1.517371497014e+00  3.250191777352e-01  8.391872481085e-01  2.951525177518e-01   1.506983884676e+00  3.067598261363e-01  8.250377112987e-01  2.930433205858e-01
  1.506983884676e+00  3.067598261363e-01  8.250377112987e-01  2.930433205858e-01   1.494623150402e+00  2.844452458791e-01  8.086354761439e-01  2.910498598590e-01
  1.494623150402e+00  2.844452458791e-01  8.086354761439e-01  2.910498598590e-01   1.485125897528e+00  2.668804495286e-01  7.964200494139e-01  2.899014912632e-01
  1.485125897528e+00  2.668804495286e-01  7.964200494139e-01  2.899014912632e-01   1.479204507751e+00  2.557666343016e-01  7.890012300331e-01  2.893528076491e-01
  1.479204507751e+00  2.557666343016e-01  7.890012300331e-01  2.893528076491e-01   1.464489928961e+00  2.277514008093e-01  7.713164311762e-01  2.885301485719e-01
  1.464489928961e+00  2.277514008093e-01  7.713164311762e-01  2.885301485719e-01   1.447099693981e+00  1.943429356029e-01  7.519744287239e-01  2.884854288705e-01
  1.447099693981e+00  1.943429356029e-01  7.519744287239e-01  2.884854288705e-01   1.442624968216e+00  1.857710242121e-01  7.472913360560e-01  2.886212408522e-01
  1.442624968216e+00  1.857710242121e-01  7.472913360560e-01  2.886212408522e-01   1.417836583618e+00  1.390816728063e-01  7.235898626733e-01  2.902900925398e-01
  1.417836583618e+00  1.390816728063e-01  7.235898626733e-01  2.902900925398e-01   1.390397737270e+00  8.986101000901e-02  7.016623450967e-01  2.935124010772e-01
  1.390397737270e+00  8.986101000901e-02  7.016623450967e-01  2.935124010772e-01   1.390056320616e+00  8.926777903165e-02  7.014165887453e-01  2.935590494223e-01
  1.390056320616e+00  8.926777903165e-02  7.014165887453e-01  2.935590494223e-01   1.368007332507e+00  5.198748533586e-02  6.868677734303e-01  2.967998437942e-01
  1.368007332507e+00  5.198748533586e-02  6.868677734303e-01  2.967998437942e-01   1.362693215418e+00  4.330396075099e-02  6.837361843222e-01  2.976312985796e-01
  1.362693215418e+00  4.330396075099e-02  6.837361843222e-01  2.976312985796e-01   1.346040994229e+00  1.683038809879e-02  6.748090369943e-01  3.003010150817e-01
  1.346040994229e+00  1.683038809879e-02  6.748090369943e-01  3.003010150817e-01   1.335097719345e+00  2.277752151198e-05  6.696397101925e-01  3.020734819017e-01
  1.335097719345e+00  2.277752151198e-05  6.696397101925e-01  3.020734819017e-01   1.315619395594e+00 -2.879208548136e-02  6.617138012576e-01  3.051740423808e-01
  1.315619395594e+00 -2.879208548136e-02  6.617138012576e-01  3.051740423808e-01   1.307489869938e+00 -4.041831342863e-02  6.588605825699e-01  3.064224628183e-01
  1.307489869938e+00 -4.041831342863e-02  6.588605825699e-01  3.064224628183e-01   1.289410803202e+00 -6.547047571351e-02  6.534063609090e-01  3.090463626806e-01
  1.289410803202e+00 -6.547047571351e-02  6.534063609090e-01  3.090463626806e-01   1.280115426241e+00 -7.793591842382e-02  6.510521841301e-01  3.102928022007e-01
  1.280115426241e+00 -7.793591842382e-02  6.510521841301e-01  3.102928022007e-01   1.256306064846e+00 -1.086458429541e-01  6.462920573778e-01  3.130868236672e-01
  1.256306064846e+00 -1.086458429541e-01  6.462920573778e-01  3.130868236672e-01   1.252465902082e+00 -1.134407492027e-01  6.456834967606e-01  3.134769796181e-01
  1.252465902082e+00 -1.134407492027e-01  6.456834967606e-01  3.134769796181e-01   1.229954666365e+00 -1.407072151018e-01  6.429175670631e-01  3.153828072012e-01
  1.229954666365e+00 -1.407072151018e-01  6.429175670631e-01  3.153828072012e-01   1.224009622420e+00 -1.476754159368e-01  6.423999844297e-01  3.157707517078e-01
  1.224009622420e+00 -1.476754159368e-01  6.423999844297e-01  3.157707517078e-01   1.216843378065e+00 -1.559500860903e-01  6.418849252709e-01  3.161707683930e-01
  1.216843378065e+00 -1.559500860903e-01  6.418849252709e-01  3.161707683930e-01   1.194974689983e+00 -1.803843996687e-01  6.409886889210e-01  3.169159091832e-01
  1.194974689983e+00 -1.803843996687e-01  6.409886889210e-01  3.169159091832e-01   1.184121142745e+00 -1.920710929544e-01  6.408847807081e-01  3.170100350978e-01
  1.184121142745e+00 -1.920710929544e-01  6.408847807081e-01  3.170100350978e-01   1.165613320713e+00 -2.113572898718e-01  6.411599297369e-01  3.167348015828e-01
  1.165613320713e+00 -2.113572898718e-01  6.411599297369e-01  3.167348015828e-01   1.147646689214e+00 -2.293381189537e-01  6.419001948878e-01  3.159324853890e-01
  1.147646689214e+00 -2.293381189537e-01  6.419001948878e-01  3.159324853890e-01   1.135370404293e+00 -2.412225102752e-01  6.426342579848e-01  3.150780883665e-01
  1.135370404293e+00 -2.412225102752e-01  6.426342579848e-01  3.150780883665e-01   1.114188854442e+00 -2.609967695009e-01  6.442621856201e-01  3.130185789733e-01
  1.114188854442e+00 -2.609967695009e-01  6.442621856201e-01  3.130185789733e-01   1.103630850377e+00 -2.705211606713e-01  6.452163953825e-01  3.117165927759e-01
  1.103630850377e+00 -2.705211606713e-01  6.452163953825e-01  3.117165927759e-01   1.093897607049e+00 -2.791130613270e-01  6.461655793613e-01  3.103553973827e-01
  1.093897607049e+00 -2.791130613270e-01  6.461655793613e-01  3.103553973827e-01   1.070611882456e+00 -2.989624612179e-01  6.486515676281e-01  3.064813281163e-01
  1.070611882456e+00 -2.989624612179e-01  6.486515676281e-01  3.064813281163e-01   1.061456012079e+00 -3.065045247491e-01  6.496927815742e-01  3.047235624722e-01
  1.061456012079e+00 -3.065045247491e-01  6.496927815742e-01  3.047235624722e-01   1.036581138021e+00 -3.262823596232e-01  6.526340724972e-01  2.992992956486e-01
  1.036581138021e+00 -3.262823596232e-01  6.526340724972e-01  2.992992956486e-01   1.003449432025e+00 -3.510950065605e-01  6.566443347653e-01  2.906633231834e-01
  1.003449432025e+00 -3.510950065605e-01  6.566443347653e-01  2.906633231834e-01   1.000865472691e+00 -3.529601664622e-01  6.569551325635e-01  2.899250222135e-01
  1.000865472691e+00 -3.529601664622e-01  6.569551325635e-01  2.899250222135e-01   9.900864697451e-01 -3.606352750061e-01  6.582416371963e-01  2.867479832019e-01
  9.900864697451e-01 -3.606352750061e-01  6.582416371963e-01  2.867479832019e-01   9.626673487357e-01 -3.794143994510e-01  6.614020394033e-01  2.779860972503e-01
  9.626673487357e-01 -3.794143994510e-01  6.614020394033e-01  2.779860972503e-01   9.346903965839e-01 -3.975219002422e-01  6.643756698558e-01  2.681064278267e-01
  9.346903965839e-01 -3.975219002422e-01  6.643756698558e-01  2.681064278267e-01   9.221614288546e-01 -4.053002104728e-01  6.656001010857e-01  2.633979472240e-01
  9.221614288546e-01 -4.053002104728e-01  6.656001010857e-01  2.633979472240e-01   8.992058023245e-01 -4.190389007190e-01  6.676396060113e-01  2.543519434970e-01
  8.992058023245e-01 -4.190389007190e-01  6.676396060113e-01  2.543519434970e-01   8.796094793159e-01 -4.302558336567e-01  6.691480910565e-01  2.462343193315e-01
  8.796094793159e-01 -4.302558336567e-01  6.691480910565e-01  2.462343193315e-01   8.405993726152e-01 -4.512288911654e-01  6.714354788433e-01  2.291287866541e-01
  8.405993726152e-01 -4.512288911654e-01  6.714354788433e-01  2.291287866541e-01   8.341035574548e-01 -4.545495720303e-01  6.717175022912e-01  2.261725209051e-01
  8.341035574548e-01 -4.545495720303e-01  6.717175022912e-01  2.261725209051e-01   8.227282145054e-01 -4.602483637307e-01  6.721403937594e-01  2.209299835216e-01
  8.227282145054e-01 -4.602483637307e-01  6.721403937594e-01  2.209299835216e-01   7.845437276595e-01 -4.783060530603e-01  6.728803947203e-01  2.027998727666e-01
  7.845437276595e-01 -4.783060530603e-01  6.728803947203e-01  2.027998727666e-01   7.589193768235e-01 -4.895057352220e-01  6.727759261316e-01  1.902631701209e-01
  7.589193768235e-01 -4.895057352220e-01  6.727759261316e-01  1.902631701209e-01   7.311230577468e-01 -5.008230647836e-01  6.721112777462e-01  1.764244146085e-01
  7.311230577468e-01 -5.008230647836e-01  6.721112777462e-01  1.764244146085e-01   7.185665447579e-01 -5.056507561351e-01  6.716238130302e-01  1.701143233931e-01
  7.185665447579e-01 -5.056507561351e-01  6.716238130302e-01  1.701143233931e-01   6.774157154859e-01 -5.202173984015e-01  6.692253773124e-01  1.492982405929e-01
  6.774157154859e-01 -5.202173984015e-01  6.692253773124e-01  1.492982405929e-01   6.751014095573e-01 -5.209789034682e-01  6.690547696405e-01  1.481249665360e-01
  6.751014095573e-01 -5.209789034682e-01  6.690547696405e-01  1.481249665360e-01   6.742949351494e-01 -5.212428092343e-01  6.689944410733e-01  1.477161168705e-01
  6.742949351494e-01 -5.212428092343e-01  6.689944410733e-01  1.477161168705e-01   6.710154606554e-01 -5.223081859083e-01  6.687444686815e-01  1.460536380403e-01
  6.710154606554e-01 -5.223081859083e-01  6.687444686815e-01  1.460536380403e-01   6.131458085985e-01 -5.390149129832e-01  6.631499713727e-01  1.168705565848e-01
  6.131458085985e-01 -5.390149129832e-01  6.631499713727e-01  1.168705565848e-01   5.719012200594e-01 -5.484113125830e-01  6.578967274023e-01  9.648953548510e-02
  5.719012200594e-01 -5.484113125830e-01  6.578967274023e-01  9.648953548510e-02   5.468121048217e-01 -5.530465767608e-01  6.542448128500e-01  8.437587904937e-02
  5.468121048217e-01 -5.530465767608e-01  6.542448128500e-01  8.437587904937e-02   5.118944064890e-01 -5.580590412450e-01  6.486592240884e-01  6.798607100200e-02
  5.118944064890e-01 -5.580590412450e-01  6.486592240884e-01  6.798607100200e-02   4.766898783550e-01 -5.613100245869e-01  6.425247503571e-01  5.213551484273e-02
  4.766898783550e-01 -5.613100245869e-01  6.425247503571e-01  5.213551484273e-02   4.634400270447e-01 -5.620356716546e-01  6.401075934477e-01  4.637259357473e-02
  4.634400270447e-01 -5.620356716546e-01  6.401075934477e-01  4.637259357473e-02   4.283934609843e-01 -5.625495000497e-01  6.334945647400e-01  3.173733925745e-02
  4.283934609843e-01 -5.625495000497e-01  6.334945647400e-01  3.173733925745e-02   4.114744437226e-01 -5.620230319170e-01  6.302176405089e-01  2.501859442932e-02
  4.114744437226e-01 -5.620230319170e-01  6.302176405089e-01  2.501859442932e-02   4.051117083962e-01 -5.616869783134e-01  6.289758751743e-01  2.255505188009e-02
  4.051117083962e-01 -5.616869783134e-01  6.289758751743e-01  2.255505188009e-02   3.783267521008e-01 -5.593997075431e-01  6.237193024450e-01  1.258883594867e-02
  3.783267521008e-01 -5.593997075431e-01  6.237193024450e-01  1.258883594867e-02   3.333156288023e-01 -5.520729604645e-01  6.149551234931e-01 -2.528768190690e-03
  3.333156288023e-01 -5.520729604645e-01  6.149551234931e-01 -2.528768190690e-03   2.915184318775e-01 -5.407208963242e-01  6.072365198028e-01 -1.444661782842e-02
  2.915184318775e-01 -5.407208963242e-01  6.072365198028e-01 -1.444661782842e-02   2.633850377015e-01 -5.301427155690e-01  6.025056350873e-01 -2.113189387178e-02
  2.633850377015e-01 -5.301427155690e-01  6.025056350873e-01 -2.113189387178e-02   2.192336944926e-01 -5.077009602936e-01  5.963421784968e-01 -2.909394651196e-02
  2.192336944926e-01 -5.077009602936e-01  5.963421784968e-01 -2.909394651196e-02   1.997547149708e-01 -4.950833481955e-01  5.943122183088e-01 -3.150005986360e-02
  1.997547149708e-01 -4.950833481955e-01  5.943122183088e-01 -3.150005986360e-02   1.630953070459e-01 -4.658312585355e-01  5.920370368736e-01 -3.401235624953e-02
  7.776118258132e-01  1.305358753035e-01  1.094265548738e+00  6.972693486451e-01   7.774423918570e-01  1.317366784078e-01  1.145191897587e+00  6.535922201373e-01
  7.774423918570e-01  1.317366784078e-01  1.145191897587e+00  6.535922201373e-01   7.768756854266e-01  1.334666974012e-01  1.234622544047e+00  5.558871871699e-01
  7.768756854266e-01  1.334666974012e-01  1.234622544047e+00  5.558871871699e-01   7.764317301054e-01  1.341421504639e-01  1.272775508120e+00  5.024628567094e-01
  7.764317301054e-01  1.341421504639e-01  1.272775508120e+00  5.024628567094e-01   7.758326911852e-01  1.347342114205e-01  1.305476609288e+00  4.477807000863e-01
  7.758326911852e-01  1.347342114205e-01  1.305476609288e+00  4.477807000863e-01   7.738030822221e-01  1.357478823509e-01  1.353909988913e+00  3.392537245471e-01
  7.738030822221e-01  1.357478823509e-01  1.353909988913e+00  3.392537245471e-01   7.717889477700e-01  1.362120340448e-01  1.370858343819e+00  2.845846146087e-01
  7.717889477700e-01  1.362120340448e-01  1.370858343819e+00  2.845846146087e-01   7.677669505795e-01  1.366522439881e-01  1.383441957809e+00  2.292404726651e-01
  7.677669505795e-01  1.366522439881e-01  1.383441957809e+00  2.292404726651e-01   7.776118258132e-01  1.305358753035e-01  1.094265548738e+00  6.972693486451e-01
  7.777278986213e-01  1.289966059194e-01  1.040891946331e+00  7.360130338642e-01   7.780407999252e-01  1.246397004168e-01  9.322017946240e-01  7.966360800503e-01
  7.780407999252e-01  1.246397004168e-01  9.322017946240e-01  7.966360800503e-01   7.785036609476e-01  1.218478697163e-01  8.771390337492e-01  8.191970404137e-01
  7.785036609476e-01  1.218478697163e-01  8.771390337492e-01  8.191970404137e-01   7.793699706041e-01  1.189623227140e-01  8.231686580677e-01  8.364030243260e-01
  7.793699706041e-01  1.189623227140e-01  8.231686580677e-01  8.364030243260e-01   7.824117077507e-01  1.138889932652e-01  7.219849144487e-01  8.558140864735e-01
  7.824117077507e-01  1.138889932652e-01  7.219849144487e-01  8.558140864735e-01   7.845437276595e-01  1.118497575822e-01  6.739021509602e-01  8.590449181249e-01
  7.845437276595e-01  1.118497575822e-01  6.739021509602e-01  8.590449181249e-01   7.869832688150e-01  1.102032456683e-01  6.281097141916e-01  8.583404750475e-01
  7.869832688150e-01  1.102032456683e-01  6.281097141916e-01  8.583404750475e-01   7.924726683441e-01  1.080562782118e-01  5.445147401578e-01  8.467112388708e-01
  7.924726683441e-01  1.080562782118e-01  5.445147401578e-01  8.467112388708e-01   7.955132245735e-01  1.074889300838e-01  5.055143828939e-01  8.361778248496e-01
  7.955132245735e-01  1.074889300838e-01  5.055143828939e-01  8.361778248496e-01   7.986859562393e-01  1.072507497313e-01  4.687529904255e-01  8.228284129423e-01
  7.986859562393e-01  1.072507497313e-01  4.687529904255e-01  8.228284129423e-01   8.052482294954e-01  1.077119722528e-01  4.027378085539e-01  7.889277365258e-01
  8.052482294954e-01  1.077119722528e-01  4.027378085539e-01  7.889277365258e-01   8.086933470379e-01  1.084145513660e-01  3.725637709089e-01  7.681836657226e-01
  8.086933470379e-01  1.084145513660e-01  3.725637709089e-01  7.681836657226e-01   8.121943566327e-01  1.094396673977e-01  3.446216818948e-01  7.451889649757e-01
  8.121943566327e-01  1.094396673977e-01  3.446216818948e-01  7.451889649757e-01   8.191713375303e-01  1.124585820618e-01  2.961837668229e-01  6.935171296521e-01
  8.191713375303e-01  1.124585820618e-01  2.961837668229e-01  6.935171296521e-01   8.226738721185e-01  1.145303162754e-01  2.751280564982e-01  6.642147452187e-01
  8.226738721185e-01  1.145303162754e-01  2.751280564982e-01  6.642147452187e-01   8.260796457391e-01  1.169944115187e-01  2.565329251910e-01  6.328420808129e-01
  8.260796457391e-01  1.169944115187e-01  2.565329251910e-01  6.328420808129e-01   8.321309410413e-01  1.230750005831e-01  2.275129330466e-01  5.647667029766e-01
  8.321309410413e-01  1.230750005831e-01  2.275129330466e-01  5.647667029766e-01   8.345382003090e-01  1.267816630831e-01  2.169878499061e-01  5.269490605390e-01
  8.345382003090e-01  1.267816630831e-01  2.169878499061e-01  5.269490605390e-01   8.361308924224e-01  1.308637725017e-01  2.095515585685e-01  4.866718192457e-01
  8.361308924224e-01  1.308637725017e-01  2.095515585685e-01  4.866718192457e-01   8.343920737742e-01  1.394136219028e-01  2.051411147482e-01  3.984017124473e-01
  8.343920737742e-01  1.394136219028e-01  2.051411147482e-01  3.984017124473e-01   8.273090828827e-01  1.429856213425e-01  2.091126029997e-01  3.468968767701e-01
  8.273090828827e-01  1.429856213425e-01  2.091126029997e-01  3.468968767701e-01   8.098997010796e-01  1.436879759164e-01  2.186272307544e-01  2.864260012840e-01
  8.098997010796e-01  1.436879759164e-01  2.186272307544e-01  2.864260012840e-01   7.970644076165e-01  1.437323762321e-01  2.487699446080e-01  1.743747777145e-01
  7.970644076165e-01  1.437323762321e-01  2.487699446080e-01  1.743747777145e-01   7.952644594812e-01  1.441445319561e-01  2.708177670022e-01  1.190756142007e-01
  7.952644594812e-01  1.441445319561e-01  2.708177670022e-01  1.190756142007e-01   7.941890591404e-01  1.446688723814e-01  2.981980479282e-01  6.372926042951e-02
  7.941890591404e-01  1.446688723814e-01  2.981980479282e-01  6.372926042951e-02   7.931956115637e-01  1.461681135286e-01  3.684311873272e-01 -4.352378982158e-02
  7.931956115637e-01  1.461681135286e-01  3.684311873272e-01 -4.352378982158e-02   7.777278986213e-01  1.289966059194e-01  1.040891946331e+00  7.360130338642e-01
  7.181356745353e-01  1.493766129230e-01  1.404767411659e+00 -2.163026012519e-02   7.166486655609e-01  1.508113731197e-01  1.404470752063e+00 -3.424951620777e-02
  7.166486655609e-01  1.508113731197e-01  1.404470752063e+00 -3.424951620777e-02   7.130599085877e-01  1.554066594057e-01  1.402471686676e+00 -7.138187615742e-02
  7.130599085877e-01  1.554066594057e-01  1.402471686676e+00 -7.138187615742e-02   7.117031176300e-01  1.578877305858e-01  1.400788116458e+00 -8.983942884444e-02
  7.117031176300e-01  1.578877305858e-01  1.400788116458e+00 -8.983942884444e-02   7.104475635977e-01  1.610161297011e-01  1.398105223843e+00 -1.119136280366e-01
  7.104475635977e-01  1.610161297011e-01  1.398105223843e+00 -1.119136280366e-01   7.094353781319e-01  1.651789523173e-01  1.393602969899e+00 -1.396359615415e-01
  7.094353781319e-01  1.651789523173e-01  1.393602969899e+00 -1.396359615415e-01   7.090674825688e-01  1.690006593482e-01  1.388548335400e+00 -1.637734428791e-01
  7.090674825688e-01  1.690006593482e-01  1.388548335400e+00 -1.637734428791e-01   7.091428023539e-01  1.725158952967e-01  1.383116129096e+00 -1.850847895779e-01
  7.091428023539e-01  1.725158952967e-01  1.383116129096e+00 -1.850847895779e-01   7.095193270264e-01  1.756918263463e-01  1.377549116098e+00 -2.037275997086e-01
  7.095193270264e-01  1.756918263463e-01  1.377549116098e+00 -2.037275997086e-01   7.103643179099e-01  1.796404532491e-01  1.369724192186e+00 -2.262197859668e-01
  7.103643179099e-01  1.796404532491e-01  1.369724192186e+00 -2.262197859668e-01   7.112310367847e-01  1.825273549996e-01  1.363342530185e+00 -2.422445038234e-01
  7.112310367847e-01  1.825273549996e-01  1.363342530185e+00 -2.422445038234e-01   7.126995900959e-01  1.863801007029e-01  1.353909637317e+00 -2.631421967974e-01
  7.126995900959e-01  1.863801007029e-01  1.353909637317e+00 -2.631421967974e-01   7.145390724781e-01  1.902841540237e-01  1.343217988437e+00 -2.837992308065e-01
  7.145390724781e-01  1.902841540237e-01  1.343217988437e+00 -2.837992308065e-01   7.159081517581e-01  1.928005172646e-01  1.335684079054e+00 -2.968530278125e-01
  7.159081517581e-01  1.928005172646e-01  1.335684079054e+00 -2.968530278125e-01   7.183259648752e-01  1.967225492002e-01  1.322869122819e+00 -3.168011722814e-01
  7.183259648752e-01  1.967225492002e-01  1.322869122819e+00 -3.168011722814e-01   7.198720643863e-01  1.989764429917e-01  1.314878301836e+00 -3.280440803744e-01
  7.198720643863e-01  1.989764429917e-01  1.314878301836e+00 -3.280440803744e-01   7.214513658128e-01  2.011225848840e-01  1.306819580459e+00 -3.385952672979e-01
  7.214513658128e-01  2.011225848840e-01  1.306819580459e+00 -3.385952672979e-01   7.244243123002e-01  2.048236905149e-01  1.291829312804e+00 -3.564192085076e-01
  7.244243123002e-01  2.048236905149e-01  1.291829312804e+00 -3.564192085076e-01   7.261461126241e-01  2.068024285805e-01  1.283213884078e+00 -3.657422494770e-01
  7.261461126241e-01  2.068024285805e-01  1.283213884078e+00 -3.657422494770e-01   7.294061361685e-01  2.102827619736e-01  1.266970678877e+00 -3.817568805342e-01
  7.294061361685e-01  2.102827619736e-01  1.266970678877e+00 -3.817568805342e-01   7.329547964788e-01  2.137444150747e-01  1.249333864538e+00 -3.971448092493e-01
  7.329547964788e-01  2.137444150747e-01  1.249333864538e+00 -3.971448092493e-01   7.348227239415e-01  2.154511643085e-01  1.240053964716e+00 -4.045088972806e-01
  7.348227239415e-01  2.154511643085e-01  1.240053964716e+00 -4.045088972806e-01   7.388555812004e-01  2.189037211592e-01  1.220008018664e+00 -4.188953258971e-01
  7.388555812004e-01  2.189037211592e-01  1.220008018664e+00 -4.188953258971e-01   7.407265557540e-01  2.204090249380e-01  1.210699667259e+00 -4.249308384267e-01
  7.407265557540e-01  2.204090249380e-01  1.210699667259e+00 -4.249308384267e-01   7.425641754384e-01  2.218336667315e-01  1.201551346718e+00 -4.304962589829e-01
  7.425641754384e-01  2.218336667315e-01  1.201551346718e+00 -4.304962589829e-01   7.470313758603e-01  2.250939701694e-01  1.179289388854e+00 -4.426368510591e-01
  7.470313758603e-01  2.250939701694e-01  1.179289388854e+00 -4.426368510591e-01   7.488810315979e-01  2.263664365243e-01  1.170064224911e+00 -4.471256700436e-01
  7.488810315979e-01  2.263664365243e-01  1.170064224911e+00 -4.471256700436e-01   7.536427833571e-01  2.294533586588e-01  1.146304752270e+00 -4.573464622546e-01
  7.536427833571e-01  2.294533586588e-01  1.146304752270e+00 -4.573464622546e-01   7.588611573910e-01  2.325509453402e-01  1.120271647781e+00 -4.665006499815e-01
  7.588611573910e-01  2.325509453402e-01  1.120271647781e+00 -4.665006499815e-01   7.606548273486e-01  2.335520862202e-01  1.111330126515e+00 -4.691859235934e-01
  7.606548273486e-01  2.335520862202e-01  1.111330126515e+00 -4.691859235934e-01   7.665404501297e-01  2.366251665428e-01  1.082035098782e+00 -4.764473725673e-01
  7.665404501297e-01  2.366251665428e-01  1.082035098782e+00 -4.764473725673e-01   7.681921113566e-01  2.374318472965e-01  1.073830532437e+00 -4.780768543317e-01
  7.681921113566e-01  2.374318472965e-01  1.073830532437e+00 -4.780768543317e-01   7.697687496042e-01  2.381800355601e-01  1.066006823557e+00 -4.794721265264e-01
  7.697687496042e-01  2.381800355601e-01  1.066006823557e+00 -4.794721265264e-01   7.761855025116e-01  2.410129186468e-01  1.034261354575e+00 -4.835992963213e-01
  7.761855025116e-01  2.410129186468e-01  1.034261354575e+00 -4.835992963213e-01   7.776404362914e-01  2.416093835962e-01  1.027087517620e+00 -4.842012236199e-01
  7.776404362914e-01  2.416093835962e-01  1.027087517620e+00 -4.842012236199e-01   7.923007302944e-01  2.467253947389e-01  9.553870392342e-01 -4.838876223598e-01
  7.923007302944e-01  2.467253947389e-01  9.553870392342e-01 -4.838876223598e-01   7.933983149993e-01  2.470448179294e-01  9.500641385993e-01 -4.834202660086e-01
  7.933983149993e-01  2.470448179294e-01  9.500641385993e-01 -4.834202660086e-01   8.021356598964e-01  2.492774006715e-01  9.079103868974e-01 -4.776191973622e-01
  8.021356598964e-01  2.492774006715e-01  9.079103868974e-01 -4.776191973622e-01   8.029002350610e-01  2.494465009609e-01  9.042391761742e-01 -4.769388417591e-01
  8.029002350610e-01  2.494465009609e-01  9.042391761742e-01 -4.769388417591e-01   8.036147548239e-01  2.496006879650e-01  9.008106609192e-01 -4.762782570884e-01
  8.036147548239e-01  2.496006879650e-01  9.008106609192e-01 -4.762782570884e-01   8.129291830482e-01  2.512662236272e-01  8.562951550013e-01 -4.654948038098e-01
  8.129291830482e-01  2.512662236272e-01  8.562951550013e-01 -4.654948038098e-01   8.133595390274e-01  2.513274298496e-01  8.542448455416e-01 -4.648993752790e-01
  8.133595390274e-01  2.513274298496e-01  8.542448455416e-01 -4.648993752790e-01   8.248715832709e-01  2.524182966316e-01  7.994608987724e-01 -4.457390004493e-01
  8.248715832709e-01  2.524182966316e-01  7.994608987724e-01 -4.457390004493e-01   8.276040273598e-01  2.525137282338e-01  7.864339124085e-01 -4.402493143546e-01
  8.276040273598e-01  2.525137282338e-01  7.864339124085e-01 -4.402493143546e-01   8.340433470589e-01  2.524645092509e-01  7.555791024704e-01 -4.257810152510e-01
  8.340433470589e-01  2.524645092509e-01  7.555791024704e-01 -4.257810152510e-01   8.349574111498e-01  2.524243659696e-01  7.511727074330e-01 -4.235440212090e-01
  8.349574111498e-01  2.524243659696e-01  7.511727074330e-01 -4.235440212090e-01   8.451038110015e-01  2.513472154664e-01  7.014653611838e-01 -3.952576974657e-01
  8.451038110015e-01  2.513472154664e-01  7.014653611838e-01 -3.952576974657e-01   8.535891495330e-01  2.493670607192e-01  6.579145962223e-01 -3.656644892068e-01
  8.535891495330e-01  2.493670607192e-01  6.579145962223e-01 -3.656644892068e-01   8.559448306035e-01  2.485938297841e-01  6.452789490334e-01 -3.561933546122e-01
  8.559448306035e-01  2.485938297841e-01  6.452789490334e-01 -3.561933546122e-01   8.635278513354e-01  2.452123595306e-01  6.019116710022e-01 -3.204957576082e-01
  8.635278513354e-01  2.452123595306e-01  6.019116710022e-01 -3.204957576082e-01   8.658082742042e-01  2.438506745128e-01  5.876962221476e-01 -3.076770264876e-01
  8.658082742042e-01  2.438506745128e-01  5.876962221476e-01 -3.076770264876e-01   8.680800120829e-01  2.422789832759e-01  5.727251864074e-01 -2.935567075691e-01
  8.680800120829e-01  2.422789832759e-01  5.727251864074e-01 -2.935567075691e-01   8.739838054526e-01  2.367108099187e-01  5.277259790426e-01 -2.471293118392e-01
  8.739838054526e-01  2.367108099187e-01  5.277259790426e-01 -2.471293118392e-01   8.757372687382e-01  2.343930798780e-01  5.114446771067e-01 -2.287976636794e-01
  8.757372687382e-01  2.343930798780e-01  5.114446771067e-01 -2.287976636794e-01   8.795436862138e-01  2.268956055943e-01  4.645821167285e-01 -1.712089618394e-01
  8.795436862138e-01  2.268956055943e-01  4.645821167285e-01 -1.712089618394e-01   8.810409499361e-01  2.152107355738e-01  4.053505664776e-01 -8.751898160926e-02
  8.810409499361e-01  2.152107355738e-01  4.053505664776e-01 -8.751898160926e-02   8.808703166658e-01  2.143280101544e-01  4.018234261491e-01 -8.215917352935e-02
  8.808703166658e-01  2.143280101544e-01  4.018234261491e-01 -8.215917352935e-02   8.803657869658e-01  2.124389331551e-01  3.947212304180e-01 -7.125426330634e-02
  8.803657869658e-01  2.124389331551e-01  3.947212304180e-01 -7.125426330634e-02   8.493086932831e-01  1.854606799908e-01  3.635064577230e-01 -2.039776753173e-02
  8.493086932831e-01  1.854606799908e-01  3.635064577230e-01 -2.039776753173e-02   8.407741792583e-01  1.831565499526e-01  3.858036694899e-01 -5.236865785767e-02
  8.407741792583e-01  1.831565499526e-01  3.858036694899e-01 -5.236865785767e-02   8.373240028637e-01  1.821088694473e-01  3.959110300242e-01 -6.604446170381e-02
  8.373240028637e-01  1.821088694473e-01  3.959110300242e-01 -6.604446170381e-02   8.295406124788e-01  1.791060632198e-01  4.186743735646e-01 -9.513419834459e-02
  8.295406124788e-01  1.791060632198e-01  4.186743735646e-01 -9.513419834459e-02   7.398535209341e-01  1.394165566115e-01  1.400094501447e+00  9.879555044726e-02
  7.398535209341e-01  1.394165566115e-01  1.400094501447e+00  9.879555044726e-02   7.255180841477e-01  1.443329872442e-01  1.404287884129e+00  2.885434215634e-02
  7.255180841477e-01  1.443329872442e-01  1.404287884129e+00  2.885434215634e-02   7.248058383581e-01  1.447118303672e-01  1.404421299039e+00  2.461187838028e-02
  7.248058383581e-01  1.447118303672e-01  1.404421299039e+00  2.461187838028e-02   7.181356745353e-01  1.493766129230e-01  1.404767411659e+00 -2.163026012519e-02
