#
# Columns: x1 y1 u1 v1 x2 y2 u2 v2
#
# To plot the image plane curves, connect each (x1,y1)
# to the (x2,y2) on the same line -- do *not* connect
# consecutive lines!
#
# To plot the source plane curves, do the same for
# (u1,v1) and (u2,v2).
#
  3.213007515008e-02 -3.604601903491e-01  5.708293224423e-01 -4.997084385197e-02   2.408294221826e-02 -3.517612347428e-01  5.697824548628e-01 -5.076337136229e-02
  2.408294221826e-02 -3.517612347428e-01  5.697824548628e-01 -5.076337136229e-02   5.376559164576e-02 -3.788364456289e-01  5.757354926810e-01 -4.608050026275e-02
  5.376559164576e-02 -3.788364456289e-01  5.757354926810e-01 -4.608050026275e-02   7.725888380972e-02 -3.939383006116e-01  5.828812004052e-01 -4.007601613490e-02
  7.725888380972e-02 -3.939383006116e-01  5.828812004052e-01 -4.007601613490e-02   7.962837389115e-02 -3.952783389086e-01  5.836602290509e-01 -3.940123370596e-02
  7.962837389115e-02 -3.952783389086e-01  5.836602290509e-01 -3.940123370596e-02   8.243648061163e-02 -3.968317393481e-01  5.845930628446e-01 -3.858833414135e-02
  8.243648061163e-02 -3.968317393481e-01  5.845930628446e-01 -3.858833414135e-02   1.190363980791e-01 -4.144541030605e-01  5.973021291932e-01 -2.700456899183e-02
  1.190363980791e-01 -4.144541030605e-01  5.973021291932e-01 -2.700456899183e-02   1.405323150312e-01 -4.232627077839e-01  6.048791798300e-01 -1.965447964958e-02
  1.405323150312e-01 -4.232627077839e-01  6.048791798300e-01 -1.965447964958e-02   1.565103715143e-01 -4.293614219013e-01  6.104176130043e-01 -1.406555906551e-02
  1.565103715143e-01 -4.293614219013e-01  6.104176130043e-01 -1.406555906551e-02   1.827729939310e-01 -4.388456373770e-01  6.191952752058e-01 -4.807756146359e-03
  1.827729939310e-01 -4.388456373770e-01  6.191952752058e-01 -4.807756146359e-03   1.924038449614e-01 -4.422089930558e-01  6.222843513042e-01 -1.424265222276e-03
  1.924038449614e-01 -4.422089930558e-01  6.222843513042e-01 -1.424265222276e-03   1.984766700774e-01 -4.443073299226e-01  6.241915506656e-01  6.996060509886e-04
  1.984766700774e-01 -4.443073299226e-01  6.241915506656e-01  6.996060509886e-04   2.228630638617e-01 -4.526068747369e-01  6.315086399842e-01  9.113896993313e-03
  2.228630638617e-01 -4.526068747369e-01  6.315086399842e-01  9.113896993313e-03   2.486625036452e-01 -4.612438036713e-01  6.386167780108e-01  1.773979422374e-02
  2.486625036452e-01 -4.612438036713e-01  6.386167780108e-01  1.773979422374e-02   2.514698302374e-01 -4.621773085201e-01  6.393499264482e-01  1.865789012758e-02
  2.514698302374e-01 -4.621773085201e-01  6.393499264482e-01  1.865789012758e-02   2.539598361974e-01 -4.630043498768e-01  6.399935785574e-01  1.946861149455e-02
  2.539598361974e-01 -4.630043498768e-01  6.399935785574e-01  1.946861149455e-02   2.799160675319e-01 -4.715701557332e-01  6.463364943948e-01  2.771053153745e-02
  2.799160675319e-01 -4.715701557332e-01  6.463364943948e-01  2.771053153745e-02   3.072587642948e-01 -4.804513283208e-01  6.523246053420e-01  3.597208004749e-02
  3.072587642948e-01 -4.804513283208e-01  6.523246053420e-01  3.597208004749e-02   3.078867594346e-01 -4.806529881112e-01  6.524542626373e-01  3.615686451019e-02
  3.078867594346e-01 -4.806529881112e-01  6.524542626373e-01  3.615686451019e-02   3.586137347007e-01 -4.964083591500e-01  6.618989127934e-01  5.043426263454e-02
  3.586137347007e-01 -4.964083591500e-01  6.618989127934e-01  5.043426263454e-02   3.646892805435e-01 -4.982039101730e-01  6.629084849319e-01  5.207042969402e-02
  3.646892805435e-01 -4.982039101730e-01  6.629084849319e-01  5.207042969402e-02   4.083552684094e-01 -5.103034924453e-01  6.695559306687e-01  6.352368881236e-02
  4.083552684094e-01 -5.103034924453e-01  6.695559306687e-01  6.352368881236e-02   4.149358733102e-01 -5.119862000171e-01  6.704770067162e-01  6.521739384613e-02
  4.149358733102e-01 -5.119862000171e-01  6.704770067162e-01  6.521739384613e-02   4.321755046379e-01 -5.161954225617e-01  6.728052223837e-01  6.963487971141e-02
  4.321755046379e-01 -5.161954225617e-01  6.728052223837e-01  6.963487971141e-02   4.501589102725e-01 -5.202593768950e-01  6.751150920473e-01  7.423075448447e-02
  4.501589102725e-01 -5.202593768950e-01  6.751150920473e-01  7.423075448447e-02   4.574161901239e-01 -5.217996661171e-01  6.760159380298e-01  7.608685645440e-02
  4.574161901239e-01 -5.217996661171e-01  6.760159380298e-01  7.608685645440e-02   4.835171115505e-01 -5.268397873860e-01  6.791208780274e-01  8.279447537478e-02
  4.835171115505e-01 -5.268397873860e-01  6.791208780274e-01  8.279447537478e-02   5.064354915210e-01 -5.305912394158e-01  6.816874840188e-01  8.875644367974e-02
  5.064354915210e-01 -5.305912394158e-01  6.816874840188e-01  8.875644367974e-02   5.279650090520e-01 -5.335158139028e-01  6.839727869400e-01  9.444598769450e-02
  5.279650090520e-01 -5.335158139028e-01  6.839727869400e-01  9.444598769450e-02   5.550111265420e-01 -5.363404034855e-01  6.866777931881e-01  1.017443717560e-01
  5.550111265420e-01 -5.363404034855e-01  6.866777931881e-01  1.017443717560e-01   5.945029054048e-01 -5.387197924637e-01  6.902960505934e-01  1.127520486609e-01
  5.945029054048e-01 -5.387197924637e-01  6.902960505934e-01  1.127520486609e-01   6.026342702793e-01 -5.389482498043e-01  6.909908248254e-01  1.150741809048e-01
  6.026342702793e-01 -5.389482498043e-01  6.909908248254e-01  1.150741809048e-01   6.340620138157e-01 -5.389808046847e-01  6.935062220935e-01  1.242343270537e-01
  6.340620138157e-01 -5.389808046847e-01  6.935062220935e-01  1.242343270537e-01   6.495647220975e-01 -5.384955159272e-01  6.946429702365e-01  1.288615635057e-01
  6.495647220975e-01 -5.384955159272e-01  6.946429702365e-01  1.288615635057e-01   6.676247300298e-01 -5.375091899169e-01  6.958753815146e-01  1.343415437811e-01
  6.676247300298e-01 -5.375091899169e-01  6.958753815146e-01  1.343415437811e-01   6.960180133176e-01 -5.350359315533e-01  6.976010943453e-01  1.431455549853e-01
  6.960180133176e-01 -5.350359315533e-01  6.976010943453e-01  1.431455549853e-01   7.029995790659e-01 -5.342539613833e-01  6.979837193908e-01  1.453442790053e-01
  7.029995790659e-01 -5.342539613833e-01  6.979837193908e-01  1.453442790053e-01   7.414083441957e-01 -5.287137069748e-01  6.997735008343e-01  1.576612188119e-01
  7.414083441957e-01 -5.287137069748e-01  6.997735008343e-01  1.576612188119e-01   7.728073996083e-01 -5.226110019755e-01  7.008125488180e-01  1.679757990912e-01
  7.728073996083e-01 -5.226110019755e-01  7.008125488180e-01  1.679757990912e-01   7.852072000000e-01 -5.198060795445e-01  7.011104649567e-01  1.720997431446e-01
  7.852072000000e-01 -5.198060795445e-01  7.011104649567e-01  1.720997431446e-01   8.122384405421e-01 -5.129064896812e-01  7.015273200182e-01  1.811682048871e-01
  8.122384405421e-01 -5.129064896812e-01  7.015273200182e-01  1.811682048871e-01   8.276852781955e-01 -5.084752193957e-01  7.016169534938e-01  1.863871107841e-01
  8.276852781955e-01 -5.084752193957e-01  7.016169534938e-01  1.863871107841e-01   8.436523601544e-01 -5.035164608302e-01  7.015919540822e-01  1.917995497802e-01
  8.436523601544e-01 -5.035164608302e-01  7.015919540822e-01  1.917995497802e-01   8.691002337098e-01 -4.948076558299e-01  7.012976012721e-01  2.004392452364e-01
  8.691002337098e-01 -4.948076558299e-01  7.012976012721e-01  2.004392452364e-01   8.793520892501e-01 -4.910157235285e-01  7.010886675085e-01  2.039162742481e-01
  8.793520892501e-01 -4.910157235285e-01  7.010886675085e-01  2.039162742481e-01   9.090194018335e-01 -4.791080989871e-01  7.001857325631e-01  2.139294273910e-01
  9.090194018335e-01 -4.791080989871e-01  7.001857325631e-01  2.139294273910e-01   9.445812162961e-01 -4.629616403309e-01  6.985134502986e-01  2.257406861841e-01
  9.445812162961e-01 -4.629616403309e-01  6.985134502986e-01  2.257406861841e-01   9.470928633771e-01 -4.617423207404e-01  6.983710904360e-01  2.265631209278e-01
  9.470928633771e-01 -4.617423207404e-01  6.983710904360e-01  2.265631209278e-01   9.478722645234e-01 -4.613618023987e-01  6.983262691124e-01  2.268179544195e-01
  9.478722645234e-01 -4.613618023987e-01  6.983262691124e-01  2.268179544195e-01   9.536035572754e-01 -4.585323605692e-01  6.979873237935e-01  2.286861090003e-01
  9.536035572754e-01 -4.585323605692e-01  6.979873237935e-01  2.286861090003e-01   9.793783563491e-01 -4.451182025478e-01  6.962625594622e-01  2.369439704448e-01
  9.793783563491e-01 -4.451182025478e-01  6.962625594622e-01  2.369439704448e-01   9.836708507575e-01 -4.427731533760e-01  6.959441603065e-01  2.382930410492e-01
  9.836708507575e-01 -4.427731533760e-01  6.959441603065e-01  2.382930410492e-01   1.008145957731e+00 -4.287830606545e-01  6.939668979498e-01  2.458128974746e-01
  1.008145957731e+00 -4.287830606545e-01  6.939668979498e-01  2.458128974746e-01   1.019077184965e+00 -4.221888895337e-01  6.929992955156e-01  2.490642655071e-01
  1.019077184965e+00 -4.221888895337e-01  6.929992955156e-01  2.490642655071e-01   1.039899560268e+00 -4.090228750543e-01  6.910255190749e-01  2.550429445675e-01
  1.039899560268e+00 -4.090228750543e-01  6.910255190749e-01  2.550429445675e-01   1.053038062635e+00 -4.002987717866e-01  6.897014090930e-01  2.586527124054e-01
  1.053038062635e+00 -4.002987717866e-01  6.897014090930e-01  2.586527124054e-01   1.071970685829e+00 -3.871461700630e-01  6.877048968782e-01  2.636036599518e-01
  1.071970685829e+00 -3.871461700630e-01  6.877048968782e-01  2.636036599518e-01   1.085345532842e+00 -3.774316417818e-01  6.862453271149e-01  2.669044311157e-01
  1.085345532842e+00 -3.774316417818e-01  6.862453271149e-01  2.669044311157e-01   1.110858339005e+00 -3.578999211419e-01  6.833971085912e-01  2.726948656560e-01
  1.110858339005e+00 -3.578999211419e-01  6.833971085912e-01  2.726948656560e-01   1.116371888823e+00 -3.535020114835e-01  6.827780732004e-01  2.738519219193e-01
  1.116371888823e+00 -3.535020114835e-01  6.827780732004e-01  2.738519219193e-01   1.139368870717e+00 -3.344578382731e-01  6.802235005020e-01  2.782845271763e-01
  1.139368870717e+00 -3.344578382731e-01  6.802235005020e-01  2.782845271763e-01   1.146451561996e+00 -3.283596183485e-01  6.794555683829e-01  2.795153289344e-01
  1.146451561996e+00 -3.283596183485e-01  6.794555683829e-01  2.795153289344e-01   1.155292182613e+00 -3.205897424646e-01  6.785172878374e-01  2.809583815201e-01
  1.155292182613e+00 -3.205897424646e-01  6.785172878374e-01  2.809583815201e-01   1.175396136492e+00 -3.022493723368e-01  6.765005062949e-01  2.838392190169e-01
  1.175396136492e+00 -3.022493723368e-01  6.765005062949e-01  2.838392190169e-01   1.189798230248e+00 -2.885167790598e-01  6.751926160763e-01  2.855469351555e-01
  1.189798230248e+00 -2.885167790598e-01  6.751926160763e-01  2.855469351555e-01   1.203052216244e+00 -2.754218162441e-01  6.741227575842e-01  2.868467468769e-01
  1.203052216244e+00 -2.754218162441e-01  6.741227575842e-01  2.868467468769e-01   1.215931698631e+00 -2.622598995507e-01  6.732337444740e-01  2.878552317376e-01
  1.215931698631e+00 -2.622598995507e-01  6.732337444740e-01  2.878552317376e-01   1.229743004336e+00 -2.476457260296e-01  6.724774663923e-01  2.886547207867e-01
  1.229743004336e+00 -2.476457260296e-01  6.724774663923e-01  2.886547207867e-01   1.247603775107e+00 -2.279364363160e-01  6.718605592960e-01  2.892553910872e-01
  1.247603775107e+00 -2.279364363160e-01  6.718605592960e-01  2.892553910872e-01   1.255744780180e+00 -2.186329841305e-01  6.717352739589e-01  2.893684857359e-01
  1.255744780180e+00 -2.186329841305e-01  6.717352739589e-01  2.893684857359e-01   1.262185854206e+00 -2.111233836996e-01  6.717132122981e-01  2.893877133981e-01
  1.262185854206e+00 -2.111233836996e-01  6.717132122981e-01  2.893877133981e-01   1.280863983329e+00 -1.885622401692e-01  6.720767055716e-01  2.891012245928e-01
  1.280863983329e+00 -1.885622401692e-01  6.720767055716e-01  2.891012245928e-01   1.285616392306e+00 -1.826258674308e-01  6.722800860875e-01  2.889494886061e-01
  1.285616392306e+00 -1.826258674308e-01  6.722800860875e-01  2.889494886061e-01   1.304917233146e+00 -1.576315275372e-01  6.736279687183e-01  2.880230785733e-01
  1.304917233146e+00 -1.576315275372e-01  6.736279687183e-01  2.880230785733e-01   1.314838041184e+00 -1.441918814138e-01  6.746783272870e-01  2.873647904166e-01
  1.314838041184e+00 -1.441918814138e-01  6.746783272870e-01  2.873647904166e-01   1.328123361869e+00 -1.255034945707e-01  6.765103357020e-01  2.863079701622e-01
  1.328123361869e+00 -1.255034945707e-01  6.765103357020e-01  2.863079701622e-01   1.337864115211e+00 -1.112584478832e-01  6.781910330186e-01  2.854179027300e-01
  1.337864115211e+00 -1.112584478832e-01  6.781910330186e-01  2.854179027300e-01   1.350654118075e+00 -9.179258226853e-02  6.808745546029e-01  2.841209590597e-01
  1.350654118075e+00 -9.179258226853e-02  6.808745546029e-01  2.841209590597e-01   1.356587423294e+00 -8.244665975147e-02  6.823178674745e-01  2.834767136172e-01
  1.356587423294e+00 -8.244665975147e-02  6.823178674745e-01  2.834767136172e-01   1.372277905817e+00 -5.667611915514e-02  6.868021959496e-01  2.816718153732e-01
  1.372277905817e+00 -5.667611915514e-02  6.868021959496e-01  2.816718153732e-01   1.373115991486e+00 -5.525389648358e-02  6.870708082677e-01  2.815721339960e-01
  1.373115991486e+00 -5.525389648358e-02  6.870708082677e-01  2.815721339960e-01   1.376267966567e+00 -4.986130315133e-02  6.881090355604e-01  2.811950084707e-01
  1.376267966567e+00 -4.986130315133e-02  6.881090355604e-01  2.811950084707e-01   1.389543042582e+00 -2.635656014446e-02  6.929945110553e-01  2.795805936422e-01
  1.389543042582e+00 -2.635656014446e-02  6.929945110553e-01  2.795805936422e-01   1.392801564289e+00 -2.038121923695e-02  6.943287149217e-01  2.791817117118e-01
  1.392801564289e+00 -2.038121923695e-02  6.943287149217e-01  2.791817117118e-01   1.406414906462e+00  5.523154297315e-03  7.005399963485e-01  2.775328386406e-01
  1.406414906462e+00  5.523154297315e-03  7.005399963485e-01  2.775328386406e-01   1.412431094953e+00  1.747700404295e-02  7.036402142244e-01  2.768262474732e-01
  1.412431094953e+00  1.747700404295e-02  7.036402142244e-01  2.768262474732e-01   1.415377117703e+00  2.344774630336e-02  7.052444126586e-01  2.764884292692e-01
  1.415377117703e+00  2.344774630336e-02  7.052444126586e-01  2.764884292692e-01   1.431425173172e+00  5.734698984609e-02  7.150721256347e-01  2.747927734125e-01
  1.431425173172e+00  5.734698984609e-02  7.150721256347e-01  2.747927734125e-01   1.436410160436e+00  6.834487178173e-02  7.185327206120e-01  2.743349071969e-01
  1.436410160436e+00  6.834487178173e-02  7.185327206120e-01  2.743349071969e-01   1.444541967863e+00  8.673189951062e-02  7.246341532718e-01  2.736855576108e-01
  1.444541967863e+00  8.673189951062e-02  7.246341532718e-01  2.736855576108e-01   1.447813500878e+00  9.427381236423e-02  7.272560409242e-01  2.734646182999e-01
  1.447813500878e+00  9.427381236423e-02  7.272560409242e-01  2.734646182999e-01   1.449867274874e+00  9.904702670994e-02  7.289526518167e-01  2.733393210368e-01
  1.449867274874e+00  9.904702670994e-02  7.289526518167e-01  2.733393210368e-01   1.459125943860e+00  1.208829210743e-01  7.370997224516e-01  2.729202552222e-01
  1.459125943860e+00  1.208829210743e-01  7.370997224516e-01  2.729202552222e-01   1.468108867483e+00  1.424232000000e-01  7.458007718762e-01  2.727807171481e-01
  1.468108867483e+00  1.424232000000e-01  7.458007718762e-01  2.727807171481e-01   1.471599181066e+00  1.508394393748e-01  7.493935460630e-01  2.728083955744e-01
  1.471599181066e+00  1.508394393748e-01  7.493935460630e-01  2.728083955744e-01   1.487167947649e+00  1.882336408312e-01  7.667973593377e-01  2.735744875206e-01
  1.487167947649e+00  1.882336408312e-01  7.667973593377e-01  2.735744875206e-01   1.487428064721e+00  1.888520086039e-01  7.671061242984e-01  2.735968593188e-01
  1.487428064721e+00  1.888520086039e-01  7.671061242984e-01  2.735968593188e-01   1.488301064047e+00  1.909249972951e-01  7.681464194146e-01  2.736743504830e-01
  1.488301064047e+00  1.909249972951e-01  7.681464194146e-01  2.736743504830e-01   1.503372816630e+00  2.259844710626e-01  7.869989130860e-01  2.756108178005e-01
  1.503372816630e+00  2.259844710626e-01  7.869989130860e-01  2.756108178005e-01   1.508554303068e+00  2.376536527415e-01  7.938195700258e-01  2.765416396437e-01
  1.508554303068e+00  2.376536527415e-01  7.938195700258e-01  2.765416396437e-01   1.515000273620e+00  2.518626031924e-01  8.025024953919e-01  2.778880908067e-01
  1.515000273620e+00  2.518626031924e-01  8.025024953919e-01  2.778880908067e-01   1.519515934751e+00  2.616101925486e-01  8.086996278915e-01  2.789540386497e-01
  1.519515934751e+00  2.616101925486e-01  8.086996278915e-01  2.789540386497e-01   1.524869083194e+00  2.729483223906e-01  8.161525322797e-01  2.803460807755e-01
  1.524869083194e+00  2.729483223906e-01  8.161525322797e-01  2.803460807755e-01   1.533899854819e+00  2.915665918787e-01  8.289496998651e-01  2.830017433939e-01
  1.533899854819e+00  2.915665918787e-01  8.289496998651e-01  2.830017433939e-01   1.535134333295e+00  2.940648075405e-01  8.307183198170e-01  2.833940379349e-01
  1.535134333295e+00  2.940648075405e-01  8.307183198170e-01  2.833940379349e-01   1.535878858858e+00  2.955663218147e-01  8.317870499080e-01  2.836339805057e-01
  1.535878858858e+00  2.955663218147e-01  8.317870499080e-01  2.836339805057e-01   1.545626666480e+00  3.148884615202e-01  8.459116712163e-01  2.870037470159e-01
  1.545626666480e+00  3.148884615202e-01  8.459116712163e-01  2.870037470159e-01   1.552435253936e+00  3.280528931599e-01  8.559086938605e-01  2.896030990259e-01
  1.552435253936e+00  3.280528931599e-01  8.559086938605e-01  2.896030990259e-01   1.556500966921e+00  3.358033384533e-01  8.619249138851e-01  2.912492351960e-01
  1.556500966921e+00  3.358033384533e-01  8.619249138851e-01  2.912492351960e-01   1.564739975356e+00  3.512983776304e-01  8.742170624171e-01  2.947966622402e-01
  1.564739975356e+00  3.512983776304e-01  8.742170624171e-01  2.947966622402e-01   1.568053957742e+00  3.574647887796e-01  8.791983362431e-01  2.963026374564e-01
  1.568053957742e+00  3.574647887796e-01  8.791983362431e-01  2.963026374564e-01   1.569920244711e+00  3.609236830274e-01  8.820128456695e-01  2.971705941618e-01
  1.569920244711e+00  3.609236830274e-01  8.820128456695e-01  2.971705941618e-01   1.580735293851e+00  3.808237158889e-01  8.984566630579e-01  3.024818563304e-01
  1.580735293851e+00  3.808237158889e-01  8.984566630579e-01  3.024818563304e-01   1.589328254828e+00  3.965449334104e-01  9.116936584408e-01  3.070468972755e-01
  1.589328254828e+00  3.965449334104e-01  9.116936584408e-01  3.070468972755e-01   1.593453178147e+00  4.040944078695e-01  9.181070591919e-01  3.093490420920e-01
  1.593453178147e+00  4.040944078695e-01  9.181070591919e-01  3.093490420920e-01   1.601750888662e+00  4.193460490917e-01  9.311385783130e-01  3.142049283948e-01
  1.601750888662e+00  4.193460490917e-01  9.311385783130e-01  3.142049283948e-01   1.606131307921e+00  4.274610757581e-01  9.380963222049e-01  3.168940972876e-01
  1.606131307921e+00  4.274610757581e-01  9.380963222049e-01  3.168940972876e-01   1.608105637883e+00  4.311392027878e-01  9.412519534984e-01  3.181357045576e-01
  1.608105637883e+00  4.311392027878e-01  9.412519534984e-01  3.181357045576e-01   1.618678867794e+00  4.511429672690e-01  9.583910982914e-01  3.251169351109e-01
  1.618678867794e+00  4.511429672690e-01  9.583910982914e-01  3.251169351109e-01   1.626153034668e+00  4.657254853012e-01  9.708013746770e-01  3.304217423455e-01
  1.626153034668e+00  4.657254853012e-01  9.708013746770e-01  3.304217423455e-01   1.630979593930e+00  4.754207681376e-01  9.789802386309e-01  3.340327576127e-01
  1.630979593930e+00  4.754207681376e-01  9.789802386309e-01  3.340327576127e-01   1.641196991818e+00  4.969857810241e-01  9.968630618587e-01  3.422498867652e-01
  1.641196991818e+00  4.969857810241e-01  9.968630618587e-01  3.422498867652e-01   1.642460772402e+00  4.997823928049e-01  9.991428822462e-01  3.433296475588e-01
  1.642460772402e+00  4.997823928049e-01  9.991428822462e-01  3.433296475588e-01   1.642868643004e+00  5.006924453540e-01  9.998825131244e-01  3.436815344744e-01
  1.642868643004e+00  5.006924453540e-01  9.998825131244e-01  3.436815344744e-01   1.650999997011e+00  5.197732913721e-01  1.015102850066e+00  3.510980561352e-01
  1.650999997011e+00  5.197732913721e-01  1.015102850066e+00  3.510980561352e-01   1.654077804940e+00  5.276055153173e-01  1.021168471975e+00  3.541491051087e-01
  1.654077804940e+00  5.276055153173e-01  1.021168471975e+00  3.541491051087e-01   1.658880633409e+00  5.408512070413e-01  1.031138099142e+00  3.592871566751e-01
  1.658880633409e+00  5.408512070413e-01  1.031138099142e+00  3.592871566751e-01   1.664073277668e+00  5.574486902273e-01  1.043030625139e+00  3.656272901174e-01
  1.664073277668e+00  5.574486902273e-01  1.043030625139e+00  3.656272901174e-01   1.665704969282e+00  5.635012833778e-01  1.047175739150e+00  3.678944348811e-01
  1.665704969282e+00  5.635012833778e-01  1.047175739150e+00  3.678944348811e-01   1.669069729105e+00  5.786053999606e-01  1.057000689354e+00  3.733960708982e-01
  1.669069729105e+00  5.786053999606e-01  1.057000689354e+00  3.733960708982e-01   1.670661547654e+00  5.885587372411e-01  1.063016337990e+00  3.768607378737e-01
  1.670661547654e+00  5.885587372411e-01  1.063016337990e+00  3.768607378737e-01   1.671293004751e+00  5.939931079210e-01  1.066126955956e+00  3.786836570453e-01
  1.671293004751e+00  5.939931079210e-01  1.066126955956e+00  3.786836570453e-01   1.671650440812e+00  6.184425476791e-01  1.078318942617e+00  3.860684010350e-01
  1.671650440812e+00  6.184425476791e-01  1.078318942617e+00  3.860684010350e-01   1.663963876516e+00  6.497736037385e-01  1.088144845280e+00  3.924043904112e-01
  1.663963876516e+00  6.497736037385e-01  1.088144845280e+00  3.924043904112e-01   1.636239247629e+00  6.845574881577e-01  1.085993501850e+00  3.907610526482e-01
  1.636239247629e+00  6.845574881577e-01  1.085993501850e+00  3.907610526482e-01   1.616241536653e+00  6.973641893385e-01  1.078882944379e+00  3.852855846864e-01
  1.616241536653e+00  6.973641893385e-01  1.078882944379e+00  3.852855846864e-01   1.609061710213e+00  7.009298081923e-01  1.075907281694e+00  3.829216294520e-01
  1.609061710213e+00  7.009298081923e-01  1.075907281694e+00  3.829216294520e-01   1.604888165917e+00  7.028204473188e-01  1.074107978011e+00  3.814743235859e-01
  1.604888165917e+00  7.028204473188e-01  1.074107978011e+00  3.814743235859e-01   1.584359337332e+00  7.106073220454e-01  1.064722820453e+00  3.737266843230e-01
  1.584359337332e+00  7.106073220454e-01  1.064722820453e+00  3.737266843230e-01   1.569451672516e+00  7.150724704821e-01  1.057537870755e+00  3.675873691994e-01
  1.569451672516e+00  7.150724704821e-01  1.057537870755e+00  3.675873691994e-01   1.561012037767e+00  7.172701431772e-01  1.053387944052e+00  3.639636359019e-01
  1.561012037767e+00  7.172701431772e-01  1.053387944052e+00  3.639636359019e-01   1.540363806866e+00  7.218752445992e-01  1.043100614264e+00  3.547414636161e-01
  1.540363806866e+00  7.218752445992e-01  1.043100614264e+00  3.547414636161e-01   1.537807472725e+00  7.223822803926e-01  1.041820375011e+00  3.535700918826e-01
  1.537807472725e+00  7.223822803926e-01  1.041820375011e+00  3.535700918826e-01   1.536223099908e+00  7.226905294659e-01  1.041026670353e+00  3.528412481563e-01
  1.536223099908e+00  7.226905294659e-01  1.041026670353e+00  3.528412481563e-01   1.507786136281e+00  7.275771336115e-01  1.026821257445e+00  3.394525456854e-01
  1.507786136281e+00  7.275771336115e-01  1.026821257445e+00  3.394525456854e-01   1.489288105500e+00  7.302717312964e-01  1.017714240007e+00  3.305171901609e-01
  1.489288105500e+00  7.302717312964e-01  1.017714240007e+00  3.305171901609e-01   1.478571823711e+00  7.317202528415e-01  1.012520637708e+00  3.252927089539e-01
  1.478571823711e+00  7.317202528415e-01  1.012520637708e+00  3.252927089539e-01   1.459572938872e+00  7.341620812044e-01  1.003504991076e+00  3.159896932323e-01
  1.459572938872e+00  7.341620812044e-01  1.003504991076e+00  3.159896932323e-01   1.449718519717e+00  7.353928965353e-01  9.989417529538e-01  3.111621895722e-01
  1.449718519717e+00  7.353928965353e-01  9.989417529538e-01  3.111621895722e-01   1.443668726397e+00  7.361440021868e-01  9.961830618342e-01  3.082030731181e-01
  1.443668726397e+00  7.361440021868e-01  9.961830618342e-01  3.082030731181e-01   1.420924638103e+00  7.389880994763e-01  9.861337567354e-01  2.971484235063e-01
  1.420924638103e+00  7.389880994763e-01  9.861337567354e-01  2.971484235063e-01   1.395898478064e+00  7.422690013422e-01  9.757341027140e-01  2.852090358201e-01
  1.395898478064e+00  7.422690013422e-01  9.757341027140e-01  2.852090358201e-01   1.391957279686e+00  7.428093817882e-01  9.741648897359e-01  2.833588148686e-01
  1.391957279686e+00  7.428093817882e-01  9.741648897359e-01  2.833588148686e-01   1.386372620920e+00  7.435886209195e-01  9.719748138885e-01  2.807536334914e-01
  1.386372620920e+00  7.435886209195e-01  9.719748138885e-01  2.807536334914e-01   1.365371458141e+00  7.466800050437e-01  9.641023883302e-01  2.711533432003e-01
  1.365371458141e+00  7.466800050437e-01  9.641023883302e-01  2.711533432003e-01   1.352194059329e+00  7.487662958191e-01  9.594661286011e-01  2.653103696765e-01
  1.352194059329e+00  7.487662958191e-01  9.594661286011e-01  2.653103696765e-01   1.339575839866e+00  7.508804005177e-01  9.552521246723e-01  2.598631959394e-01
  1.339575839866e+00  7.508804005177e-01  9.552521246723e-01  2.598631959394e-01   1.321888633347e+00  7.540436002033e-01  9.497211601926e-01  2.524932064633e-01
  1.321888633347e+00  7.540436002033e-01  9.497211601926e-01  2.524932064633e-01   1.313822810597e+00  7.555640941501e-01  9.473446253932e-01  2.492412178793e-01
  1.313822810597e+00  7.555640941501e-01  9.473446253932e-01  2.492412178793e-01   1.307913805028e+00  7.567085446082e-01  9.456611094957e-01  2.469036496271e-01
  1.307913805028e+00  7.567085446082e-01  9.456611094957e-01  2.469036496271e-01   1.287915321845e+00  7.607651764773e-01  9.403183114305e-01  2.392800266771e-01
  1.287915321845e+00  7.607651764773e-01  9.403183114305e-01  2.392800266771e-01   1.263704409785e+00  7.660129046259e-01  9.345541179615e-01  2.306497912256e-01
  1.263704409785e+00  7.660129046259e-01  9.345541179615e-01  2.306497912256e-01   1.261097987530e+00  7.665963994687e-01  9.339772301940e-01  2.297593338929e-01
  1.261097987530e+00  7.665963994687e-01  9.339772301940e-01  2.297593338929e-01   1.238616440451e+00  7.717416152006e-01  9.293289204840e-01  2.223775733174e-01
  1.238616440451e+00  7.717416152006e-01  9.293289204840e-01  2.223775733174e-01   1.212466978562e+00  7.778770997319e-01  9.245947398625e-01  2.144161273929e-01
  1.212466978562e+00  7.778770997319e-01  9.245947398625e-01  2.144161273929e-01   1.209942320737e+00  7.784718539943e-01  9.241720108577e-01  2.136796208213e-01
  1.209942320737e+00  7.784718539943e-01  9.241720108577e-01  2.136796208213e-01   1.163905589124e+00  7.891043790512e-01  9.173469606570e-01  2.010563495448e-01
  1.163905589124e+00  7.891043790512e-01  9.173469606570e-01  2.010563495448e-01   1.159174244167e+00  7.901531208536e-01  9.167276989135e-01  1.998305848660e-01
  1.159174244167e+00  7.901531208536e-01  9.167276989135e-01  1.998305848660e-01   1.128236564514e+00  7.966732454191e-01  9.129770138554e-01  1.920395900955e-01
  1.128236564514e+00  7.966732454191e-01  9.129770138554e-01  1.920395900955e-01   1.109823638646e+00  8.002132392924e-01  9.109559120323e-01  1.875348171929e-01
  1.109823638646e+00  8.002132392924e-01  9.109559120323e-01  1.875348171929e-01   1.095535941478e+00  8.027521778458e-01  9.094787938828e-01  1.840785101429e-01
  1.095535941478e+00  8.027521778458e-01  9.094787938828e-01  1.840785101429e-01   1.070615920214e+00  8.066952554759e-01  9.070685553902e-01  1.780860190892e-01
  1.070615920214e+00  8.066952554759e-01  9.070685553902e-01  1.780860190892e-01   1.064467890691e+00  8.075666531368e-01  9.065034511047e-01  1.766084608408e-01
  1.064467890691e+00  8.075666531368e-01  9.065034511047e-01  1.766084608408e-01   1.060919089594e+00  8.080505831661e-01  9.061822493775e-01  1.757549690282e-01
  1.060919089594e+00  8.080505831661e-01  9.061822493775e-01  1.757549690282e-01   1.046295205562e+00  8.098939765041e-01  9.048958660840e-01  1.722297776166e-01
  1.046295205562e+00  8.098939765041e-01  9.048958660840e-01  1.722297776166e-01   1.012684533880e+00  8.131702398455e-01  9.021537223199e-01  1.640388947216e-01
  1.012684533880e+00  8.131702398455e-01  9.021537223199e-01  1.640388947216e-01   9.987116930429e-01  8.141220410418e-01  9.010979755199e-01  1.605818658922e-01
  9.987116930429e-01  8.141220410418e-01  9.010979755199e-01  1.605818658922e-01   9.655253566666e-01  8.153797222068e-01  8.987864169759e-01  1.522165827934e-01
  9.655253566666e-01  8.153797222068e-01  8.987864169759e-01  1.522165827934e-01   9.492736121365e-01  8.154695885604e-01  8.977568348356e-01  1.480326791908e-01
  9.492736121365e-01  8.154695885604e-01  8.977568348356e-01  1.480326791908e-01   9.191285118367e-01  8.147017450487e-01  8.960336200081e-01  1.401118544933e-01
  9.191285118367e-01  8.147017450487e-01  8.960336200081e-01  1.401118544933e-01   9.152342603947e-01  8.145130730023e-01  8.958293549633e-01  1.390733849070e-01
  9.152342603947e-01  8.145130730023e-01  8.958293549633e-01  1.390733849070e-01   9.061912975041e-01  8.139953413952e-01  8.953717808123e-01  1.366486168470e-01
  9.061912975041e-01  8.139953413952e-01  8.953717808123e-01  1.366486168470e-01   8.834675478197e-01  8.122004690442e-01  8.943285740949e-01  1.304754887554e-01
  8.834675478197e-01  8.122004690442e-01  8.943285740949e-01  1.304754887554e-01   8.732482632804e-01  8.111614685009e-01  8.939109765453e-01  1.276634371706e-01
  8.732482632804e-01  8.111614685009e-01  8.939109765453e-01  1.276634371706e-01   8.376018403963e-01  8.064002965283e-01  8.927198363926e-01  1.176966078687e-01
  8.376018403963e-01  8.064002965283e-01  8.927198363926e-01  1.176966078687e-01   8.284401655698e-01  8.048888799597e-01  8.924834563246e-01  1.150995383834e-01
  8.284401655698e-01  8.048888799597e-01  8.924834563246e-01  1.150995383834e-01   8.235767974445e-01  8.040384133317e-01  8.923700289699e-01  1.137157632655e-01
  8.235767974445e-01  8.040384133317e-01  8.923700289699e-01  1.137157632655e-01   7.852072000000e-01  7.961483625980e-01  8.917795949162e-01  1.026959948845e-01
  7.852072000000e-01  7.961483625980e-01  8.917795949162e-01  1.026959948845e-01   7.719219330501e-01  7.929237859863e-01  8.917058808580e-01  9.884954199050e-02
  7.719219330501e-01  7.929237859863e-01  8.917058808580e-01  9.884954199050e-02   7.432660850624e-01  7.850936450922e-01  8.917863344762e-01  9.053149841090e-02
  7.432660850624e-01  7.850936450922e-01  8.917863344762e-01  9.053149841090e-02   7.396561444001e-01  7.840217359130e-01  8.918201576165e-01  8.948359252817e-02
  7.396561444001e-01  7.840217359130e-01  8.918201576165e-01  8.948359252817e-02   7.296093047601e-01  7.809369315644e-01  8.919426331413e-01  8.656950468353e-02
  7.296093047601e-01  7.809369315644e-01  8.919426331413e-01  8.656950468353e-02   7.097560815257e-01  7.743987137855e-01  8.923083623347e-01  8.083017565050e-02
  7.097560815257e-01  7.743987137855e-01  8.923083623347e-01  8.083017565050e-02   7.023472476052e-01  7.718070241833e-01  8.924872331478e-01  7.869841765803e-02
  7.023472476052e-01  7.718070241833e-01  8.924872331478e-01  7.869841765803e-02   6.834296657277e-01  7.648113340493e-01  8.930488129671e-01  7.329156419049e-02
  6.834296657277e-01  7.648113340493e-01  8.930488129671e-01  7.329156419049e-02   6.628635237962e-01  7.565825709484e-01  8.938295525168e-01  6.749344742308e-02
  6.628635237962e-01  7.565825709484e-01  8.938295525168e-01  6.749344742308e-02   6.452053107696e-01  7.489916016159e-01  8.946391516521e-01  6.260396886447e-02
  6.452053107696e-01  7.489916016159e-01  8.946391516521e-01  6.260396886447e-02   6.251483162225e-01  7.397710864603e-01  8.957098500935e-01  5.717746415925e-02
  6.251483162225e-01  7.397710864603e-01  8.957098500935e-01  5.717746415925e-02   6.027951660842e-01  7.287323591727e-01  8.970823156044e-01  5.132750497927e-02
  6.027951660842e-01  7.287323591727e-01  8.970823156044e-01  5.132750497927e-02   5.888433020175e-01  7.214281542847e-01  8.980275360609e-01  4.780232504376e-02
  5.888433020175e-01  7.214281542847e-01  8.980275360609e-01  4.780232504376e-02   5.728793778257e-01  7.126735782935e-01  8.991843336129e-01  4.390646533731e-02
  5.728793778257e-01  7.126735782935e-01  8.991843336129e-01  4.390646533731e-02   5.536151398784e-01  7.015358924834e-01  9.006731671514e-01  3.942707007870e-02
  5.536151398784e-01  7.015358924834e-01  9.006731671514e-01  3.942707007870e-02   5.215034773235e-01  6.815442367057e-01  9.033208237765e-01  3.258986647712e-02
  5.215034773235e-01  6.815442367057e-01  9.033208237765e-01  3.258986647712e-02   5.197257592906e-01  6.803843952004e-01  9.034713791173e-01  3.223698569113e-02
  5.197257592906e-01  6.803843952004e-01  9.034713791173e-01  3.223698569113e-02   5.188004721820e-01  6.797784749106e-01  9.035498422387e-01  3.205445098086e-02
  5.188004721820e-01  6.797784749106e-01  9.035498422387e-01  3.205445098086e-02   4.873768434342e-01  6.582805096083e-01  9.062254046754e-01  2.634558822690e-02
  4.873768434342e-01  6.582805096083e-01  9.062254046754e-01  2.634558822690e-02   4.677371242787e-01  6.439158725243e-01  9.078577058841e-01  2.330282424180e-02
  4.677371242787e-01  6.439158725243e-01  9.078577058841e-01  2.330282424180e-02   4.561924073753e-01  6.351289023914e-01  9.087780497680e-01  2.171991333062e-02
  4.561924073753e-01  6.351289023914e-01  9.087780497680e-01  2.171991333062e-02   4.374686249811e-01  6.203236005132e-01  9.101729990271e-01  1.949594995720e-02
  4.374686249811e-01  6.203236005132e-01  9.101729990271e-01  1.949594995720e-02   4.258327492351e-01  6.107691025877e-01  9.109581523516e-01  1.833685284901e-02
  4.258327492351e-01  6.107691025877e-01  9.109581523516e-01  1.833685284901e-02   4.124473860365e-01  5.994333880436e-01  9.117615006959e-01  1.722251005549e-02
  4.124473860365e-01  5.994333880436e-01  9.117615006959e-01  1.722251005549e-02   3.964874701374e-01  5.854214145321e-01  9.125480180896e-01  1.620790530288e-02
  3.964874701374e-01  5.854214145321e-01  9.125480180896e-01  1.620790530288e-02   3.788899375495e-01  5.693230783693e-01  9.131501029610e-01  1.549275583837e-02
  3.788899375495e-01  5.693230783693e-01  9.131501029610e-01  1.549275583837e-02   3.683182680959e-01  5.593121319041e-01  9.133533742764e-01  1.526828225949e-02
  3.683182680959e-01  5.593121319041e-01  9.133533742764e-01  1.526828225949e-02   3.567883881348e-01  5.480914608252e-01  9.134194467254e-01  1.519866925944e-02
  3.567883881348e-01  5.480914608252e-01  9.134194467254e-01  1.519866925944e-02   3.410055941959e-01  5.321988752700e-01  9.132127370446e-01  1.539638372130e-02
  3.410055941959e-01  5.321988752700e-01  9.132127370446e-01  1.539638372130e-02   3.223572967769e-01  5.125808330069e-01  9.124619907442e-01  1.605474283151e-02
  3.223572967769e-01  5.125808330069e-01  9.124619907442e-01  1.605474283151e-02   3.142768069699e-01  5.037808000315e-01  9.119456704107e-01  1.647751396528e-02
  3.142768069699e-01  5.037808000315e-01  9.119456704107e-01  1.647751396528e-02   3.084407535616e-01  4.973069244598e-01  9.114947941456e-01  1.683254651320e-02
  3.084407535616e-01  4.973069244598e-01  9.114947941456e-01  1.683254651320e-02   2.883452901355e-01  4.742133892423e-01  9.093993474649e-01  1.835686463780e-02
  2.883452901355e-01  4.742133892423e-01  9.093993474649e-01  1.835686463780e-02   2.852338184936e-01  4.705207831145e-01  9.089944811807e-01  1.863239314913e-02
  2.852338184936e-01  4.705207831145e-01  9.089944811807e-01  1.863239314913e-02   2.634224089609e-01  4.436757895655e-01  9.054876248386e-01  2.082953500717e-02
  2.634224089609e-01  4.436757895655e-01  9.054876248386e-01  2.082953500717e-02   2.596313441423e-01  4.388278819848e-01  9.047511191137e-01  2.125469710532e-02
  2.596313441423e-01  4.388278819848e-01  9.047511191137e-01  2.125469710532e-02   2.393091172260e-01  4.118214591836e-01  9.000968844943e-01  2.371406056789e-02
  2.393091172260e-01  4.118214591836e-01  9.000968844943e-01  2.371406056789e-02   2.219704577222e-01  3.872736556004e-01  8.950980409365e-01  2.599904376894e-02
  2.219704577222e-01  3.872736556004e-01  8.950980409365e-01  2.599904376894e-02   2.158615357098e-01  3.782538958273e-01  8.930890904147e-01  2.683120191394e-02
  2.158615357098e-01  3.782538958273e-01  8.930890904147e-01  2.683120191394e-02   2.131995067302e-01  3.742583974836e-01  8.921708723975e-01  2.719673864336e-02
  2.131995067302e-01  3.742583974836e-01  8.921708723975e-01  2.719673864336e-02   2.059076617341e-01  3.631018200269e-01  8.895175776664e-01  2.820395985397e-02
  2.059076617341e-01  3.631018200269e-01  8.895175776664e-01  2.820395985397e-02   1.966149823835e-01  3.484062064567e-01  8.858289526518e-01  2.949170760593e-02
  1.966149823835e-01  3.484062064567e-01  8.858289526518e-01  2.949170760593e-02   1.933693498026e-01  3.431392497994e-01  8.844553754058e-01  2.994012177334e-02
  1.933693498026e-01  3.431392497994e-01  8.844553754058e-01  2.994012177334e-02   1.800179057031e-01  3.206768468045e-01  8.783075042922e-01  3.175816487622e-02
  1.800179057031e-01  3.206768468045e-01  8.783075042922e-01  3.175816487622e-02   1.721031573959e-01  3.067039330920e-01  8.742578547700e-01  3.280030808702e-02
  1.721031573959e-01  3.067039330920e-01  8.742578547700e-01  3.280030808702e-02   1.573872182839e-01  2.792481896305e-01  8.658320889816e-01  3.461588369206e-02
  1.573872182839e-01  2.792481896305e-01  8.658320889816e-01  3.461588369206e-02   1.519521060273e-01  2.685708415344e-01  8.623960801037e-01  3.523062837059e-02
  1.519521060273e-01  2.685708415344e-01  8.623960801037e-01  3.523062837059e-02   1.399203882706e-01  2.437761766569e-01  8.540894893743e-01  3.644291770183e-02
  1.399203882706e-01  2.437761766569e-01  8.540894893743e-01  3.644291770183e-02   1.328137954419e-01  2.283124211196e-01  8.486830098279e-01  3.703778826949e-02
  1.328137954419e-01  2.283124211196e-01  8.486830098279e-01  3.703778826949e-02   1.312231860004e-01  2.247618745816e-01  8.474174869487e-01  3.715613194680e-02
  1.312231860004e-01  2.247618745816e-01  8.474174869487e-01  3.715613194680e-02   1.285999718634e-01  2.188322215863e-01  8.452838884450e-01  3.733824415144e-02
  1.285999718634e-01  2.188322215863e-01  8.452838884450e-01  3.733824415144e-02   1.199833571868e-01  1.986789214454e-01  8.378440565861e-01  3.780824723250e-02
  1.199833571868e-01  1.986789214454e-01  8.378440565861e-01  3.780824723250e-02   1.148554672000e-01  1.861708147980e-01  8.330786506304e-01  3.798041964380e-02
  1.148554672000e-01  1.861708147980e-01  8.330786506304e-01  3.798041964380e-02   1.088850879285e-01  1.711020159621e-01  8.271837440213e-01  3.806136765250e-02
  1.088850879285e-01  1.711020159621e-01  8.271837440213e-01  3.806136765250e-02   9.808510615970e-02  1.424232000000e-01  8.154802002415e-01  3.781472926352e-02
  9.808510615970e-02  1.424232000000e-01  8.154802002415e-01  3.781472926352e-02   9.780745445979e-02  1.416616917747e-01  8.151604325397e-01  3.780073133773e-02
  9.780745445979e-02  1.416616917747e-01  8.151604325397e-01  3.780073133773e-02   9.452513360871e-02  1.325685756953e-01  8.113047392834e-01  3.760272347615e-02
  9.452513360871e-02  1.325685756953e-01  8.113047392834e-01  3.760272347615e-02   8.267019437591e-02  9.839571996383e-02  7.961683870020e-01  3.632641382609e-02
  8.267019437591e-02  9.839571996383e-02  7.961683870020e-01  3.632641382609e-02   8.204313129612e-02  9.653422960979e-02  7.953131237723e-01  3.623160127593e-02
  8.204313129612e-02  9.653422960979e-02  7.953131237723e-01  3.623160127593e-02   6.780122906027e-02  5.309184706362e-02  7.743802910161e-01  3.321126242489e-02
  6.780122906027e-02  5.309184706362e-02  7.743802910161e-01  3.321126242489e-02   6.608931801507e-02  4.774953477693e-02  7.716721008662e-01  3.272698147734e-02
  6.608931801507e-02  4.774953477693e-02  7.716721008662e-01  3.272698147734e-02   5.932266954343e-02  2.646934291000e-02  7.605824579561e-01  3.053474435827e-02
  5.932266954343e-02  2.646934291000e-02  7.605824579561e-01  3.053474435827e-02   5.307891739827e-02  6.674029070633e-03  7.498307478608e-01  2.810179514360e-02
  5.307891739827e-02  6.674029070633e-03  7.498307478608e-01  2.810179514360e-02   5.151787159314e-02  1.709583217518e-03  7.470689652905e-01  2.742994587057e-02
  5.151787159314e-02  1.709583217518e-03  7.470689652905e-01  2.742994587057e-02   4.969456871725e-02 -4.094664030120e-03  7.438072622343e-01  2.661243928369e-02
  4.969456871725e-02 -4.094664030120e-03  7.438072622343e-01  2.661243928369e-02   4.369239619262e-02 -2.323942005966e-02  7.328052905454e-01  2.366763860652e-02
  4.369239619262e-02 -2.323942005966e-02  7.328052905454e-01  2.366763860652e-02   3.840922524803e-02 -4.014347379523e-02  7.227968750258e-01  2.074605435974e-02
  3.840922524803e-02 -4.014347379523e-02  7.227968750258e-01  2.074605435974e-02   3.573723107187e-02 -4.872065022859e-02  7.176215358754e-01  1.914756959632e-02
  3.573723107187e-02 -4.872065022859e-02  7.176215358754e-01  1.914756959632e-02   3.246156335074e-02 -5.927438544622e-02  7.111720061777e-01  1.707385808400e-02
  3.246156335074e-02 -5.927438544622e-02  7.111720061777e-01  1.707385808400e-02   2.680441072606e-02 -7.765696824095e-02  6.997502462549e-01  1.318413270965e-02
  2.680441072606e-02 -7.765696824095e-02  6.997502462549e-01  1.318413270965e-02   2.062655001593e-02 -9.811244923465e-02  6.868228913722e-01  8.455144507389e-03
  2.062655001593e-02 -9.811244923465e-02  6.868228913722e-01  8.455144507389e-03   1.742054590501e-02 -1.089766952553e-01  6.798952833429e-01  5.781185423353e-03
  1.742054590501e-02 -1.089766952553e-01  6.798952833429e-01  5.781185423353e-03   1.454162606018e-02 -1.189405327623e-01  6.735223114275e-01  3.236242935535e-03
  1.454162606018e-02 -1.189405327623e-01  6.735223114275e-01  3.236242935535e-03   8.398035510535e-03 -1.411688090272e-01  6.593105901435e-01 -2.730612303514e-03
  8.398035510535e-03 -1.411688090272e-01  6.593105901435e-01 -2.730612303514e-03   2.325264529981e-03 -1.653143522801e-01  6.440482630854e-01 -9.587625874670e-03
  2.325264529981e-03 -1.653143522801e-01  6.440482630854e-01 -9.587625874670e-03   9.792247104605e-05 -1.751049442908e-01  6.379658272980e-01 -1.245158337624e-02
  9.792247104605e-05 -1.751049442908e-01  6.379658272980e-01 -1.245158337624e-02  -1.684902377570e-03 -1.835181809291e-01  6.328086379768e-01 -1.493962180879e-02
 -1.684902377570e-03 -1.835181809291e-01  6.328086379768e-01 -1.493962180879e-02  -5.047420990999e-03 -2.016678875949e-01  6.219628840257e-01 -2.035554147675e-02
 -5.047420990999e-03 -2.016678875949e-01  6.219628840257e-01 -2.035554147675e-02  -6.707214894026e-03 -2.126502701031e-01  6.156305297867e-01 -2.363672485854e-02
 -6.707214894026e-03 -2.126502701031e-01  6.156305297867e-01 -2.363672485854e-02  -8.372323730425e-03 -2.270288646387e-01  6.076668797080e-01 -2.789457087635e-02
 -8.372323730425e-03 -2.270288646387e-01  6.076668797080e-01 -2.789457087635e-02  -9.585720124882e-03 -2.498035468043e-01  5.959977959579e-01 -3.441976773560e-02
 -9.585720124882e-03 -2.498035468043e-01  5.959977959579e-01 -3.441976773560e-02  -9.573006444069e-03 -2.551550374960e-01  5.934564308191e-01 -3.589022611348e-02
 -9.573006444069e-03 -2.551550374960e-01  5.934564308191e-01 -3.589022611348e-02  -9.450727883984e-03 -2.600012245670e-01  5.912300654469e-01 -3.719423808440e-02
 -9.450727883984e-03 -2.600012245670e-01  5.912300654469e-01 -3.719423808440e-02  -6.282455197686e-03 -2.883179832899e-01  5.798835675849e-01 -4.410061864129e-02
 -6.282455197686e-03 -2.883179832899e-01  5.798835675849e-01 -4.410061864129e-02   1.684583121328e-05 -3.109066623444e-01  5.733652959858e-01 -4.832033085092e-02
  1.684583121328e-05 -3.109066623444e-01  5.733652959858e-01 -4.832033085092e-02   3.213007515008e-02 -3.604601903491e-01  5.708293224423e-01 -4.997084385197e-02
  7.834091924490e-01  1.148720413149e-01  8.344906154337e-01  7.803662073517e-01   7.828796076326e-01  1.168499093621e-01  8.503676597071e-01  7.786440179301e-01
  7.828796076326e-01  1.168499093621e-01  8.503676597071e-01  7.786440179301e-01   7.822294513607e-01  1.198049535265e-01  8.752285367582e-01  7.751748894658e-01
  7.822294513607e-01  1.198049535265e-01  8.752285367582e-01  7.751748894658e-01   7.818288597794e-01  1.220346335944e-01  8.957365643285e-01  7.715952786160e-01
  7.818288597794e-01  1.220346335944e-01  8.957365643285e-01  7.715952786160e-01   7.815287588185e-01  1.239576021679e-01  9.155236088131e-01  7.675124514790e-01
  7.815287588185e-01  1.239576021679e-01  9.155236088131e-01  7.675124514790e-01   7.807644965406e-01  1.293233005795e-01  9.927955989835e-01  7.452720331443e-01
  7.807644965406e-01  1.293233005795e-01  9.927955989835e-01  7.452720331443e-01   7.804818737104e-01  1.310152531851e-01  1.030354716803e+00  7.305213365401e-01
  7.804818737104e-01  1.310152531851e-01  1.030354716803e+00  7.305213365401e-01   7.802204048357e-01  1.323181535619e-01  1.066947956774e+00  7.133903387840e-01
  7.802204048357e-01  1.323181535619e-01  1.066947956774e+00  7.133903387840e-01   7.797265015261e-01  1.342157532477e-01  1.136339961727e+00  6.724202036532e-01
  7.797265015261e-01  1.342157532477e-01  1.136339961727e+00  6.724202036532e-01   7.794805489502e-01  1.349600830505e-01  1.169506318340e+00  6.482883259333e-01
  7.794805489502e-01  1.349600830505e-01  1.169506318340e+00  6.482883259333e-01   7.792325261428e-01  1.356142586270e-01  1.201260945562e+00  6.219005459058e-01
  7.792325261428e-01  1.356142586270e-01  1.201260945562e+00  6.219005459058e-01   7.787237772996e-01  1.367341605456e-01  1.259453349935e+00  5.632227676186e-01
  7.787237772996e-01  1.367341605456e-01  1.259453349935e+00  5.632227676186e-01   7.784528361723e-01  1.372403943484e-01  1.286086971837e+00  5.306327825400e-01
  7.784528361723e-01  1.372403943484e-01  1.286086971837e+00  5.306327825400e-01   7.781677537097e-01  1.377224588676e-01  1.310698811436e+00  4.962036041079e-01
  7.781677537097e-01  1.377224588676e-01  1.310698811436e+00  4.962036041079e-01   7.775434740854e-01  1.386411855812e-01  1.352966308831e+00  4.231088109634e-01
  7.775434740854e-01  1.386411855812e-01  1.352966308831e+00  4.231088109634e-01   7.771875988563e-01  1.391013724414e-01  1.370736054569e+00  3.841610691201e-01
  7.771875988563e-01  1.391013724414e-01  1.370736054569e+00  3.841610691201e-01   7.767939774372e-01  1.395699374074e-01  1.385984505136e+00  3.440723898940e-01
  7.767939774372e-01  1.395699374074e-01  1.385984505136e+00  3.440723898940e-01   7.758561659711e-01  1.405604263723e-01  1.408447098120e+00  2.620188913759e-01
  7.758561659711e-01  1.405604263723e-01  1.408447098120e+00  2.620188913759e-01   7.752698241446e-01  1.411149196492e-01  1.415745153522e+00  2.197613226176e-01
  7.752698241446e-01  1.411149196492e-01  1.415745153522e+00  2.197613226176e-01   7.745727789322e-01  1.417291903723e-01  1.420300567088e+00  1.771902619938e-01
  7.745727789322e-01  1.417291903723e-01  1.420300567088e+00  1.771902619938e-01   7.726859001976e-01  1.432403486307e-01  1.421211600944e+00  9.259600516338e-02
  7.726859001976e-01  1.432403486307e-01  1.421211600944e+00  9.259600516338e-02   7.713375953036e-01  1.442491680988e-01  1.417605127639e+00  5.017025456043e-02
  7.713375953036e-01  1.442491680988e-01  1.417605127639e+00  5.017025456043e-02   7.695842516264e-01  1.455353709243e-01  1.411308078480e+00  8.088746965092e-03
  7.695842516264e-01  1.455353709243e-01  1.411308078480e+00  8.088746965092e-03   7.654933455230e-01  1.486582222447e-01  1.394920385535e+00 -6.095431714768e-02
  7.654933455230e-01  1.486582222447e-01  1.394920385535e+00 -6.095431714768e-02   7.654481001667e-01  1.486948939351e-01  1.394732744556e+00 -6.159198530559e-02
  7.654481001667e-01  1.486948939351e-01  1.394732744556e+00 -6.159198530559e-02   7.645655914498e-01  1.494236007488e-01  1.391036157151e+00 -7.371034496428e-02
  7.645655914498e-01  1.494236007488e-01  1.391036157151e+00 -7.371034496428e-02   7.641153277332e-01  1.498060969464e-01  1.389119100256e+00 -7.969203820958e-02
  7.641153277332e-01  1.498060969464e-01  1.389119100256e+00 -7.969203820958e-02   7.614386386490e-01  1.522684604697e-01  1.377074733581e+00 -1.135626312270e-01
  7.614386386490e-01  1.522684604697e-01  1.377074733581e+00 -1.135626312270e-01   7.599040580352e-01  1.538697354136e-01  1.369411986092e+00 -1.325205127991e-01
  7.599040580352e-01  1.538697354136e-01  1.369411986092e+00 -1.325205127991e-01   7.583658322825e-01  1.556692947664e-01  1.360847036886e+00 -1.519084434907e-01
  7.583658322825e-01  1.556692947664e-01  1.360847036886e+00 -1.519084434907e-01   7.574481227198e-01  1.568647307133e-01  1.355144459709e+00 -1.639346225782e-01
  7.574481227198e-01  1.568647307133e-01  1.355144459709e+00 -1.639346225782e-01   7.557393996901e-01  1.594364424414e-01  1.342738489596e+00 -1.880708179008e-01
  7.557393996901e-01  1.594364424414e-01  1.342738489596e+00 -1.880708179008e-01   7.539322879223e-01  1.629936869047e-01  1.325024912420e+00 -2.186199231303e-01
  7.539322879223e-01  1.629936869047e-01  1.325024912420e+00 -2.186199231303e-01   7.537540574193e-01  1.634267100737e-01  1.322809518902e+00 -2.221672593507e-01
  7.537540574193e-01  1.634267100737e-01  1.322809518902e+00 -2.221672593507e-01   7.524981691887e-01  1.675146113545e-01  1.301068643653e+00 -2.542950408147e-01
  7.524981691887e-01  1.675146113545e-01  1.301068643653e+00 -2.542950408147e-01   7.524963479261e-01  1.675231195961e-01  1.301021618066e+00 -2.543597323349e-01
  7.524963479261e-01  1.675231195961e-01  1.301021618066e+00 -2.543597323349e-01   7.524947910604e-01  1.675304048556e-01  1.300981345378e+00 -2.544151189592e-01
  7.524947910604e-01  1.675304048556e-01  1.300981345378e+00 -2.544151189592e-01   7.524748058008e-01  1.676249416881e-01  1.300458198465e+00 -2.551333294966e-01
  7.524748058008e-01  1.676249416881e-01  1.300458198465e+00 -2.551333294966e-01   7.520309037546e-01  1.709168714031e-01  1.281542215748e+00 -2.796201370321e-01
  7.520309037546e-01  1.709168714031e-01  1.281542215748e+00 -2.796201370321e-01   7.520018522380e-01  1.715600529005e-01  1.277669197185e+00 -2.843037768200e-01
  7.520018522380e-01  1.715600529005e-01  1.277669197185e+00 -2.843037768200e-01   7.520980033574e-01  1.743209537114e-01  1.260250800107e+00 -3.041385282710e-01
  7.520980033574e-01  1.743209537114e-01  1.260250800107e+00 -3.041385282710e-01   7.522356254686e-01  1.753947745314e-01  1.253079284628e+00 -3.117639932346e-01
  7.522356254686e-01  1.753947745314e-01  1.253079284628e+00 -3.117639932346e-01   7.524945690838e-01  1.767526902419e-01  1.243636776753e+00 -3.213632570215e-01
  7.524945690838e-01  1.767526902419e-01  1.243636776753e+00 -3.213632570215e-01   7.531364907997e-01  1.789720701063e-01  1.227148812029e+00 -3.370124419249e-01
  7.531364907997e-01  1.789720701063e-01  1.227148812029e+00 -3.370124419249e-01   7.538105597171e-01  1.806275858380e-01  1.213810897260e+00 -3.487212287004e-01
  7.538105597171e-01  1.806275858380e-01  1.213810897260e+00 -3.487212287004e-01   7.546524230288e-01  1.822429606104e-01  1.199716537478e+00 -3.602480076656e-01
  7.546524230288e-01  1.822429606104e-01  1.199716537478e+00 -3.602480076656e-01   7.555004482085e-01  1.835682456597e-01  1.187155445231e+00 -3.698401049439e-01
  7.555004482085e-01  1.835682456597e-01  1.187155445231e+00 -3.698401049439e-01   7.567019106071e-01  1.851103950654e-01  1.171072840242e+00 -3.812501332012e-01
  7.567019106071e-01  1.851103950654e-01  1.171072840242e+00 -3.812501332012e-01   7.576695884592e-01  1.861480151100e-01  1.159094244654e+00 -3.891520404453e-01
  7.576695884592e-01  1.861480151100e-01  1.159094244654e+00 -3.891520404453e-01   7.591818690093e-01  1.875003955596e-01  1.141542499955e+00 -3.998693392527e-01
  7.591818690093e-01  1.875003955596e-01  1.141542499955e+00 -3.998693392527e-01   7.609060581148e-01  1.887328845216e-01  1.122720827213e+00 -4.102952308611e-01
  7.609060581148e-01  1.887328845216e-01  1.122720827213e+00 -4.102952308611e-01   7.620285345309e-01  1.893915400300e-01  1.110942494025e+00 -4.162901408178e-01
  7.620285345309e-01  1.893915400300e-01  1.110942494025e+00 -4.162901408178e-01   7.640005898261e-01  1.903173466253e-01  1.090875611277e+00 -4.256166376177e-01
  7.640005898261e-01  1.903173466253e-01  1.090875611277e+00 -4.256166376177e-01   7.651901586924e-01  1.907486126034e-01  1.079047108416e+00 -4.306134642094e-01
  7.651901586924e-01  1.907486126034e-01  1.079047108416e+00 -4.306134642094e-01   7.664388521577e-01  1.911071223560e-01  1.066782760192e+00 -4.354184913105e-01
  7.664388521577e-01  1.911071223560e-01  1.066782760192e+00 -4.354184913105e-01   7.685604727441e-01  1.915082795530e-01  1.046163237117e+00 -4.426675136193e-01
  7.685604727441e-01  1.915082795530e-01  1.046163237117e+00 -4.426675136193e-01   7.699979077103e-01  1.916370913269e-01  1.032258867303e+00 -4.469904497357e-01
  7.699979077103e-01  1.916370913269e-01  1.032258867303e+00 -4.469904497357e-01   7.720234649906e-01  1.916255688886e-01  1.012624355228e+00 -4.523501387790e-01
  7.720234649906e-01  1.916255688886e-01  1.012624355228e+00 -4.523501387790e-01   7.738521735143e-01  1.914180958541e-01  9.947341816610e-01 -4.565004418144e-01
  7.738521735143e-01  1.914180958541e-01  9.947341816610e-01 -4.565004418144e-01   7.755188261907e-01  1.910583706018e-01  9.781821148194e-01 -4.597382328205e-01
  7.755188261907e-01  1.910583706018e-01  9.781821148194e-01 -4.597382328205e-01   7.771191048405e-01  1.905482787169e-01  9.619614173854e-01 -4.623656663265e-01
  7.771191048405e-01  1.905482787169e-01  9.619614173854e-01 -4.623656663265e-01   7.789791491390e-01  1.897299429416e-01  9.425431698873e-01 -4.648198031373e-01
  7.789791491390e-01  1.897299429416e-01  9.425431698873e-01 -4.648198031373e-01   7.812827203958e-01  1.883195572763e-01  9.172874891673e-01 -4.669166639271e-01
  7.812827203958e-01  1.883195572763e-01  9.172874891673e-01 -4.669166639271e-01   7.822616046454e-01  1.875590310439e-01  9.059962528735e-01 -4.674632791447e-01
  7.822616046454e-01  1.875590310439e-01  9.059962528735e-01 -4.674632791447e-01   7.851070685370e-01  1.845925217955e-01  8.701994194297e-01 -4.676453082511e-01
  7.851070685370e-01  1.845925217955e-01  8.701994194297e-01 -4.676453082511e-01   7.852072000000e-01  1.844614779840e-01  8.688279729243e-01 -4.676062406797e-01
  7.852072000000e-01  1.844614779840e-01  8.688279729243e-01 -4.676062406797e-01   7.852657515623e-01  1.843837926934e-01  8.680214069038e-01 -4.675817002476e-01
  7.852657515623e-01  1.843837926934e-01  8.680214069038e-01 -4.675817002476e-01   7.855107752473e-01  1.840499002272e-01  8.646075054182e-01 -4.674650261740e-01
  7.855107752473e-01  1.840499002272e-01  8.646075054182e-01 -4.674650261740e-01   7.857324568700e-01  1.837349273572e-01  8.614618426897e-01 -4.673392337596e-01
  7.857324568700e-01  1.837349273572e-01  8.614618426897e-01 -4.673392337596e-01   7.874979266092e-01  1.806563293962e-01  8.338039485539e-01 -4.654877760865e-01
  7.874979266092e-01  1.806563293962e-01  8.338039485539e-01 -4.654877760865e-01   7.876770033609e-01  1.802683938530e-01  8.306425141412e-01 -4.651919799967e-01
  7.876770033609e-01  1.802683938530e-01  8.306425141412e-01 -4.651919799967e-01   7.891472263979e-01  1.760908319278e-01  7.997676321877e-01 -4.614170070577e-01
  7.891472263979e-01  1.760908319278e-01  7.997676321877e-01 -4.614170070577e-01   7.894668275000e-01  1.747782831016e-01  7.909719975621e-01 -4.600523759248e-01
  7.894668275000e-01  1.747782831016e-01  7.909719975621e-01 -4.600523759248e-01   7.898909927900e-01  1.725270430472e-01  7.765336338759e-01 -4.575402065714e-01
  7.898909927900e-01  1.725270430472e-01  7.765336338759e-01 -4.575402065714e-01   7.903546512960e-01  1.682631579612e-01  7.502281855225e-01 -4.521084180080e-01
  7.903546512960e-01  1.682631579612e-01  7.502281855225e-01 -4.521084180080e-01   7.905200765834e-01  1.625570798618e-01  7.121139928375e-01 -4.422950998467e-01
  7.905200765834e-01  1.625570798618e-01  7.121139928375e-01 -4.422950998467e-01   7.905203532575e-01  1.623840685276e-01  7.107940352270e-01 -4.419134192794e-01
  7.905203532575e-01  1.623840685276e-01  7.107940352270e-01 -4.419134192794e-01   7.905105935093e-01  1.580609579989e-01  6.705578036554e-01 -4.288647590738e-01
  7.905105935093e-01  1.580609579989e-01  6.705578036554e-01 -4.288647590738e-01   7.905573827351e-01  1.553396837204e-01  6.324084150392e-01 -4.137917732940e-01
  7.905573827351e-01  1.553396837204e-01  6.324084150392e-01 -4.137917732940e-01   7.906658440578e-01  1.534843825582e-01  5.954939579481e-01 -3.964441933830e-01
  7.906658440578e-01  1.534843825582e-01  5.954939579481e-01 -3.964441933830e-01   7.909847550332e-01  1.510751949088e-01  5.258041367204e-01 -3.552070258594e-01
  7.909847550332e-01  1.510751949088e-01  5.258041367204e-01 -3.552070258594e-01   7.911770622623e-01  1.502032759726e-01  4.925632629472e-01 -3.309846521195e-01
  7.911770622623e-01  1.502032759726e-01  4.925632629472e-01 -3.309846521195e-01   7.913850857138e-01  1.494637285108e-01  4.607576188184e-01 -3.045234383279e-01
  7.913850857138e-01  1.494637285108e-01  4.607576188184e-01 -3.045234383279e-01   7.918432223434e-01  1.482461417819e-01  4.024992947485e-01 -2.457317430045e-01
  7.918432223434e-01  1.482461417819e-01  4.024992947485e-01 -2.457317430045e-01   7.921005915065e-01  1.477126853416e-01  3.758401991403e-01 -2.130937646217e-01
  7.921005915065e-01  1.477126853416e-01  3.758401991403e-01 -2.130937646217e-01   7.923799900322e-01  1.472129842739e-01  3.512037082763e-01 -1.786192555847e-01
  7.923799900322e-01  1.472129842739e-01  3.512037082763e-01 -1.786192555847e-01   7.930210941823e-01  1.462793217864e-01  3.088802711895e-01 -1.054305231110e-01
  7.930210941823e-01  1.462793217864e-01  3.088802711895e-01 -1.054305231110e-01   7.934051221596e-01  1.458188905418e-01  2.910744317914e-01 -6.642536655269e-02
  7.934051221596e-01  1.458188905418e-01  2.910744317914e-01 -6.642536655269e-02   7.938471722244e-01  1.453533625347e-01  2.757816479267e-01 -2.626445247049e-02
  7.938471722244e-01  1.453533625347e-01  2.757816479267e-01 -2.626445247049e-02   7.949888123541e-01  1.443717470241e-01  2.531964939580e-01  5.602241146758e-02
  7.949888123541e-01  1.443717470241e-01  2.531964939580e-01  5.602241146758e-02   7.957841866463e-01  1.438156867089e-01  2.458128535591e-01  9.848941278973e-02
  7.957841866463e-01  1.438156867089e-01  2.458128535591e-01  9.848941278973e-02   7.968433996461e-01  1.431825863862e-01  2.411511877822e-01  1.414004320664e-01
  7.968433996461e-01  1.431825863862e-01  2.411511877822e-01  1.414004320664e-01   8.008570226658e-01  1.414018818171e-01  2.399774753672e-01  2.278125710152e-01
  8.008570226658e-01  1.414018818171e-01  2.399774753672e-01  2.278125710152e-01   8.057007270429e-01  1.398421149717e-01  2.431361680765e-01  2.695023058140e-01
  8.057007270429e-01  1.398421149717e-01  2.431361680765e-01  2.695023058140e-01   8.064549314750e-01  1.396258830833e-01  2.435644979390e-01  2.735958156458e-01
  8.064549314750e-01  1.396258830833e-01  2.435644979390e-01  2.735958156458e-01   8.127955290034e-01  1.379035713854e-01  2.464892347985e-01  2.979854372125e-01
  8.127955290034e-01  1.379035713854e-01  2.464892347985e-01  2.979854372125e-01   8.227434788247e-01  1.349457819882e-01  2.505685055321e-01  3.262700575520e-01
  8.227434788247e-01  1.349457819882e-01  2.505685055321e-01  3.262700575520e-01   8.236813483821e-01  1.346152219065e-01  2.510212720542e-01  3.291208940316e-01
  8.236813483821e-01  1.346152219065e-01  2.510212720542e-01  3.291208940316e-01   8.256823462982e-01  1.338622448969e-01  2.520685111701e-01  3.355160484873e-01
  8.256823462982e-01  1.338622448969e-01  2.520685111701e-01  3.355160484873e-01   8.257436108626e-01  1.338380548276e-01  2.521025720726e-01  3.357195087862e-01
  8.257436108626e-01  1.338380548276e-01  2.521025720726e-01  3.357195087862e-01   8.313387202703e-01  1.312550393729e-01  2.559220280987e-01  3.568876037099e-01
  8.313387202703e-01  1.312550393729e-01  2.559220280987e-01  3.568876037099e-01   8.347978023666e-01  1.291354381437e-01  2.593626186127e-01  3.735782069103e-01
  8.347978023666e-01  1.291354381437e-01  2.593626186127e-01  3.735782069103e-01   8.400505534771e-01  1.244357933493e-01  2.681030895217e-01  4.089126947332e-01
  8.400505534771e-01  1.244357933493e-01  2.681030895217e-01  4.089126947332e-01   8.407304531236e-01  1.235930288049e-01  2.698442483182e-01  4.150542833429e-01
  8.407304531236e-01  1.235930288049e-01  2.698442483182e-01  4.150542833429e-01   8.429728741344e-01  1.199587317364e-01  2.780117110302e-01  4.410426064574e-01
  8.429728741344e-01  1.199587317364e-01  2.780117110302e-01  4.410426064574e-01   8.437138277984e-01  1.181889612772e-01  2.824026723029e-01  4.534719143449e-01
  8.437138277984e-01  1.181889612772e-01  2.824026723029e-01  4.534719143449e-01   8.446691312447e-01  1.141854636704e-01  2.934583910126e-01  4.812683809564e-01
  8.446691312447e-01  1.141854636704e-01  2.934583910126e-01  4.812683809564e-01   8.447734667708e-01  1.130275141009e-01  2.969768805158e-01  4.892674704398e-01
  8.447734667708e-01  1.130275141009e-01  2.969768805158e-01  4.892674704398e-01   8.446716736535e-01  1.097429177793e-01  3.078602896730e-01  5.119897235263e-01
  8.446716736535e-01  1.097429177793e-01  3.078602896730e-01  5.119897235263e-01   8.444288767323e-01  1.082315489967e-01  3.133723331871e-01  5.225118520144e-01
  8.444288767323e-01  1.082315489967e-01  3.133723331871e-01  5.225118520144e-01   8.439988132976e-01  1.065081744389e-01  3.201046412941e-01  5.346092803231e-01
  8.439988132976e-01  1.065081744389e-01  3.201046412941e-01  5.346092803231e-01   8.429939525063e-01  1.038348575066e-01  3.316445576425e-01  5.536955277553e-01
  8.429939525063e-01  1.038348575066e-01  3.316445576425e-01  5.536955277553e-01   8.420573803172e-01  1.020165526531e-01  3.404058909687e-01  5.670004399699e-01
  8.420573803172e-01  1.020165526531e-01  3.404058909687e-01  5.670004399699e-01   8.406578918058e-01  9.987438767529e-02  3.519111080616e-01  5.831582509160e-01
  8.406578918058e-01  9.987438767529e-02  3.519111080616e-01  5.831582509160e-01   8.390539043853e-01  9.791719621232e-02  3.638409168801e-01  5.985560897438e-01
  8.390539043853e-01  9.791719621232e-02  3.638409168801e-01  5.985560897438e-01   8.376030952846e-01  9.644712697575e-02  3.739584118227e-01  6.106746713603e-01
  8.376030952846e-01  9.644712697575e-02  3.739584118227e-01  6.106746713603e-01   8.355247365484e-01  9.469370105867e-02  3.877756348729e-01  6.260056577531e-01
  8.355247365484e-01  9.469370105867e-02  3.877756348729e-01  6.260056577531e-01   8.340111369518e-01  9.361926304819e-02  3.975146100611e-01  6.360569481147e-01
  8.340111369518e-01  9.361926304819e-02  3.975146100611e-01  6.360569481147e-01   8.325764095987e-01  9.272970289843e-02  4.065819199434e-01  6.449081214383e-01
  8.325764095987e-01  9.272970289843e-02  4.065819199434e-01  6.449081214383e-01   8.299860183883e-01  9.139173678645e-02  4.227040269913e-01  6.595511551710e-01
  8.299860183883e-01  9.139173678645e-02  4.227040269913e-01  6.595511551710e-01   8.286108716110e-01  9.080405258400e-02  4.311905238622e-01  6.667432242965e-01
  8.286108716110e-01  9.080405258400e-02  4.311905238622e-01  6.667432242965e-01   8.256034857374e-01  8.977773545848e-02  4.497097168702e-01  6.813222092314e-01
  8.256034857374e-01  8.977773545848e-02  4.497097168702e-01  6.813222092314e-01   8.217928808202e-01  8.893325315250e-02  4.733281238105e-01  6.979201510313e-01
  8.217928808202e-01  8.893325315250e-02  4.733281238105e-01  6.979201510313e-01   8.210036987602e-01  8.881728482490e-02  4.782664887172e-01  7.011327472968e-01
  8.210036987602e-01  8.881728482490e-02  4.782664887172e-01  7.011327472968e-01   8.167510050578e-01  8.852205681356e-02  5.053109004281e-01  7.172900988889e-01
  8.167510050578e-01  8.852205681356e-02  5.053109004281e-01  7.172900988889e-01   8.163267485027e-01  8.852256088474e-02  5.080575834669e-01  7.188025424854e-01
  8.163267485027e-01  8.852256088474e-02  5.080575834669e-01  7.188025424854e-01   8.119752308840e-01  8.883956661789e-02  5.368937696411e-01  7.333679063567e-01
  8.119752308840e-01  8.883956661789e-02  5.368937696411e-01  7.333679063567e-01   8.116256352568e-01  8.888991734158e-02  5.392703804947e-01  7.344661670728e-01
  8.116256352568e-01  8.888991734158e-02  5.392703804947e-01  7.344661670728e-01   8.077030069733e-01  8.971770541824e-02  5.666913488186e-01  7.460912369394e-01
  8.077030069733e-01  8.971770541824e-02  5.666913488186e-01  7.460912369394e-01   8.069489405847e-01  8.993399501074e-02  5.721416460257e-01  7.481814586193e-01
  8.069489405847e-01  8.993399501074e-02  5.721416460257e-01  7.481814586193e-01   8.059994438039e-01  9.023378700931e-02  5.790982706371e-01  7.507476789475e-01
  8.059994438039e-01  9.023378700931e-02  5.790982706371e-01  7.507476789475e-01   8.024254233224e-01  9.165298862170e-02  6.063548639301e-01  7.597459447268e-01
  8.024254233224e-01  9.165298862170e-02  6.063548639301e-01  7.597459447268e-01   8.007791417989e-01  9.247444990895e-02  6.195783935304e-01  7.635312844875e-01
  8.007791417989e-01  9.247444990895e-02  6.195783935304e-01  7.635312844875e-01   7.981772844006e-01  9.401818603855e-02  6.415453509385e-01  7.690254291591e-01
  7.981772844006e-01  9.401818603855e-02  6.415453509385e-01  7.690254291591e-01   7.964442990112e-01  9.523532579097e-02  6.570496370237e-01  7.723295783780e-01
  7.964442990112e-01  9.523532579097e-02  6.570496370237e-01  7.723295783780e-01   7.942492113777e-01  9.703273772080e-02  6.779427253648e-01  7.760621089393e-01
  7.942492113777e-01  9.703273772080e-02  6.779427253648e-01  7.760621089393e-01   7.932952951595e-01  9.791703111083e-02  6.875498503596e-01  7.775092936504e-01
  7.932952951595e-01  9.791703111083e-02  6.875498503596e-01  7.775092936504e-01   7.906979655844e-01  1.007166947303e-01  7.158105314694e-01  7.808178494716e-01
  7.906979655844e-01  1.007166947303e-01  7.158105314694e-01  7.808178494716e-01   7.901411481216e-01  1.014060999265e-01  7.223639977033e-01  7.813878271486e-01
  7.901411481216e-01  1.014060999265e-01  7.223639977033e-01  7.813878271486e-01   7.876484819289e-01  1.050150446328e-01  7.547532530146e-01  7.831508950766e-01
  7.876484819289e-01  1.050150446328e-01  7.547532530146e-01  7.831508950766e-01   7.873151628340e-01  1.055782993005e-01  7.595718625592e-01  7.832663595029e-01
  7.873151628340e-01  1.055782993005e-01  7.595718625592e-01  7.832663595029e-01   7.852072000000e-01  1.097975937822e-01  7.942890025119e-01  7.830062741338e-01
  7.852072000000e-01  1.097975937822e-01  7.942890025119e-01  7.830062741338e-01   7.840528527159e-01  1.128217285358e-01  8.182780685421e-01  7.817287674089e-01
  7.840528527159e-01  1.128217285358e-01  8.182780685421e-01  7.817287674089e-01   7.834091924490e-01  1.148720413149e-01  8.344906154337e-01  7.803662073517e-01
