#
# Columns: x1 y1 u1 v1 x2 y2 u2 v2
#
# To plot the image plane curves, connect each (x1,y1)
# to the (x2,y2) on the same line -- do *not* connect
# consecutive lines!
#
# To plot the source plane curves, do the same for
# (u1,v1) and (u2,v2).
#
  1.553678647146e-01 -4.912369048840e-01  5.632416225941e-01 -2.853941140561e-02   1.600262719894e-01 -4.945206850631e-01  5.637218699863e-01 -2.800599088209e-02
  1.600262719894e-01 -4.945206850631e-01  5.637218699863e-01 -2.800599088209e-02   2.169087745594e-01 -5.238356908615e-01  5.734108406104e-01 -1.641039235810e-02
  2.169087745594e-01 -5.238356908615e-01  5.734108406104e-01 -1.641039235810e-02   2.389065100113e-01 -5.310479449074e-01  5.784676129667e-01 -9.885084431242e-03
  2.389065100113e-01 -5.310479449074e-01  5.784676129667e-01 -9.885084431242e-03   3.135935134980e-01 -5.437787457232e-01  5.984434503670e-01  1.851772114880e-02
  3.135935134980e-01 -5.437787457232e-01  5.984434503670e-01  1.851772114880e-02   3.288918496337e-01 -5.445847803930e-01  6.028474414245e-01  2.533071777423e-02
  3.288918496337e-01 -5.445847803930e-01  6.028474414245e-01  2.533071777423e-02   4.079678027167e-01 -5.412403555914e-01  6.260850595312e-01  6.484731677672e-02
  4.079678027167e-01 -5.412403555914e-01  6.260850595312e-01  6.484731677672e-02   4.205010584742e-01 -5.397014281349e-01  6.297539857384e-01  7.169286024871e-02
  4.205010584742e-01 -5.397014281349e-01  6.297539857384e-01  7.169286024871e-02   4.656698091021e-01 -5.321864419070e-01  6.427344596831e-01  9.749091834957e-02
  4.656698091021e-01 -5.321864419070e-01  6.427344596831e-01  9.749091834957e-02   5.090142411114e-01 -5.223333393038e-01  6.546419090244e-01  1.237223132140e-01
  5.090142411114e-01 -5.223333393038e-01  6.546419090244e-01  1.237223132140e-01   5.138431976135e-01 -5.210876172665e-01  6.559252342204e-01  1.267243373719e-01
  5.138431976135e-01 -5.210876172665e-01  6.559252342204e-01  1.267243373719e-01   5.193129378974e-01 -5.196422094826e-01  6.573670648640e-01  1.301426639946e-01
  5.193129378974e-01 -5.196422094826e-01  6.573670648640e-01  1.301426639946e-01   5.603603508665e-01 -5.076708594328e-01  6.677472536520e-01  1.563606830507e-01
  5.603603508665e-01 -5.076708594328e-01  6.677472536520e-01  1.563606830507e-01   5.922720820239e-01 -4.970610695081e-01  6.752081687268e-01  1.773522331886e-01
  5.922720820239e-01 -4.970610695081e-01  6.752081687268e-01  1.773522331886e-01   6.146660876222e-01 -4.889725237450e-01  6.800816722256e-01  1.923488199257e-01
  6.146660876222e-01 -4.889725237450e-01  6.800816722256e-01  1.923488199257e-01   6.678097116500e-01 -4.677658687575e-01  6.902978178621e-01  2.286109554986e-01
  6.678097116500e-01 -4.677658687575e-01  6.902978178621e-01  2.286109554986e-01   6.984216539092e-01 -4.543213825841e-01  6.952302373660e-01  2.497921168325e-01
  6.984216539092e-01 -4.543213825841e-01  6.952302373660e-01  2.497921168325e-01   7.348428570809e-01 -4.372003134997e-01  7.001026832210e-01  2.751135240927e-01
  7.348428570809e-01 -4.372003134997e-01  7.001026832210e-01  2.751135240927e-01   7.574582575739e-01 -4.259660221152e-01  7.025513565288e-01  2.908327542332e-01
  7.574582575739e-01 -4.259660221152e-01  7.025513565288e-01  2.908327542332e-01   7.951307633678e-01 -4.062381512764e-01  7.055989345026e-01  3.168737183837e-01
  7.951307633678e-01 -4.062381512764e-01  7.055989345026e-01  3.168737183837e-01   7.957915532031e-01 -4.058808326847e-01  7.056405915371e-01  3.173278673335e-01
  7.957915532031e-01 -4.058808326847e-01  7.056405915371e-01  3.173278673335e-01   7.969552435492e-01 -4.052506265029e-01  7.057129492840e-01  3.181273745277e-01
  7.969552435492e-01 -4.052506265029e-01  7.057129492840e-01  3.181273745277e-01   8.333140679123e-01 -3.849499357549e-01  7.073228097235e-01  3.428934694853e-01
  8.333140679123e-01 -3.849499357549e-01  7.073228097235e-01  3.428934694853e-01   8.502519985902e-01 -3.750849698869e-01  7.076370439787e-01  3.542539764767e-01
  8.502519985902e-01 -3.750849698869e-01  7.076370439787e-01  3.542539764767e-01   8.988810958051e-01 -3.452815918321e-01  7.069886704712e-01  3.860041144768e-01
  8.988810958051e-01 -3.452815918321e-01  7.069886704712e-01  3.860041144768e-01   9.002163730643e-01 -3.444314068309e-01  7.069385703384e-01  3.868543981558e-01
  9.002163730643e-01 -3.444314068309e-01  7.069385703384e-01  3.868543981558e-01   9.013281660528e-01 -3.437222124297e-01  7.068955516495e-01  3.875613565065e-01
  9.013281660528e-01 -3.437222124297e-01  7.068955516495e-01  3.875613565065e-01   9.452242624924e-01 -3.147288203615e-01  7.042639005033e-01  4.146856396490e-01
  9.452242624924e-01 -3.147288203615e-01  7.042639005033e-01  4.146856396490e-01   9.628644731194e-01 -3.025090418763e-01  7.027085372909e-01  4.250985668570e-01
  9.628644731194e-01 -3.025090418763e-01  7.027085372909e-01  4.250985668570e-01   9.866449328154e-01 -2.854853540625e-01  7.001854166554e-01  4.386270612242e-01
  9.866449328154e-01 -2.854853540625e-01  7.001854166554e-01  4.386270612242e-01   9.953205147937e-01 -2.791106081127e-01  6.991487088856e-01  4.434057840563e-01
  9.953205147937e-01 -2.791106081127e-01  6.991487088856e-01  4.434057840563e-01   1.025537689098e+00 -2.561810182207e-01  6.950890120792e-01  4.593376979519e-01
  1.025537689098e+00 -2.561810182207e-01  6.950890120792e-01  4.593376979519e-01   1.025825552037e+00 -2.559569385627e-01  6.950471787959e-01  4.594838830554e-01
  1.025825552037e+00 -2.559569385627e-01  6.950471787959e-01  4.594838830554e-01   1.061777588446e+00 -2.270761512820e-01  6.894123793378e-01  4.768432544880e-01
  1.061777588446e+00 -2.270761512820e-01  6.894123793378e-01  4.768432544880e-01   1.072828489950e+00 -2.178235165163e-01  6.875361633207e-01  4.818022929457e-01
  1.072828489950e+00 -2.178235165163e-01  6.875361633207e-01  4.818022929457e-01   1.095308036758e+00 -1.984151418316e-01  6.835577477407e-01  4.913025880564e-01
  1.095308036758e+00 -1.984151418316e-01  6.835577477407e-01  4.913025880564e-01   1.110471965382e+00 -1.848551036151e-01  6.807814275414e-01  4.972449135145e-01
  1.110471965382e+00 -1.848551036151e-01  6.807814275414e-01  4.972449135145e-01   1.126962794540e+00 -1.696553734347e-01  6.777117595821e-01  5.032591030581e-01
  1.126962794540e+00 -1.696553734347e-01  6.777117595821e-01  5.032591030581e-01   1.139735707884e+00 -1.575429615158e-01  6.753210930954e-01  5.075837153864e-01
  1.139735707884e+00 -1.575429615158e-01  6.753210930954e-01  5.075837153864e-01   1.157429004559e+00 -1.402522704602e-01  6.720304070029e-01  5.130735409502e-01
  1.157429004559e+00 -1.402522704602e-01  6.720304070029e-01  5.130735409502e-01   1.177955425586e+00 -1.194131788843e-01  6.683153188794e-01  5.186828834986e-01
  1.177955425586e+00 -1.194131788843e-01  6.683153188794e-01  5.186828834986e-01   1.186521174950e+00 -1.104601223823e-01  6.668212319492e-01  5.207735899736e-01
  1.186521174950e+00 -1.104601223823e-01  6.668212319492e-01  5.207735899736e-01   1.209518774151e+00 -8.565034689614e-02  6.630619934594e-01  5.256307201879e-01
  1.209518774151e+00 -8.565034689614e-02  6.630619934594e-01  5.256307201879e-01   1.214117009099e+00 -8.055258402032e-02  6.623664045916e-01  5.264665531210e-01
  1.214117009099e+00 -8.055258402032e-02  6.623664045916e-01  5.264665531210e-01   1.218599982211e+00 -7.553816887729e-02  6.617099131386e-01  5.272371831875e-01
  1.218599982211e+00 -7.553816887729e-02  6.617099131386e-01  5.272371831875e-01   1.240869058116e+00 -4.997773789965e-02  6.588238072138e-01  5.304074505569e-01
  1.240869058116e+00 -4.997773789965e-02  6.588238072138e-01  5.304074505569e-01   1.248204608788e+00 -4.132172517714e-02  6.580343321920e-01  5.312085634229e-01
  1.248204608788e+00 -4.132172517714e-02  6.580343321920e-01  5.312085634229e-01   1.267401112456e+00 -1.812836338566e-02  6.564354679192e-01  5.327275016831e-01
  1.267401112456e+00 -1.812836338566e-02  6.564354679192e-01  5.327275016831e-01   1.283734875128e+00  2.197870318790e-03  6.557033920460e-01  5.333616874816e-01
  1.283734875128e+00  2.197870318790e-03  6.557033920460e-01  5.333616874816e-01   1.293647262351e+00  1.478128718032e-02  6.555883387304e-01  5.334548631455e-01
  1.293647262351e+00  1.478128718032e-02  6.555883387304e-01  5.334548631455e-01   1.308319443634e+00  3.372251241206e-02  6.559348316967e-01  5.331986419486e-01
  1.308319443634e+00  3.372251241206e-02  6.559348316967e-01  5.331986419486e-01   1.319609488863e+00  4.852947134447e-02  6.566635844658e-01  5.326929125527e-01
  1.319609488863e+00  4.852947134447e-02  6.566635844658e-01  5.326929125527e-01   1.336301862195e+00  7.073903134297e-02  6.585530081135e-01  5.314846039843e-01
  1.336301862195e+00  7.073903134297e-02  6.585530081135e-01  5.314846039843e-01   1.346066667976e+00  8.387996388111e-02  6.601406312612e-01  5.305428684657e-01
  1.346066667976e+00  8.387996388111e-02  6.601406312612e-01  5.305428684657e-01   1.373172862441e+00  1.207890939447e-01  6.665605845197e-01  5.271577899806e-01
  1.373172862441e+00  1.207890939447e-01  6.665605845197e-01  5.271577899806e-01   1.373910457102e+00  1.218004234162e-01  6.667782522564e-01  5.270521227892e-01
  1.373910457102e+00  1.218004234162e-01  6.667782522564e-01  5.270521227892e-01   1.395662409116e+00  1.517438200455e-01  6.742530574247e-01  5.236921877038e-01
  1.395662409116e+00  1.517438200455e-01  6.742530574247e-01  5.236921877038e-01   1.403391362011e+00  1.624295599778e-01  6.774048875553e-01  5.224084358079e-01
  1.403391362011e+00  1.624295599778e-01  6.774048875553e-01  5.224084358079e-01   1.418675026173e+00  1.836192330467e-01  6.844043899178e-01  5.197858729420e-01
  1.418675026173e+00  1.836192330467e-01  6.844043899178e-01  5.197858729420e-01   1.434741577267e+00  2.059765675593e-01  6.928523134581e-01  5.169760010241e-01
  1.434741577267e+00  2.059765675593e-01  6.928523134581e-01  5.169760010241e-01   1.453802809017e+00  2.326232624561e-01  7.042984123863e-01  5.136826415660e-01
  1.453802809017e+00  2.326232624561e-01  7.042984123863e-01  5.136826415660e-01   1.469054348956e+00  2.540566890369e-01  7.145451034523e-01  5.111597010627e-01
  1.469054348956e+00  2.540566890369e-01  7.145451034523e-01  5.111597010627e-01   1.507664519155e+00  3.088080462566e-01  7.446691213799e-01  5.056371389955e-01
  1.507664519155e+00  3.088080462566e-01  7.446691213799e-01  5.056371389955e-01   1.507720714240e+00  3.088881658925e-01  7.447172357028e-01  5.056303011160e-01
  1.507720714240e+00  3.088881658925e-01  7.447172357028e-01  5.056303011160e-01   1.531000104328e+00  3.420959615865e-01  7.656864056828e-01  5.031758626737e-01
  1.531000104328e+00  3.420959615865e-01  7.656864056828e-01  5.031758626737e-01   1.552056928940e+00  3.719297322511e-01  7.863810912884e-01  5.016927670327e-01
  1.552056928940e+00  3.719297322511e-01  7.863810912884e-01  5.016927670327e-01   1.556360086387e+00  3.779630842954e-01  7.908022363725e-01  5.014860084179e-01
  1.556360086387e+00  3.779630842954e-01  7.908022363725e-01  5.014860084179e-01   1.561513463213e+00  3.851468937138e-01  7.961786515314e-01  5.012838781496e-01
  1.561513463213e+00  3.851468937138e-01  7.961786515314e-01  5.012838781496e-01   1.582662327892e+00  4.139905738923e-01  8.191145140246e-01  5.009952341223e-01
  1.582662327892e+00  4.139905738923e-01  8.191145140246e-01  5.009952341223e-01   1.607574948024e+00  4.461889716730e-01  8.476690768500e-01  5.018173455755e-01
  1.607574948024e+00  4.461889716730e-01  8.476690768500e-01  5.018173455755e-01   1.613965660579e+00  4.540845414215e-01  8.552101948164e-01  5.022334536907e-01
  1.613965660579e+00  4.540845414215e-01  8.552101948164e-01  5.022334536907e-01   1.622794229635e+00  4.647389651451e-01  8.657465508179e-01  5.029446562828e-01
  1.622794229635e+00  4.647389651451e-01  8.657465508179e-01  5.029446562828e-01   1.657557511225e+00  5.039949445773e-01  9.082508224556e-01  5.072304310880e-01
  1.657557511225e+00  5.039949445773e-01  9.082508224556e-01  5.072304310880e-01   1.697382626254e+00  5.446903963711e-01  9.581684542819e-01  5.148316174580e-01
  1.697382626254e+00  5.446903963711e-01  9.581684542819e-01  5.148316174580e-01   1.702855170385e+00  5.500164960247e-01  9.650883244867e-01  5.160826507421e-01
  1.702855170385e+00  5.500164960247e-01  9.650883244867e-01  5.160826507421e-01   1.705706717038e+00  5.527711975858e-01  9.686982362205e-01  5.167533357629e-01
  1.705706717038e+00  5.527711975858e-01  9.686982362205e-01  5.167533357629e-01   1.749274868223e+00  5.934800569426e-01  1.024120401756e+00  5.285266686963e-01
  1.749274868223e+00  5.934800569426e-01  1.024120401756e+00  5.285266686963e-01   1.772245382982e+00  6.142259857249e-01  1.053479999396e+00  5.358209427746e-01
  1.772245382982e+00  6.142259857249e-01  1.053479999396e+00  5.358209427746e-01   1.796261849850e+00  6.356503410850e-01  1.084246040926e+00  5.441988912833e-01
  1.796261849850e+00  6.356503410850e-01  1.084246040926e+00  5.441988912833e-01   1.835158241261e+00  6.702309561216e-01  1.134215742830e+00  5.593299563573e-01
  1.835158241261e+00  6.702309561216e-01  1.134215742830e+00  5.593299563573e-01   1.843361390502e+00  6.775640164981e-01  1.144780882022e+00  5.627629883042e-01
  1.843361390502e+00  6.775640164981e-01  1.144780882022e+00  5.627629883042e-01   1.870164126791e+00  7.017836931077e-01  1.179393837626e+00  5.745689018671e-01
  1.870164126791e+00  7.017836931077e-01  1.179393837626e+00  5.745689018671e-01   1.886419417252e+00  7.167683984974e-01  1.200481525049e+00  5.821780380932e-01
  1.886419417252e+00  7.167683984974e-01  1.200481525049e+00  5.821780380932e-01   1.890130052239e+00  7.202320198598e-01  1.205308704560e+00  5.839641139507e-01
  1.890130052239e+00  7.202320198598e-01  1.205308704560e+00  5.839641139507e-01   1.923949561427e+00  7.528750635660e-01  1.249654328315e+00  6.011516365086e-01
  1.923949561427e+00  7.528750635660e-01  1.249654328315e+00  6.011516365086e-01   1.935931738230e+00  7.651045058714e-01  1.265592608112e+00  6.076799017001e-01
  1.935931738230e+00  7.651045058714e-01  1.265592608112e+00  6.076799017001e-01   1.953803620071e+00  8.902425192164e-01  1.339296828249e+00  6.384595420529e-01
  1.953803620071e+00  8.902425192164e-01  1.339296828249e+00  6.384595420529e-01   1.881683017765e+00  8.887791313669e-01  1.283299891100e+00  6.019267174225e-01
  1.881683017765e+00  8.887791313669e-01  1.283299891100e+00  6.019267174225e-01   1.821527491436e+00  8.835274161793e-01  1.237165495188e+00  5.686993012796e-01
  1.821527491436e+00  8.835274161793e-01  1.237165495188e+00  5.686993012796e-01   1.818599232152e+00  8.833058639927e-01  1.234999778616e+00  5.670649210146e-01
  1.818599232152e+00  8.833058639927e-01  1.234999778616e+00  5.670649210146e-01   1.812150778083e+00  8.828485925963e-01  1.230268213873e+00  5.634689176036e-01
  1.812150778083e+00  8.828485925963e-01  1.230268213873e+00  5.634689176036e-01   1.762654069820e+00  8.817866417570e-01  1.196309954288e+00  5.365312321753e-01
  1.762654069820e+00  8.817866417570e-01  1.196309954288e+00  5.365312321753e-01   1.737542138025e+00  8.843418147173e-01  1.181549957689e+00  5.240748235238e-01
  1.737542138025e+00  8.843418147173e-01  1.181549957689e+00  5.240748235238e-01   1.708098060282e+00  8.928678796773e-01  1.168077693025e+00  5.121304575756e-01
  1.708098060282e+00  8.928678796773e-01  1.168077693025e+00  5.121304575756e-01   1.687194989936e+00  9.050633274280e-01  1.162507192969e+00  5.069308038632e-01
  1.687194989936e+00  9.050633274280e-01  1.162507192969e+00  5.069308038632e-01   1.650021509152e+00  9.426698768308e-01  1.162828919754e+00  5.073441801342e-01
  1.650021509152e+00  9.426698768308e-01  1.162828919754e+00  5.073441801342e-01   1.626834172898e+00  9.693030078443e-01  1.165723993229e+00  5.104898305609e-01
  1.626834172898e+00  9.693030078443e-01  1.165723993229e+00  5.104898305609e-01   1.600671045138e+00  9.949420824813e-01  1.167358020596e+00  5.123667707306e-01
  1.600671045138e+00  9.949420824813e-01  1.167358020596e+00  5.123667707306e-01   1.558879965176e+00  1.025063395929e+00  1.165620256582e+00  5.101466453024e-01
  1.558879965176e+00  1.025063395929e+00  1.165620256582e+00  5.101466453024e-01   1.503748621094e+00  1.049765547755e+00  1.157878891590e+00  4.993472283704e-01
  1.503748621094e+00  1.049765547755e+00  1.157878891590e+00  4.993472283704e-01   1.475443900953e+00  1.057655327453e+00  1.152463146642e+00  4.911683702758e-01
  1.475443900953e+00  1.057655327453e+00  1.152463146642e+00  4.911683702758e-01   1.429462961260e+00  1.065220285808e+00  1.142474253970e+00  4.749037911191e-01
  1.429462961260e+00  1.065220285808e+00  1.142474253970e+00  4.749037911191e-01   1.382124034226e+00  1.067488841326e+00  1.131352240807e+00  4.549832880894e-01
  1.382124034226e+00  1.067488841326e+00  1.131352240807e+00  4.549832880894e-01   1.374001481221e+00  1.067394804663e+00  1.129404179319e+00  4.512863207099e-01
  1.374001481221e+00  1.067394804663e+00  1.129404179319e+00  4.512863207099e-01   1.364483045281e+00  1.067119341931e+00  1.127115486160e+00  4.468589590068e-01
  1.364483045281e+00  1.067119341931e+00  1.127115486160e+00  4.468589590068e-01   1.321519691029e+00  1.063808438271e+00  1.116802413033e+00  4.256962582312e-01
  1.321519691029e+00  1.063808438271e+00  1.116802413033e+00  4.256962582312e-01   1.285489982501e+00  1.058658106753e+00  1.108332779706e+00  4.066238074872e-01
  1.285489982501e+00  1.058658106753e+00  1.108332779706e+00  4.066238074872e-01   1.262197562844e+00  1.054286069825e+00  1.103022391570e+00  3.937340581040e-01
  1.262197562844e+00  1.054286069825e+00  1.103022391570e+00  3.937340581040e-01   1.192979457091e+00  1.036958674511e+00  1.088397448351e+00  3.532836637214e-01
  1.192979457091e+00  1.036958674511e+00  1.088397448351e+00  3.532836637214e-01   1.177111616496e+00  1.032144874257e+00  1.085350946539e+00  3.436358632019e-01
  1.177111616496e+00  1.032144874257e+00  1.085350946539e+00  3.436358632019e-01   1.109060615343e+00  1.008292500436e+00  1.073913245016e+00  3.011496266062e-01
  1.109060615343e+00  1.008292500436e+00  1.073913245016e+00  3.011496266062e-01   1.103819844846e+00  1.006251439216e+00  1.073153568986e+00  2.978225082746e-01
  1.103819844846e+00  1.006251439216e+00  1.073153568986e+00  2.978225082746e-01   1.097101144196e+00  1.003594083000e+00  1.072207050692e+00  2.935494261253e-01
  1.097101144196e+00  1.003594083000e+00  1.072207050692e+00  2.935494261253e-01   1.058997945823e+00  9.876826777581e-01  1.067445738438e+00  2.692068680741e-01
  1.058997945823e+00  9.876826777581e-01  1.067445738438e+00  2.692068680741e-01   1.033486816218e+00  9.762606350420e-01  1.064864051182e+00  2.528815355471e-01
  1.033486816218e+00  9.762606350420e-01  1.064864051182e+00  2.528815355471e-01   1.017562027490e+00  9.688316189359e-01  1.063511099330e+00  2.427168790344e-01
  1.017562027490e+00  9.688316189359e-01  1.063511099330e+00  2.427168790344e-01   9.978963943355e-01  9.593501843771e-01  1.062122641251e+00  2.302243149261e-01
  9.978963943355e-01  9.593501843771e-01  1.062122641251e+00  2.302243149261e-01   9.782532668083e-01  9.495502072933e-01  1.061053551131e+00  2.178459221120e-01
  9.782532668083e-01  9.495502072933e-01  1.061053551131e+00  2.178459221120e-01   9.651280839422e-01  9.428233928321e-01  1.060518680251e+00  2.096491719702e-01
  9.651280839422e-01  9.428233928321e-01  1.060518680251e+00  2.096491719702e-01   9.102022044003e-01  9.131855130226e-01  1.059852442364e+00  1.762812508693e-01
  9.102022044003e-01  9.131855130226e-01  1.059852442364e+00  1.762812508693e-01   9.041835721900e-01  9.097967464344e-01  1.059932752469e+00  1.727414688616e-01
  9.041835721900e-01  9.097967464344e-01  1.059932752469e+00  1.727414688616e-01   8.937796932394e-01  9.038750948776e-01  1.060141656885e+00  1.666884499015e-01
  8.937796932394e-01  9.038750948776e-01  1.060141656885e+00  1.666884499015e-01   8.502519985902e-01  8.782413656934e-01  1.061946886243e+00  1.424069506813e-01
  8.502519985902e-01  8.782413656934e-01  1.061946886243e+00  1.424069506813e-01   8.400997538356e-01  8.720667481473e-01  1.062573512751e+00  1.370201991432e-01
  8.400997538356e-01  8.720667481473e-01  1.062573512751e+00  1.370201991432e-01   8.150467249902e-01  8.565164684246e-01  1.064424074852e+00  1.242428999461e-01
  8.150467249902e-01  8.565164684246e-01  1.064424074852e+00  1.242428999461e-01   8.047840399049e-01  8.500180454403e-01  1.065298514773e+00  1.192366167529e-01
  8.047840399049e-01  8.500180454403e-01  1.065298514773e+00  1.192366167529e-01   8.014164037304e-01  8.478693252877e-01  1.065599154453e+00  1.176243513202e-01
  8.014164037304e-01  8.478693252877e-01  1.065599154453e+00  1.176243513202e-01   7.705574841209e-01  8.278014853455e-01  1.068637149466e+00  1.035951998221e-01
  7.705574841209e-01  8.278014853455e-01  1.068637149466e+00  1.035951998221e-01   7.561704229384e-01  8.182087280578e-01  1.070203910170e+00  9.754068889246e-02
  7.561704229384e-01  8.182087280578e-01  1.070203910170e+00  9.754068889246e-02   7.267190747724e-01  7.980846787323e-01  1.073625880685e+00  8.618674277937e-02
  7.267190747724e-01  7.980846787323e-01  1.073625880685e+00  8.618674277937e-02   7.144281920093e-01  7.894853927189e-01  1.075110985190e+00  8.188170328128e-02
  7.144281920093e-01  7.894853927189e-01  1.075110985190e+00  8.188170328128e-02   6.950855279719e-01  7.757002416843e-01  1.077475835418e+00  7.564574577298e-02
  6.950855279719e-01  7.757002416843e-01  1.077475835418e+00  7.564574577298e-02   6.760566219198e-01  7.618225522655e-01  1.079791823399e+00  7.017214053208e-02
  6.760566219198e-01  7.618225522655e-01  1.079791823399e+00  7.017214053208e-02   6.484630311988e-01  7.410997287878e-01  1.083024182830e+00  6.343090210122e-02
  6.484630311988e-01  7.410997287878e-01  1.083024182830e+00  6.343090210122e-02   6.399623776491e-01  7.345632388132e-01  1.083967094544e+00  6.164357092653e-02
  6.399623776491e-01  7.345632388132e-01  1.083967094544e+00  6.164357092653e-02   6.170547817722e-01  7.165636315404e-01  1.086323372415e+00  5.751078728173e-02
  6.170547817722e-01  7.165636315404e-01  1.086323372415e+00  5.751078728173e-02   6.052786815939e-01  7.070797962481e-01  1.087403355935e+00  5.577458660812e-02
  6.052786815939e-01  7.070797962481e-01  1.087403355935e+00  5.577458660812e-02   5.901806484361e-01  6.946752285146e-01  1.088625945704e+00  5.393217595948e-02
  5.901806484361e-01  6.946752285146e-01  1.088625945704e+00  5.393217595948e-02   5.721787577570e-01  6.795031376368e-01  1.089802316247e+00  5.229330157518e-02
  5.721787577570e-01  6.795031376368e-01  1.089802316247e+00  5.229330157518e-02   5.522889976197e-01  6.622227410848e-01  1.090678596797e+00  5.117551944198e-02
  5.522889976197e-01  6.622227410848e-01  1.090678596797e+00  5.117551944198e-02   5.408069189245e-01  6.519838013586e-01  1.090950807380e+00  5.085381570003e-02
  5.408069189245e-01  6.519838013586e-01  1.090950807380e+00  5.085381570003e-02   5.306877573157e-01  6.427920627848e-01  1.091032415919e+00  5.076181340459e-02
  5.306877573157e-01  6.427920627848e-01  1.091032415919e+00  5.076181340459e-02   5.104705829086e-01  6.239314625392e-01  1.090703015418e+00  5.109873758789e-02
  5.104705829086e-01  6.239314625392e-01  1.090703015418e+00  5.109873758789e-02   4.988628069810e-01  6.127886387837e-01  1.090187176499e+00  5.159423731496e-02
  4.988628069810e-01  6.127886387837e-01  1.090187176499e+00  5.159423731496e-02   4.805637912956e-01  5.947307240493e-01  1.088835002841e+00  5.279889570513e-02
  4.805637912956e-01  5.947307240493e-01  1.088835002841e+00  5.279889570513e-02   4.635125959948e-01  5.773346878486e-01  1.086922821173e+00  5.435897034263e-02
  4.635125959948e-01  5.773346878486e-01  1.086922821173e+00  5.435897034263e-02   4.513219164792e-01  5.645441938941e-01  1.085134011280e+00  5.571343948227e-02
  4.513219164792e-01  5.645441938941e-01  1.085134011280e+00  5.571343948227e-02   4.349420904744e-01  5.468741685664e-01  1.082130621872e+00  5.781890247290e-02
  4.349420904744e-01  5.468741685664e-01  1.082130621872e+00  5.781890247290e-02   4.229537055074e-01  5.335766628598e-01  1.079466172086e+00  5.954690968756e-02
  4.229537055074e-01  5.335766628598e-01  1.079466172086e+00  5.954690968756e-02   4.078424142709e-01  5.163594563822e-01  1.075506953171e+00  6.192079661353e-02
  4.078424142709e-01  5.163594563822e-01  1.075506953171e+00  6.192079661353e-02   3.948836878056e-01  5.011768211825e-01  1.071546112299e+00  6.410372060249e-02
  3.948836878056e-01  5.011768211825e-01  1.071546112299e+00  6.410372060249e-02   3.726192930773e-01  4.741560255599e-01  1.063436470371e+00  6.809125544947e-02
  3.726192930773e-01  4.741560255599e-01  1.063436470371e+00  6.809125544947e-02   3.665507336919e-01  4.665798013056e-01  1.060925158182e+00  6.921431199700e-02
  3.665507336919e-01  4.665798013056e-01  1.060925158182e+00  6.921431199700e-02   3.623440244912e-01  4.612737027296e-01  1.059105825550e+00  6.999856687383e-02
  3.623440244912e-01  4.612737027296e-01  1.059105825550e+00  6.999856687383e-02   3.381590085162e-01  4.298848726110e-01  1.047354185543e+00  7.453817949883e-02
  3.381590085162e-01  4.298848726110e-01  1.047354185543e+00  7.453817949883e-02   3.380603668932e-01  4.297537088953e-01  1.047301622804e+00  7.455662015445e-02
  3.380603668932e-01  4.297537088953e-01  1.047301622804e+00  7.455662015445e-02   3.374450101334e-01  4.289348908086e-01  1.046972848894e+00  7.467161567431e-02
  3.374450101334e-01  4.289348908086e-01  1.046972848894e+00  7.467161567431e-02   3.142875412601e-01  3.973742973765e-01  1.033490455201e+00  7.890598688582e-02
  3.142875412601e-01  3.973742973765e-01  1.033490455201e+00  7.890598688582e-02   3.099101488404e-01  3.912418947763e-01  1.030693719911e+00  7.967591190490e-02
  3.099101488404e-01  3.912418947763e-01  1.030693719911e+00  7.967591190490e-02   3.006837421608e-01  3.781381486936e-01  1.024533970730e+00  8.125281222730e-02
  3.006837421608e-01  3.781381486936e-01  1.024533970730e+00  8.125281222730e-02   2.812288869461e-01  3.496947087609e-01  1.010344809988e+00  8.431489418015e-02
  2.812288869461e-01  3.496947087609e-01  1.010344809988e+00  8.431489418015e-02   2.527834092934e-01  3.060247556107e-01  9.865845233512e-01  8.789254518759e-02
  2.527834092934e-01  3.060247556107e-01  9.865845233512e-01  8.789254518759e-02   2.515174597708e-01  3.040213132437e-01  9.854422750902e-01  8.802065787171e-02
  2.515174597708e-01  3.040213132437e-01  9.854422750902e-01  8.802065787171e-02   2.311822571428e-01  2.711085362927e-01  9.660875581435e-01  8.963855352527e-02
  2.311822571428e-01  2.711085362927e-01  9.660875581435e-01  8.963855352527e-02   2.209716345058e-01  2.540507276007e-01  9.556487040683e-01  9.010319088246e-02
  2.209716345058e-01  2.540507276007e-01  9.556487040683e-01  9.010319088246e-02   2.097793409271e-01  2.349353644438e-01  9.436480195083e-01  9.030943432774e-02
  2.097793409271e-01  2.349353644438e-01  9.436480195083e-01  9.030943432774e-02   1.897712013009e-01  1.996797556595e-01  9.207348706708e-01  8.979428544548e-02
  1.897712013009e-01  1.996797556595e-01  9.207348706708e-01  8.979428544548e-02   1.855542919843e-01  1.920781951175e-01  9.156674951219e-01  8.952799790424e-02
  1.855542919843e-01  1.920781951175e-01  9.156674951219e-01  8.952799790424e-02   1.568892247972e-01  1.391124047636e-01  8.790918675398e-01  8.609458043367e-02
  1.568892247972e-01  1.391124047636e-01  8.790918675398e-01  8.609458043367e-02   1.434913303302e-01  1.138935794781e-01  8.608184908291e-01  8.344999287002e-02
  1.434913303302e-01  1.138935794781e-01  8.608184908291e-01  8.344999287002e-02   1.196527422086e-01  6.939589624683e-02  8.268708445381e-01  7.704672290895e-02
  1.196527422086e-01  6.939589624683e-02  8.268708445381e-01  7.704672290895e-02   1.108110874451e-01  5.330206541879e-02  8.139542290685e-01  7.413708646232e-02
  1.108110874451e-01  5.330206541879e-02  8.139542290685e-01  7.413708646232e-02   1.012743950773e-01  3.631699182986e-02  7.999070660868e-01  7.069641125009e-02
  1.012743950773e-01  3.631699182986e-02  7.999070660868e-01  7.069641125009e-02   8.852990824261e-02  1.428924088486e-02  7.810296378766e-01  6.564181060764e-02
  8.852990824261e-02  1.428924088486e-02  7.810296378766e-01  6.564181060764e-02   7.193102307042e-02 -1.328428277851e-02  7.563778606049e-01  5.834182056035e-02
  7.193102307042e-02 -1.328428277851e-02  7.563778606049e-01  5.834182056035e-02   6.411786848015e-02 -2.589119617329e-02  7.447689233284e-01  5.464447115386e-02
  6.411786848015e-02 -2.589119617329e-02  7.447689233284e-01  5.464447115386e-02   5.773794264748e-02 -3.604894032431e-02  7.352871003896e-01  5.150613353235e-02
  5.773794264748e-02 -3.604894032431e-02  7.352871003896e-01  5.150613353235e-02   3.840462654616e-02 -6.639486146691e-02  7.064924551263e-01  4.134542924521e-02
  3.840462654616e-02 -6.639486146691e-02  7.064924551263e-01  4.134542924521e-02   1.355045691294e-02 -1.058440000981e-01  6.689634090847e-01  2.672681217128e-02
  1.355045691294e-02 -1.058440000981e-01  6.689634090847e-01  2.672681217128e-02   1.142288641466e-02 -1.093372381080e-01  6.656923660428e-01  2.537960064927e-02
  1.142288641466e-02 -1.093372381080e-01  6.656923660428e-01  2.537960064927e-02   7.991297779819e-03 -1.150410423966e-01  6.603851803477e-01  2.316860525581e-02
  7.991297779819e-03 -1.150410423966e-01  6.603851803477e-01  2.316860525581e-02  -1.976258529924e-02 -1.682227250342e-01  6.144098701422e-01  2.642024670415e-03
 -1.976258529924e-02 -1.682227250342e-01  6.144098701422e-01  2.642024670415e-03  -3.140008812446e-02 -2.220691739506e-01  5.812938538501e-01 -1.403476417794e-02
 -3.140008812446e-02 -2.220691739506e-01  5.812938538501e-01 -1.403476417794e-02  -1.827651355194e-03 -2.815774837596e-01  5.766664686282e-01 -1.644038249151e-02
 -1.827651355194e-03 -2.815774837596e-01  5.766664686282e-01 -1.644038249151e-02   9.771513770474e-03 -2.947045517914e-01  5.788504698907e-01 -1.500058707222e-02
  9.771513770474e-03 -2.947045517914e-01  5.788504698907e-01 -1.500058707222e-02   2.551882759138e-02 -3.136527775147e-01  5.807311113320e-01 -1.370323706431e-02
  2.551882759138e-02 -3.136527775147e-01  5.807311113320e-01 -1.370323706431e-02   5.706035396036e-02 -3.636820758238e-01  5.763707904254e-01 -1.711293840865e-02
  5.706035396036e-02 -3.636820758238e-01  5.763707904254e-01 -1.711293840865e-02   6.703721345189e-02 -3.822097255369e-01  5.729952937120e-01 -1.990450220435e-02
  6.703721345189e-02 -3.822097255369e-01  5.729952937120e-01 -1.990450220435e-02   1.001702301835e-01 -4.360901559034e-01  5.640283061022e-01 -2.790778175405e-02
  1.001702301835e-01 -4.360901559034e-01  5.640283061022e-01 -2.790778175405e-02   1.553678647146e-01 -4.912369048840e-01  5.632416225941e-01 -2.853941140561e-02
  8.401357801458e-01  2.143649888708e-01  9.213818439489e-01  9.606133051447e-01   8.386291407764e-01  2.205525266997e-01  9.840168485547e-01  9.376746334385e-01
  8.386291407764e-01  2.205525266997e-01  9.840168485547e-01  9.376746334385e-01   8.387902175552e-01  2.283188875945e-01  1.051855572651e+00  9.070092683658e-01
  8.387902175552e-01  2.283188875945e-01  1.051855572651e+00  9.070092683658e-01   8.401357801458e-01  2.143649888708e-01  9.213818439489e-01  9.606133051447e-01
  8.462142185163e-01  2.060145760661e-01  8.117635966005e-01  9.871362049837e-01   8.502519985902e-01  2.032393564916e-01  7.622621340078e-01  9.928761007774e-01
  8.502519985902e-01  2.032393564916e-01  7.622621340078e-01  9.928761007774e-01   8.546910253582e-01  2.012054968439e-01  7.162876701148e-01  9.943652052257e-01
  8.546910253582e-01  2.012054968439e-01  7.162876701148e-01  9.943652052257e-01   8.462142185163e-01  2.060145760661e-01  8.117635966005e-01  9.871362049837e-01
  8.426746921789e-01  2.427964004423e-01  1.191258491015e+00  8.256716260676e-01   8.437444034388e-01  2.460477964548e-01  1.256941102530e+00  7.771986237405e-01
  8.437444034388e-01  2.460477964548e-01  1.256941102530e+00  7.771986237405e-01   8.442026422516e-01  2.478449006470e-01  1.318782135043e+00  7.236209710059e-01
  8.442026422516e-01  2.478449006470e-01  1.318782135043e+00  7.236209710059e-01   8.443671446016e-01  2.498230102898e-01  1.425868389304e+00  6.058964794762e-01
  8.443671446016e-01  2.498230102898e-01  1.425868389304e+00  6.058964794762e-01   8.442540316146e-01  2.504900874726e-01  1.470303986380e+00  5.433098604682e-01
  8.442540316146e-01  2.504900874726e-01  1.470303986380e+00  5.433098604682e-01   8.440415877135e-01  2.510524153901e-01  1.507389476378e+00  4.809147681718e-01
  8.440415877135e-01  2.510524153901e-01  1.507389476378e+00  4.809147681718e-01   8.432911926493e-01  2.520146792372e-01  1.559974701283e+00  3.623211480693e-01
  8.432911926493e-01  2.520146792372e-01  1.559974701283e+00  3.623211480693e-01   8.426631718096e-01  2.524870029390e-01  1.577374201740e+00  3.053827523471e-01
  8.426631718096e-01  2.524870029390e-01  1.577374201740e+00  3.053827523471e-01   8.417384497597e-01  2.529930730085e-01  1.589456126270e+00  2.506062003034e-01
  8.417384497597e-01  2.529930730085e-01  1.589456126270e+00  2.506062003034e-01   8.378100241032e-01  2.544016760502e-01  1.600095311631e+00  1.467535863081e-01
  8.378100241032e-01  2.544016760502e-01  1.600095311631e+00  1.467535863081e-01   8.331953323978e-01  2.558221105325e-01  1.599680501357e+00  9.352275830617e-02
  8.331953323978e-01  2.558221105325e-01  1.599680501357e+00  9.352275830617e-02   8.264651264938e-01  2.583919934324e-01  1.595624221638e+00  3.907509352489e-02
  8.264651264938e-01  2.583919934324e-01  1.595624221638e+00  3.907509352489e-02   8.154566896762e-01  2.663318740010e-01  1.578503694481e+00 -5.907926178815e-02
  8.154566896762e-01  2.663318740010e-01  1.578503694481e+00 -5.907926178815e-02   8.124158205228e-01  2.710052413360e-01  1.565971705278e+00 -1.020096681766e-01
  8.124158205228e-01  2.710052413360e-01  1.565971705278e+00 -1.020096681766e-01   8.107819529404e-01  2.757979174757e-01  1.551148405623e+00 -1.408884254604e-01
  8.107819529404e-01  2.757979174757e-01  1.551148405623e+00 -1.408884254604e-01   8.106251906632e-01  2.852153498773e-01  1.515704671417e+00 -2.075778349486e-01
  8.106251906632e-01  2.852153498773e-01  1.515704671417e+00 -2.075778349486e-01   8.117204207495e-01  2.898795710596e-01  1.494771824404e+00 -2.369737086752e-01
  8.117204207495e-01  2.898795710596e-01  1.494771824404e+00 -2.369737086752e-01   8.134383634572e-01  2.944447118340e-01  1.471925286045e+00 -2.636778818100e-01
  8.134383634572e-01  2.944447118340e-01  1.471925286045e+00 -2.636778818100e-01   8.183755512038e-01  3.031387178375e-01  1.421382835503e+00 -3.088379333571e-01
  8.183755512038e-01  3.031387178375e-01  1.421382835503e+00 -3.088379333571e-01   8.211480980076e-01  3.068459185756e-01  1.396751810560e+00 -3.256648201970e-01
  8.211480980076e-01  3.068459185756e-01  1.396751810560e+00 -3.256648201970e-01   8.215839780070e-01  3.073826170528e-01  1.393019824178e+00 -3.279707609223e-01
  8.215839780070e-01  3.073826170528e-01  1.393019824178e+00 -3.279707609223e-01   8.249904797869e-01  3.112433513124e-01  1.364846669473e+00 -3.435253383377e-01
  8.249904797869e-01  3.112433513124e-01  1.364846669473e+00 -3.435253383377e-01   8.252438684021e-01  3.115098414205e-01  1.362811914690e+00 -3.445293220742e-01
  8.252438684021e-01  3.115098414205e-01  1.362811914690e+00 -3.445293220742e-01   8.288260074754e-01  3.150260818633e-01  1.334772464928e+00 -3.568693388967e-01
  8.288260074754e-01  3.150260818633e-01  1.334772464928e+00 -3.568693388967e-01   8.298382180230e-01  3.159435915749e-01  1.327066622068e+00 -3.597973136075e-01
  8.298382180230e-01  3.159435915749e-01  1.327066622068e+00 -3.597973136075e-01   8.337914761349e-01  3.192548318212e-01  1.297729887109e+00 -3.692586801190e-01
  8.337914761349e-01  3.192548318212e-01  1.297729887109e+00 -3.692586801190e-01   8.348427187035e-01  3.200691255168e-01  1.290109543514e+00 -3.713003260527e-01
  8.348427187035e-01  3.200691255168e-01  1.290109543514e+00 -3.713003260527e-01   8.388185672692e-01  3.229255524269e-01  1.261873649282e+00 -3.774610319764e-01
  8.388185672692e-01  3.229255524269e-01  1.261873649282e+00 -3.774610319764e-01   8.425434353892e-01  3.253087310787e-01  1.236144338613e+00 -3.812433226783e-01
  8.425434353892e-01  3.253087310787e-01  1.236144338613e+00 -3.812433226783e-01   8.443312088894e-01  3.263594548368e-01  1.224006593530e+00 -3.824493382300e-01
  8.443312088894e-01  3.263594548368e-01  1.224006593530e+00 -3.824493382300e-01   8.480563506632e-01  3.283647950090e-01  1.199086667481e+00 -3.838061700545e-01
  8.480563506632e-01  3.283647950090e-01  1.199086667481e+00 -3.838061700545e-01   8.502519985902e-01  3.294335566094e-01  1.184598421862e+00 -3.839208237521e-01
  8.502519985902e-01  3.294335566094e-01  1.184598421862e+00 -3.839208237521e-01   8.528168700125e-01  3.305774301102e-01  1.167825020163e+00 -3.834492608410e-01
  8.528168700125e-01  3.305774301102e-01  1.167825020163e+00 -3.834492608410e-01   8.566430191740e-01  3.320738008744e-01  1.143027943622e+00 -3.815874333353e-01
  8.566430191740e-01  3.320738008744e-01  1.143027943622e+00 -3.815874333353e-01   8.599536544009e-01  3.331605010982e-01  1.121694447104e+00 -3.788934411675e-01
  8.599536544009e-01  3.331605010982e-01  1.121694447104e+00 -3.788934411675e-01   8.635517027626e-01  3.341095124770e-01  1.098507368588e+00 -3.748365920413e-01
  8.635517027626e-01  3.341095124770e-01  1.098507368588e+00 -3.748365920413e-01   8.668693424007e-01  3.347497761226e-01  1.076979133305e+00 -3.700276097464e-01
  8.668693424007e-01  3.347497761226e-01  1.076979133305e+00 -3.700276097464e-01   8.707519479791e-01  3.351681171047e-01  1.051341076284e+00 -3.629994713576e-01
  8.707519479791e-01  3.351681171047e-01  1.051341076284e+00 -3.629994713576e-01   8.738772108227e-01  3.351886464558e-01  1.030057341192e+00 -3.560936244366e-01
  8.738772108227e-01  3.351886464558e-01  1.030057341192e+00 -3.560936244366e-01   8.815596559270e-01  3.332858017136e-01  9.716042772948e-01 -3.321311109611e-01
  8.815596559270e-01  3.332858017136e-01  9.716042772948e-01 -3.321311109611e-01   8.840015231061e-01  3.314690750884e-01  9.481733135241e-01 -3.204730078421e-01
  8.840015231061e-01  3.314690750884e-01  9.481733135241e-01 -3.204730078421e-01   8.863099587566e-01  3.277480195194e-01  9.167706777233e-01 -3.030338679805e-01
  8.863099587566e-01  3.277480195194e-01  9.167706777233e-01 -3.030338679805e-01   8.870332491138e-01  3.223745528726e-01  8.863674512392e-01 -2.842469781086e-01
  8.870332491138e-01  3.223745528726e-01  8.863674512392e-01 -2.842469781086e-01   8.820308148987e-01  3.053983265758e-01  8.272676533843e-01 -2.432002886713e-01
  8.820308148987e-01  3.053983265758e-01  8.272676533843e-01 -2.432002886713e-01   8.750669459829e-01  2.923437058033e-01  7.960079965864e-01 -2.199873744018e-01
  8.750669459829e-01  2.923437058033e-01  7.960079965864e-01 -2.199873744018e-01   8.568219786405e-01  2.615538096245e-01  6.356495180173e-01 -9.148598132501e-02
  8.568219786405e-01  2.615538096245e-01  6.356495180173e-01 -9.148598132501e-02   8.563832666312e-01  2.600529847219e-01  5.779609816117e-01 -3.280450907164e-02
  8.563832666312e-01  2.600529847219e-01  5.779609816117e-01 -3.280450907164e-02   8.562736278134e-01  2.590900780115e-01  5.265071464354e-01  2.869571668310e-02
  8.562736278134e-01  2.590900780115e-01  5.265071464354e-01  2.869571668310e-02   8.565341313602e-01  2.578130975132e-01  4.459704620258e-01  1.522441991607e-01
  8.565341313602e-01  2.578130975132e-01  4.459704620258e-01  1.522441991607e-01   8.568655807675e-01  2.573097409870e-01  4.159137318396e-01  2.134519113026e-01
  8.568655807675e-01  2.573097409870e-01  4.159137318396e-01  2.134519113026e-01   8.573684759840e-01  2.568473194518e-01  3.925067509181e-01  2.727303881474e-01
  8.573684759840e-01  2.568473194518e-01  3.925067509181e-01  2.727303881474e-01   8.593822963769e-01  2.559376719203e-01  3.630853221450e-01  3.837456812250e-01
  8.593822963769e-01  2.559376719203e-01  3.630853221450e-01  3.837456812250e-01   8.620088891318e-01  2.553829586016e-01  3.551627830140e-01  4.386482826232e-01
  8.620088891318e-01  2.553829586016e-01  3.551627830140e-01  4.386482826232e-01   8.749193497293e-01  2.543947204569e-01  3.500734246679e-01  5.067826854028e-01
  8.749193497293e-01  2.543947204569e-01  3.500734246679e-01  5.067826854028e-01   8.426746921789e-01  2.427964004423e-01  1.191258491015e+00  8.256716260676e-01
  8.694316396341e-01  1.985403691554e-01  5.976560325475e-01  9.784270248882e-01   8.721182042820e-01  1.985109693864e-01  5.798563208211e-01  9.731439247798e-01
  8.721182042820e-01  1.985109693864e-01  5.798563208211e-01  9.731439247798e-01   8.746406903942e-01  1.985839169956e-01  5.639838142865e-01  9.676776006928e-01
  8.746406903942e-01  1.985839169956e-01  5.639838142865e-01  9.676776006928e-01   8.747740890482e-01  1.985903717151e-01  5.631660214862e-01  9.673757074159e-01
  8.747740890482e-01  1.985903717151e-01  5.631660214862e-01  9.673757074159e-01   8.798473674872e-01  1.990198494122e-01  5.335803939143e-01  9.550170416144e-01
  8.798473674872e-01  1.990198494122e-01  5.335803939143e-01  9.550170416144e-01   8.806085259073e-01  1.991141855811e-01  5.293856148044e-01  9.530244531144e-01
  8.806085259073e-01  1.991141855811e-01  5.293856148044e-01  9.530244531144e-01   8.857852935097e-01  1.999533597251e-01  5.024248789517e-01  9.386158090799e-01
  8.857852935097e-01  1.999533597251e-01  5.024248789517e-01  9.386158090799e-01   8.867070067060e-01  2.001381666965e-01  4.978995340383e-01  9.359036142148e-01
  8.867070067060e-01  2.001381666965e-01  4.978995340383e-01  9.359036142148e-01   8.915936339934e-01  2.012930206244e-01  4.752106050326e-01  9.208516490591e-01
  8.915936339934e-01  2.012930206244e-01  4.752106050326e-01  9.208516490591e-01   8.959791209308e-01  2.025798625213e-01  4.566139201835e-01  9.064489846963e-01
  8.959791209308e-01  2.025798625213e-01  4.566139201835e-01  9.064489846963e-01   8.975422621676e-01  2.030964533340e-01  4.503663575203e-01  9.011237957244e-01
  8.975422621676e-01  2.030964533340e-01  4.503663575203e-01  9.011237957244e-01   9.016869493266e-01  2.046176310200e-01  4.347201840109e-01  8.865339473803e-01
  9.016869493266e-01  2.046176310200e-01  4.347201840109e-01  8.865339473803e-01   9.056273584496e-01  2.062767356185e-01  4.210223063438e-01  8.720332702891e-01
  9.056273584496e-01  2.062767356185e-01  4.210223063438e-01  8.720332702891e-01   9.095889257139e-01  2.081707355711e-01  4.083353975651e-01  8.568101498691e-01
  9.095889257139e-01  2.081707355711e-01  4.083353975651e-01  8.568101498691e-01   9.122357477857e-01  2.095748291199e-01  4.004302333905e-01  8.462456531144e-01
  9.122357477857e-01  2.095748291199e-01  4.004302333905e-01  8.462456531144e-01   9.157374944874e-01  2.116249450908e-01  3.906333735230e-01  8.317097580014e-01
  9.157374944874e-01  2.116249450908e-01  3.906333735230e-01  8.317097580014e-01   9.188069904051e-01  2.136302566352e-01  3.826280969556e-01  8.183355648057e-01
  9.188069904051e-01  2.136302566352e-01  3.826280969556e-01  8.183355648057e-01   9.217456650994e-01  2.157708900588e-01  3.754354023335e-01  8.048150418925e-01
  9.217456650994e-01  2.157708900588e-01  3.754354023335e-01  8.048150418925e-01   9.243874422080e-01  2.179271432040e-01  3.693266841940e-01  7.918499023094e-01
  9.243874422080e-01  2.179271432040e-01  3.693266841940e-01  7.918499023094e-01   9.272743568991e-01  2.206236161000e-01  3.629819710335e-01  7.763893159765e-01
  9.272743568991e-01  2.206236161000e-01  3.629819710335e-01  7.763893159765e-01   9.301490128734e-01  2.238531417963e-01  3.569000773030e-01  7.587317601520e-01
  9.301490128734e-01  2.238531417963e-01  3.569000773030e-01  7.587317601520e-01   9.319189608355e-01  2.263205009462e-01  3.531583284943e-01  7.457084399247e-01
  9.319189608355e-01  2.263205009462e-01  3.531583284943e-01  7.457084399247e-01   9.339859132303e-01  2.303756537279e-01  3.483865773020e-01  7.248388170711e-01
  9.339859132303e-01  2.303756537279e-01  3.483865773020e-01  7.248388170711e-01   9.347142047037e-01  2.330200194475e-01  3.460518603780e-01  7.113566307245e-01
  9.347142047037e-01  2.330200194475e-01  3.460518603780e-01  7.113566307245e-01   9.348660550529e-01  2.358526466303e-01  3.441377662430e-01  6.967770530435e-01
  9.348660550529e-01  2.358526466303e-01  3.441377662430e-01  6.967770530435e-01   9.332831529717e-01  2.406018569468e-01  3.421602600231e-01  6.711393130426e-01
  9.332831529717e-01  2.406018569468e-01  3.421602600231e-01  6.711393130426e-01   9.291856216486e-01  2.447429880468e-01  3.416850287672e-01  6.458271760777e-01
  9.291856216486e-01  2.447429880468e-01  3.416850287672e-01  6.458271760777e-01   9.170352267984e-01  2.499012126349e-01  3.432361825560e-01  6.035063956808e-01
  9.170352267984e-01  2.499012126349e-01  3.432361825560e-01  6.035063956808e-01   9.106832448517e-01  2.513110281386e-01  3.443645592766e-01  5.866196304832e-01
  9.106832448517e-01  2.513110281386e-01  3.443645592766e-01  5.866196304832e-01   9.101831000763e-01  2.514021562746e-01  3.444550776107e-01  5.853644665780e-01
  9.101831000763e-01  2.514021562746e-01  3.444550776107e-01  5.853644665780e-01   8.694316396341e-01  1.985403691554e-01  5.976560325475e-01  9.784270248882e-01
  8.642649360318e-01  1.989403215839e-01  6.347683817668e-01  9.868106794904e-01   8.694316396341e-01  1.985403691554e-01  5.976560325475e-01  9.784270248882e-01
  8.694316396341e-01  1.985403691554e-01  5.976560325475e-01  9.784270248882e-01   8.694316396341e-01  1.985403691554e-01  5.976560325475e-01  9.784270248882e-01
  8.694316396341e-01  1.985403691554e-01  5.976560325475e-01  9.784270248882e-01   8.642649360318e-01  1.989403215839e-01  6.347683817668e-01  9.868106794904e-01
