LENS PARMS:
   alpha 7.466390e-01 7.645506e-01 -6.730964e-01 3.782699e-01 5.556224e+01 1.473014e-01 5.249086e+01 0.0 0.0 1.000000e+00
SOURCE PARMS:
   ptsrc 2.027998e+01 3.902577e-01 -4.156271e-01 0.0 0.0 0.0 0.0 0.0
CHISQ: 1.955650e+01 1.845258e-02 1.953805e+01 0.000000e+00 4.339813e-13 0.000000e+00 0.000000e+00 0.000000e+00 0.000000e+00 # tot pos flux tdel gal plim crv ring weak

Source #1
  posn:  3.902577e-01 -4.156271e-01
  flux:  2.027998e+01
     h:  7.000000e-01
tscale:  1.000000e+00
images:
   0.3892   0.3200 (5.0e-05) 152.0000 ( 1.00e+01)   0.00 (0.0e+00) ->   0.3892   0.3200 123.7263   0.0240
   0.0000   0.0000 (5.0e-05) 161.0000 ( 1.00e+01)   0.00 (0.0e+00) ->   0.0000  -0.0000 151.5684   0.0325
  -0.3339  -0.7477 (5.0e-05)  84.0000 ( 7.00e+00)   0.00 (0.0e+00) ->  -0.3339  -0.7477  81.3179   0.0000
   0.9506  -0.8022 (5.0e-05)   4.0000 ( 3.00e-01)   0.00 (0.0e+00) ->   0.9507  -0.8021   4.9725   0.8397


