#
# Columns: x1 y1 u1 v1 x2 y2 u2 v2
#
# To plot the image plane curves, connect each (x1,y1)
# to the (x2,y2) on the same line -- do *not* connect
# consecutive lines!
#
# To plot the source plane curves, do the same for
# (u1,v1) and (u2,v2).
#
 -3.598628830537e-01 -2.538934651991e-01 -1.019235503303e-01 -2.138887388066e-01  -3.600264230463e-01 -2.528541113800e-01 -1.018715744635e-01 -2.138781423654e-01
 -3.600264230463e-01 -2.528541113800e-01 -1.018715744635e-01 -2.138781423654e-01  -3.596686368791e-01 -2.550965092572e-01 -1.019851883067e-01 -2.139016396575e-01
 -3.596686368791e-01 -2.550965092572e-01 -1.019851883067e-01 -2.139016396575e-01  -3.598628830537e-01 -2.538934651991e-01 -1.019235503303e-01 -2.138887388066e-01
 -3.632296159233e-01 -2.170926959957e-01 -1.007686494062e-01 -2.137304868085e-01  -3.632277690258e-01 -2.171712774196e-01 -1.007696863967e-01 -2.137305233107e-01
 -3.632277690258e-01 -2.171712774196e-01 -1.007696863967e-01 -2.137305233107e-01  -3.632515841608e-01 -2.160743639067e-01 -1.007558695300e-01 -2.137300686132e-01
 -3.632515841608e-01 -2.160743639067e-01 -1.007558695300e-01 -2.137300686132e-01  -3.632296159233e-01 -2.170926959957e-01 -1.007686494062e-01 -2.137304868085e-01
 -3.615349708846e-01 -2.416706379776e-01 -1.013859614805e-01 -2.137926516670e-01  -3.616541255219e-01 -2.406102031895e-01 -1.013467640298e-01 -2.137869289337e-01
 -3.616541255219e-01 -2.406102031895e-01 -1.013467640298e-01 -2.137869289337e-01  -3.626623502166e-01 -2.293678146702e-01 -1.010018453504e-01 -2.137458983188e-01
 -3.626623502166e-01 -2.293678146702e-01 -1.010018453504e-01 -2.137458983188e-01  -3.615349708846e-01 -2.416706379776e-01 -1.013859614805e-01 -2.137926516670e-01
 -3.569865414687e-01 -2.692462622879e-01 -1.028334591630e-01 -2.141122124300e-01  -3.576376080296e-01 -2.661416350565e-01 -1.026273929005e-01 -2.140557660998e-01
 -3.576376080296e-01 -2.661416350565e-01 -1.026273929005e-01 -2.140557660998e-01  -3.548325350751e-01 -2.785246019939e-01 -1.035197057147e-01 -2.143219889996e-01
 -3.548325350751e-01 -2.785246019939e-01 -1.035197057147e-01 -2.143219889996e-01  -3.528238364433e-01 -2.861750303091e-01 -1.041690589796e-01 -2.145487201263e-01
 -3.528238364433e-01 -2.861750303091e-01 -1.041690589796e-01 -2.145487201263e-01  -3.514664289955e-01 -2.909452544218e-01 -1.046145150688e-01 -2.147188293539e-01
 -3.514664289955e-01 -2.909452544218e-01 -1.046145150688e-01 -2.147188293539e-01  -3.493770163811e-01 -2.978007587778e-01 -1.053125787415e-01 -2.150076456681e-01
 -3.493770163811e-01 -2.978007587778e-01 -1.053125787415e-01 -2.150076456681e-01  -3.475807891843e-01 -3.033136301011e-01 -1.059262678971e-01 -2.152827415947e-01
 -3.475807891843e-01 -3.033136301011e-01 -1.059262678971e-01 -2.152827415947e-01  -3.450625839886e-01 -3.105742460468e-01 -1.068106949597e-01 -2.157120040303e-01
 -3.450625839886e-01 -3.105742460468e-01 -1.068106949597e-01 -2.157120040303e-01  -3.431599084493e-01 -3.157661017704e-01 -1.074997305312e-01 -2.160719180834e-01
 -3.431599084493e-01 -3.157661017704e-01 -1.074997305312e-01 -2.160719180834e-01  -3.391895422533e-01 -3.259713993033e-01 -1.090034871131e-01 -2.169303159056e-01
 -3.391895422533e-01 -3.259713993033e-01 -1.090034871131e-01 -2.169303159056e-01  -3.381771175733e-01 -3.284633397273e-01 -1.094027459500e-01 -2.171742940183e-01
 -3.381771175733e-01 -3.284633397273e-01 -1.094027459500e-01 -2.171742940183e-01  -3.374393995032e-01 -3.302554303465e-01 -1.096980466612e-01 -2.173589441630e-01
 -3.374393995032e-01 -3.302554303465e-01 -1.096980466612e-01 -2.173589441630e-01  -3.326969917678e-01 -3.413842014168e-01 -1.116929547313e-01 -2.186965496572e-01
 -3.326969917678e-01 -3.413842014168e-01 -1.116929547313e-01 -2.186965496572e-01  -3.326655024849e-01 -3.414562071785e-01 -1.117068020178e-01 -2.187063685729e-01
 -3.326655024849e-01 -3.414562071785e-01 -1.117068020178e-01 -2.187063685729e-01  -3.324533474343e-01 -3.419408006552e-01 -1.118003194611e-01 -2.187728688276e-01
 -3.324533474343e-01 -3.419408006552e-01 -1.118003194611e-01 -2.187728688276e-01  -3.276772401316e-01 -3.526456630557e-01 -1.140142044624e-01 -2.204408691592e-01
 -3.276772401316e-01 -3.526456630557e-01 -1.140142044624e-01 -2.204408691592e-01  -3.268131513550e-01 -3.545507513550e-01 -1.144386655814e-01 -2.207807242142e-01
 -3.268131513550e-01 -3.545507513550e-01 -1.144386655814e-01 -2.207807242142e-01  -3.252236404272e-01 -3.580395439682e-01 -1.152404511614e-01 -2.214398116242e-01
 -3.252236404272e-01 -3.580395439682e-01 -1.152404511614e-01 -2.214398116242e-01  -3.205337829197e-01 -3.682834578647e-01 -1.177792816053e-01 -2.236708103747e-01
 -3.205337829197e-01 -3.682834578647e-01 -1.177792816053e-01 -2.236708103747e-01  -3.151620790501e-01 -3.801304205939e-01 -1.210541430669e-01 -2.268604265741e-01
 -3.151620790501e-01 -3.801304205939e-01 -1.210541430669e-01 -2.268604265741e-01  -3.138661897395e-01 -3.830396854396e-01 -1.219113952700e-01 -2.277517010244e-01
 -3.138661897395e-01 -3.830396854396e-01 -1.219113952700e-01 -2.277517010244e-01  -3.132563277455e-01 -3.844187112754e-01 -1.223246686386e-01 -2.281895974931e-01
 -3.132563277455e-01 -3.844187112754e-01 -1.223246686386e-01 -2.281895974931e-01  -3.115852941857e-01 -3.882349230907e-01 -1.234907605685e-01 -2.294537946495e-01
 -3.115852941857e-01 -3.882349230907e-01 -1.234907605685e-01 -2.294537946495e-01  -3.083895673556e-01 -3.957206312564e-01 -1.258675459406e-01 -2.321602464346e-01
 -3.083895673556e-01 -3.957206312564e-01 -1.258675459406e-01 -2.321602464346e-01  -3.069393598518e-01 -3.992168661886e-01 -1.270145494572e-01 -2.335280296259e-01
 -3.069393598518e-01 -3.992168661886e-01 -1.270145494572e-01 -2.335280296259e-01  -3.036164867775e-01 -4.075199174972e-01 -1.298191302173e-01 -2.370401482078e-01
 -3.036164867775e-01 -4.075199174972e-01 -1.298191302173e-01 -2.370401482078e-01  -2.998898472071e-01 -4.174311557380e-01 -1.332854705097e-01 -2.417082537963e-01
 -2.998898472071e-01 -4.174311557380e-01 -1.332854705097e-01 -2.417082537963e-01  -2.978166495027e-01 -4.232817973237e-01 -1.353752265744e-01 -2.446971494476e-01
 -2.978166495027e-01 -4.232817973237e-01 -1.353752265744e-01 -2.446971494476e-01  -2.927075243903e-01 -4.389814102847e-01 -1.410667966889e-01 -2.535083142427e-01
 -2.927075243903e-01 -4.389814102847e-01 -1.410667966889e-01 -2.535083142427e-01  -2.897763323791e-01 -4.489691262422e-01 -1.447016064669e-01 -2.596564677524e-01
 -2.897763323791e-01 -4.489691262422e-01 -1.447016064669e-01 -2.596564677524e-01  -2.852922385497e-01 -4.658731451409e-01 -1.507848784820e-01 -2.708844369873e-01
 -2.852922385497e-01 -4.658731451409e-01 -1.507848784820e-01 -2.708844369873e-01  -2.842134219244e-01 -4.702506893716e-01 -1.523356779542e-01 -2.739407681599e-01
 -2.842134219244e-01 -4.702506893716e-01 -1.523356779542e-01 -2.739407681599e-01  -2.833113164113e-01 -4.740039440573e-01 -1.536551144543e-01 -2.766051138141e-01
 -2.833113164113e-01 -4.740039440573e-01 -1.536551144543e-01 -2.766051138141e-01  -2.809260675648e-01 -4.843199039647e-01 -1.572272713622e-01 -2.841215007352e-01
 -2.809260675648e-01 -4.843199039647e-01 -1.572272713622e-01 -2.841215007352e-01  -2.777892447522e-01 -4.986481815511e-01 -1.620392671511e-01 -2.949795919026e-01
 -2.777892447522e-01 -4.986481815511e-01 -1.620392671511e-01 -2.949795919026e-01  -2.776500761835e-01 -4.993002722255e-01 -1.622537847509e-01 -2.954841517134e-01
 -2.776500761835e-01 -4.993002722255e-01 -1.622537847509e-01 -2.954841517134e-01  -2.774150182362e-01 -5.004042574864e-01 -1.626160369350e-01 -2.963402966498e-01
 -2.774150182362e-01 -5.004042574864e-01 -1.626160369350e-01 -2.963402966498e-01  -2.744810014952e-01 -5.143887151064e-01 -1.671010333129e-01 -3.073820939096e-01
 -2.744810014952e-01 -5.143887151064e-01 -1.671010333129e-01 -3.073820939096e-01  -2.726646512087e-01 -5.231277782187e-01 -1.698022971624e-01 -3.144501724177e-01
 -2.726646512087e-01 -5.231277782187e-01 -1.698022971624e-01 -3.144501724177e-01  -2.711922789330e-01 -5.301768953215e-01 -1.719220232212e-01 -3.202345137900e-01
 -2.711922789330e-01 -5.301768953215e-01 -1.719220232212e-01 -3.202345137900e-01  -2.681607140417e-01 -5.443647130986e-01 -1.760227317355e-01 -3.320749816340e-01
 -2.681607140417e-01 -5.443647130986e-01 -1.760227317355e-01 -3.320749816340e-01  -2.675307089198e-01 -5.472297701727e-01 -1.768232570329e-01 -3.344949549775e-01
 -2.675307089198e-01 -5.472297701727e-01 -1.768232570329e-01 -3.344949549775e-01  -2.670740266768e-01 -5.492843943563e-01 -1.773915194905e-01 -3.362358803159e-01
 -2.670740266768e-01 -5.492843943563e-01 -1.773915194905e-01 -3.362358803159e-01  -2.624758038551e-01 -5.687285943829e-01 -1.825216623374e-01 -3.529129039277e-01
 -2.624758038551e-01 -5.687285943829e-01 -1.825216623374e-01 -3.529129039277e-01  -2.575626497405e-01 -5.865922833207e-01 -1.868171877175e-01 -3.684898168210e-01
 -2.575626497405e-01 -5.865922833207e-01 -1.868171877175e-01 -3.684898168210e-01  -2.563976428428e-01 -5.903621327943e-01 -1.876687014182e-01 -3.717991881534e-01
 -2.563976428428e-01 -5.903621327943e-01 -1.876687014182e-01 -3.717991881534e-01  -2.549030739515e-01 -5.949401811955e-01 -1.886753469328e-01 -3.758250859232e-01
 -2.549030739515e-01 -5.949401811955e-01 -1.886753469328e-01 -3.758250859232e-01  -2.481092312693e-01 -6.122866562123e-01 -1.921916036086e-01 -3.911021541647e-01
 -2.481092312693e-01 -6.122866562123e-01 -1.921916036086e-01 -3.911021541647e-01  -2.413855552472e-01 -6.244861159469e-01 -1.943281755213e-01 -4.017577375864e-01
 -2.413855552472e-01 -6.244861159469e-01 -1.943281755213e-01 -4.017577375864e-01  -2.166585862928e-01 -6.388023014537e-01 -1.961261708790e-01 -4.124367813564e-01
 -2.166585862928e-01 -6.388023014537e-01 -1.961261708790e-01 -4.124367813564e-01  -2.003724855520e-01 -6.303278922467e-01 -1.953348050025e-01 -4.024427638752e-01
 -2.003724855520e-01 -6.303278922467e-01 -1.953348050025e-01 -4.024427638752e-01  -1.900989279491e-01 -6.199238575302e-01 -1.948370674088e-01 -3.913529495937e-01
 -1.900989279491e-01 -6.199238575302e-01 -1.948370674088e-01 -3.913529495937e-01  -1.772157000000e-01 -6.025949873613e-01 -1.946392961184e-01 -3.735186265642e-01
 -1.772157000000e-01 -6.025949873613e-01 -1.946392961184e-01 -3.735186265642e-01  -1.763757864213e-01 -6.013250919870e-01 -1.946509321369e-01 -3.722319961794e-01
 -1.763757864213e-01 -6.013250919870e-01 -1.946509321369e-01 -3.722319961794e-01  -1.759103741567e-01 -6.006147839259e-01 -1.946588948348e-01 -3.715133682456e-01
 -1.759103741567e-01 -6.006147839259e-01 -1.946588948348e-01 -3.715133682456e-01  -1.673111154960e-01 -5.867058368986e-01 -1.950179362848e-01 -3.575833999182e-01
 -1.673111154960e-01 -5.867058368986e-01 -1.950179362848e-01 -3.575833999182e-01  -1.622956588297e-01 -5.779890393158e-01 -1.954327488656e-01 -3.489847061399e-01
 -1.622956588297e-01 -5.779890393158e-01 -1.954327488656e-01 -3.489847061399e-01  -1.591188176299e-01 -5.722754633989e-01 -1.957815763438e-01 -3.434026274740e-01
 -1.591188176299e-01 -5.722754633989e-01 -1.957815763438e-01 -3.434026274740e-01  -1.538770724485e-01 -5.625748410275e-01 -1.965113307678e-01 -3.340254983012e-01
 -1.538770724485e-01 -5.625748410275e-01 -1.965113307678e-01 -3.340254983012e-01  -1.514730016569e-01 -5.580299249784e-01 -1.969123619581e-01 -3.296769939296e-01
 -1.514730016569e-01 -5.580299249784e-01 -1.969123619581e-01 -3.296769939296e-01  -1.501778484647e-01 -5.555603659826e-01 -1.971460373149e-01 -3.273265867529e-01
 -1.501778484647e-01 -5.555603659826e-01 -1.971460373149e-01 -3.273265867529e-01  -1.441100097347e-01 -5.438342379843e-01 -1.984069512631e-01 -3.162915937658e-01
 -1.441100097347e-01 -5.438342379843e-01 -1.984069512631e-01 -3.162915937658e-01  -1.386892784765e-01 -5.332145337167e-01 -1.997648354615e-01 -3.064903080394e-01
 -1.386892784765e-01 -5.332145337167e-01 -1.997648354615e-01 -3.064903080394e-01  -1.371621186124e-01 -5.302107706296e-01 -2.001862159022e-01 -3.037540856080e-01
 -1.371621186124e-01 -5.302107706296e-01 -2.001862159022e-01 -3.037540856080e-01  -1.349642021094e-01 -5.258852888713e-01 -2.008219482009e-01 -2.998436374831e-01
 -1.349642021094e-01 -5.258852888713e-01 -2.008219482009e-01 -2.998436374831e-01  -1.273155458465e-01 -5.108838200757e-01 -2.032913214084e-01 -2.865783273078e-01
 -1.273155458465e-01 -5.108838200757e-01 -2.032913214084e-01 -2.865783273078e-01  -1.193379843784e-01 -4.954966490397e-01 -2.062474649083e-01 -2.735237061825e-01
 -1.193379843784e-01 -4.954966490397e-01 -2.062474649083e-01 -2.735237061825e-01  -1.156417324777e-01 -4.885136000560e-01 -2.077271537694e-01 -2.678149074214e-01
 -1.156417324777e-01 -4.885136000560e-01 -2.077271537694e-01 -2.678149074214e-01  -1.059757791740e-01 -4.708243040500e-01 -2.118379879984e-01 -2.540714629700e-01
 -1.059757791740e-01 -4.708243040500e-01 -2.118379879984e-01 -2.540714629700e-01  -1.044216076674e-01 -4.680653088369e-01 -2.125225848835e-01 -2.520323712144e-01
 -1.044216076674e-01 -4.680653088369e-01 -2.125225848835e-01 -2.520323712144e-01  -1.024676156344e-01 -4.646315964573e-01 -2.133894349503e-01 -2.495381170509e-01
 -1.024676156344e-01 -4.646315964573e-01 -2.133894349503e-01 -2.495381170509e-01  -9.732171494994e-02 -4.557763521801e-01 -2.156942485868e-01 -2.433422975496e-01
 -9.732171494994e-02 -4.557763521801e-01 -2.156942485868e-01 -2.433422975496e-01  -9.402672898912e-02 -4.502469963059e-01 -2.171773128295e-01 -2.396587484845e-01
 -9.402672898912e-02 -4.502469963059e-01 -2.171773128295e-01 -2.396587484845e-01  -9.032688211156e-02 -4.441638287123e-01 -2.188398118015e-01 -2.357831014198e-01
 -9.032688211156e-02 -4.441638287123e-01 -2.188398118015e-01 -2.357831014198e-01  -8.449988201395e-02 -4.348321969864e-01 -2.214330327945e-01 -2.302218666181e-01
 -8.449988201395e-02 -4.348321969864e-01 -2.214330327945e-01 -2.302218666181e-01  -8.349506352210e-02 -4.332511644862e-01 -2.218753935225e-01 -2.293278072440e-01
 -8.349506352210e-02 -4.332511644862e-01 -2.218753935225e-01 -2.293278072440e-01  -8.298369428616e-02 -4.324494862040e-01 -2.220998544187e-01 -2.288799390420e-01
 -8.298369428616e-02 -4.324494862040e-01 -2.220998544187e-01 -2.288799390420e-01  -8.142754479847e-02 -4.300216263881e-01 -2.227799685848e-01 -2.275462577761e-01
 -8.142754479847e-02 -4.300216263881e-01 -2.227799685848e-01 -2.275462577761e-01  -7.271608867389e-02 -4.167072201865e-01 -2.264901729137e-01 -2.208526934636e-01
 -7.271608867389e-02 -4.167072201865e-01 -2.264901729137e-01 -2.208526934636e-01  -6.427298234348e-02 -4.040970202979e-01 -2.298979825006e-01 -2.154953119948e-01
 -6.427298234348e-02 -4.040970202979e-01 -2.298979825006e-01 -2.154953119948e-01  -6.317845495684e-02 -4.024716023699e-01 -2.303248878940e-01 -2.148734609252e-01
 -6.317845495684e-02 -4.024716023699e-01 -2.303248878940e-01 -2.148734609252e-01  -5.622000599191e-02 -3.921254643493e-01 -2.329569925085e-01 -2.112682956679e-01
 -5.622000599191e-02 -3.921254643493e-01 -2.329569925085e-01 -2.112682956679e-01  -5.422228158393e-02 -3.891382058724e-01 -2.336866585350e-01 -2.103366418333e-01
 -5.422228158393e-02 -3.891382058724e-01 -2.336866585350e-01 -2.103366418333e-01  -4.924020423626e-02 -3.816188778448e-01 -2.354571673229e-01 -2.081941652531e-01
 -4.924020423626e-02 -3.816188778448e-01 -2.354571673229e-01 -2.081941652531e-01  -4.575542187901e-02 -3.762756699680e-01 -2.366552101671e-01 -2.068373749723e-01
 -4.575542187901e-02 -3.762756699680e-01 -2.366552101671e-01 -2.068373749723e-01  -4.018263774982e-02 -3.675265443168e-01 -2.385061222045e-01 -2.048854135917e-01
 -4.018263774982e-02 -3.675265443168e-01 -2.385061222045e-01 -2.048854135917e-01  -3.785336699558e-02 -3.637753508278e-01 -2.392574596094e-01 -2.041423313042e-01
 -3.785336699558e-02 -3.637753508278e-01 -2.392574596094e-01 -2.041423313042e-01  -3.183428901965e-02 -3.537500735072e-01 -2.411432489652e-01 -2.024012182982e-01
 -3.183428901965e-02 -3.537500735072e-01 -2.411432489652e-01 -2.024012182982e-01  -3.057956898650e-02 -3.515894310135e-01 -2.415268887669e-01 -2.020686203117e-01
 -3.057956898650e-02 -3.515894310135e-01 -2.415268887669e-01 -2.020686203117e-01  -2.464635555072e-02 -3.409623790534e-01 -2.433010457854e-01 -2.006254983546e-01
 -2.464635555072e-02 -3.409623790534e-01 -2.433010457854e-01 -2.006254983546e-01  -2.386830920929e-02 -3.395117572756e-01 -2.435291154499e-01 -2.004513475164e-01
 -2.386830920929e-02 -3.395117572756e-01 -2.435291154499e-01 -2.004513475164e-01  -1.897263017573e-02 -3.300172922757e-01 -2.449421141367e-01 -1.994306309668e-01
 -1.897263017573e-02 -3.300172922757e-01 -2.449421141367e-01 -1.994306309668e-01  -1.767213142900e-02 -3.273753859230e-01 -2.453114482056e-01 -1.991805111153e-01
 -1.767213142900e-02 -3.273753859230e-01 -2.453114482056e-01 -1.991805111153e-01  -1.604069683325e-02 -3.239798028443e-01 -2.457714127994e-01 -1.988787955934e-01
 -1.604069683325e-02 -3.239798028443e-01 -2.457714127994e-01 -1.988787955934e-01  -1.205259894970e-02 -3.152445005637e-01 -2.468809958217e-01 -1.981963099504e-01
 -1.205259894970e-02 -3.152445005637e-01 -2.468809958217e-01 -1.981963099504e-01  -9.722522383098e-03 -3.098062313231e-01 -2.475200998828e-01 -1.978329456403e-01
 -9.722522383098e-03 -3.098062313231e-01 -2.475200998828e-01 -1.978329456403e-01  -7.049505394742e-03 -3.031987982623e-01 -2.482453397466e-01 -1.974477730744e-01
 -7.049505394742e-03 -3.031987982623e-01 -2.482453397466e-01 -1.974477730744e-01  -4.992004822940e-03 -2.977950031034e-01 -2.487979134878e-01 -1.971743050615e-01
 -4.992004822940e-03 -2.977950031034e-01 -2.487979134878e-01 -1.971743050615e-01  -2.609700177099e-03 -2.911205789842e-01 -2.494315051162e-01 -1.968828839658e-01
 -2.609700177099e-03 -2.911205789842e-01 -2.494315051162e-01 -1.968828839658e-01  -9.255126412628e-04 -2.860774251898e-01 -2.498752224521e-01 -1.966934786469e-01
 -9.255126412628e-04 -2.860774251898e-01 -2.498752224521e-01 -1.966934786469e-01   1.301490073148e-03 -2.788975412450e-01 -2.504560844163e-01 -1.964648060247e-01
  1.301490073148e-03 -2.788975412450e-01 -2.504560844163e-01 -1.964648060247e-01   3.612571261792e-03 -2.706568832987e-01 -2.510505822603e-01 -1.962549529702e-01
  3.612571261792e-03 -2.706568832987e-01 -2.510505822603e-01 -1.962549529702e-01   4.647473513270e-03 -2.666304262254e-01 -2.513134293907e-01 -1.961705712723e-01
  4.647473513270e-03 -2.666304262254e-01 -2.513134293907e-01 -1.961705712723e-01   6.863084759886e-03 -2.570528882246e-01 -2.518666701789e-01 -1.960115213055e-01
  6.863084759886e-03 -2.570528882246e-01 -2.518666701789e-01 -1.960115213055e-01   7.411148712172e-03 -2.544239150135e-01 -2.520009163759e-01 -1.959770572928e-01
  7.411148712172e-03 -2.544239150135e-01 -2.520009163759e-01 -1.959770572928e-01   7.892624482508e-03 -2.520054909265e-01 -2.521177358327e-01 -1.959485007590e-01
  7.892624482508e-03 -2.520054909265e-01 -2.521177358327e-01 -1.959485007590e-01   9.627767413318e-03 -2.421734707884e-01 -2.525268836153e-01 -1.958601146383e-01
  9.627767413318e-03 -2.421734707884e-01 -2.525268836153e-01 -1.958601146383e-01   1.005312975293e-02 -2.394003614072e-01 -2.526231829153e-01 -1.958422756623e-01
  1.005312975293e-02 -2.394003614072e-01 -2.526231829153e-01 -1.958422756623e-01   1.131342490927e-02 -2.297736301623e-01 -2.528919541849e-01 -1.957999084478e-01
  1.131342490927e-02 -2.297736301623e-01 -2.528919541849e-01 -1.957999084478e-01   1.226133329444e-02 -2.198924595538e-01 -2.530609840803e-01 -1.957806915486e-01
  1.226133329444e-02 -2.198924595538e-01 -2.530609840803e-01 -1.957806915486e-01   1.245047637154e-02 -2.173310450227e-01 -2.530868959162e-01 -1.957785374215e-01
  1.245047637154e-02 -2.173310450227e-01 -2.530868959162e-01 -1.957785374215e-01   1.298389535890e-02 -2.068627216444e-01 -2.531146714826e-01 -1.957765570221e-01
  1.298389535890e-02 -2.068627216444e-01 -2.531146714826e-01 -1.957765570221e-01   1.303996141363e-02 -2.049533000000e-01 -2.531059922355e-01 -1.957767737875e-01
  1.303996141363e-02 -2.049533000000e-01 -2.531059922355e-01 -1.957767737875e-01   1.308477078157e-02 -2.029725292496e-01 -2.530924326326e-01 -1.957769947610e-01
  1.308477078157e-02 -2.029725292496e-01 -2.530924326326e-01 -1.957769947610e-01   1.309783351187e-02 -1.925333080054e-01 -2.529428248217e-01 -1.957747576919e-01
  1.309783351187e-02 -1.925333080054e-01 -2.529428248217e-01 -1.957747576919e-01   1.302945189605e-02 -1.894109046107e-01 -2.528719649858e-01 -1.957717602643e-01
  1.302945189605e-02 -1.894109046107e-01 -2.528719649858e-01 -1.957717602643e-01   1.262220101915e-02 -1.799606661941e-01 -2.525813871932e-01 -1.957508306921e-01
  1.262220101915e-02 -1.799606661941e-01 -2.525813871932e-01 -1.957508306921e-01   1.199107397629e-02 -1.713346029188e-01 -2.522121535444e-01 -1.957091995552e-01
  1.199107397629e-02 -1.713346029188e-01 -2.522121535444e-01 -1.957091995552e-01   1.161595003823e-02 -1.673370731017e-01 -2.520058057204e-01 -1.956800906548e-01
  1.161595003823e-02 -1.673370731017e-01 -2.520058057204e-01 -1.956800906548e-01   1.065832157078e-02 -1.589226209338e-01 -2.514949224770e-01 -1.955930015441e-01
  1.065832157078e-02 -1.589226209338e-01 -2.514949224770e-01 -1.955930015441e-01   1.010196822377e-02 -1.547616820714e-01 -2.512023476380e-01 -1.955346259269e-01
  1.010196822377e-02 -1.547616820714e-01 -2.512023476380e-01 -1.955346259269e-01   9.373476920555e-03 -1.498329627368e-01 -2.508200020765e-01 -1.954500399445e-01
  9.373476920555e-03 -1.498329627368e-01 -2.508200020765e-01 -1.954500399445e-01   8.084053177144e-03 -1.421106912109e-01 -2.501392506158e-01 -1.952784527501e-01
  8.084053177144e-03 -1.421106912109e-01 -2.501392506158e-01 -1.952784527501e-01   6.753864012632e-03 -1.350592034549e-01 -2.494255469360e-01 -1.950726839155e-01
  6.753864012632e-03 -1.350592034549e-01 -2.494255469360e-01 -1.950726839155e-01   5.552552044609e-03 -1.292482112319e-01 -2.487672842603e-01 -1.948617093633e-01
  5.552552044609e-03 -1.292482112319e-01 -2.487672842603e-01 -1.948617093633e-01   4.528330513770e-03 -1.246096488190e-01 -2.481939893152e-01 -1.946626696790e-01
  4.528330513770e-03 -1.246096488190e-01 -2.481939893152e-01 -1.946626696790e-01   2.542611581512e-03 -1.162433782363e-01 -2.470465616157e-01 -1.942248014670e-01
  2.542611581512e-03 -1.162433782363e-01 -2.470465616157e-01 -1.942248014670e-01   1.657507736613e-03 -1.127251455925e-01 -2.465183706979e-01 -1.940066393311e-01
  1.657507736613e-03 -1.127251455925e-01 -2.465183706979e-01 -1.940066393311e-01  -8.874394851524e-04 -1.031501313260e-01 -2.449358410201e-01 -1.932950244536e-01
 -8.874394851524e-04 -1.031501313260e-01 -2.449358410201e-01 -1.932950244536e-01  -4.399951212737e-03 -9.087402703425e-02 -2.425772332862e-01 -1.920860539639e-01
 -4.399951212737e-03 -9.087402703425e-02 -2.425772332862e-01 -1.920860539639e-01  -4.727167648616e-03 -8.977038568363e-02 -2.423461760291e-01 -1.919586820022e-01
 -4.727167648616e-03 -8.977038568363e-02 -2.423461760291e-01 -1.919586820022e-01  -4.848972069488e-03 -8.936096658818e-02 -2.422596439219e-01 -1.919105848169e-01
 -4.848972069488e-03 -8.936096658818e-02 -2.422596439219e-01 -1.919105848169e-01  -8.971198039750e-03 -7.585475306682e-02 -2.391529719729e-01 -1.900463034109e-01
 -8.971198039750e-03 -7.585475306682e-02 -2.391529719729e-01 -1.900463034109e-01  -1.152751950515e-02 -6.769451960728e-02 -2.370355302995e-01 -1.886298563735e-01
 -1.152751950515e-02 -6.769451960728e-02 -2.370355302995e-01 -1.886298563735e-01  -1.353471050868e-02 -6.132737120049e-02 -2.352579653945e-01 -1.873543638271e-01
 -1.353471050868e-02 -6.132737120049e-02 -2.352579653945e-01 -1.873543638271e-01  -1.525070710686e-02 -5.587783636900e-02 -2.336511781663e-01 -1.861357675955e-01
 -1.525070710686e-02 -5.587783636900e-02 -2.336511781663e-01 -1.861357675955e-01  -1.831478038914e-02 -4.605238038914e-02 -2.305639986374e-01 -1.836247553841e-01
 -1.831478038914e-02 -4.605238038914e-02 -2.305639986374e-01 -1.836247553841e-01  -2.053461166456e-02 -3.879188851251e-02 -2.281364286403e-01 -1.814974946111e-01
 -2.053461166456e-02 -3.879188851251e-02 -2.281364286403e-01 -1.814974946111e-01  -2.328741061035e-02 -2.953139026130e-02 -2.248798381626e-01 -1.784373452176e-01
 -2.328741061035e-02 -2.953139026130e-02 -2.248798381626e-01 -1.784373452176e-01  -2.659356504553e-02 -1.788949729831e-02 -2.205716819890e-01 -1.740313268231e-01
 -2.659356504553e-02 -1.788949729831e-02 -2.205716819890e-01 -1.740313268231e-01  -2.844131895553e-02 -1.106675179411e-02 -2.179585671186e-01 -1.711619293528e-01
 -2.844131895553e-02 -1.106675179411e-02 -2.179585671186e-01 -1.711619293528e-01  -2.896193685169e-02 -9.096786405015e-03 -2.171942692931e-01 -1.702946051577e-01
 -2.896193685169e-02 -9.096786405015e-03 -2.171942692931e-01 -1.702946051577e-01  -2.987420857508e-02 -5.590178375931e-03 -2.158244615326e-01 -1.687083361268e-01
 -2.987420857508e-02 -5.590178375931e-03 -2.158244615326e-01 -1.687083361268e-01  -3.213496972068e-02  3.425703219137e-03 -2.122580231269e-01 -1.643861082887e-01
 -3.213496972068e-02  3.425703219137e-03 -2.122580231269e-01 -1.643861082887e-01  -3.369965757476e-02  9.964612728055e-03 -2.096430399639e-01 -1.610392931553e-01
 -3.369965757476e-02  9.964612728055e-03 -2.096430399639e-01 -1.610392931553e-01  -3.522896543616e-02  1.661447465631e-02 -2.069702025182e-01 -1.574613452056e-01
 -3.522896543616e-02  1.661447465631e-02 -2.069702025182e-01 -1.574613452056e-01  -3.732220687690e-02  2.616005709777e-02 -2.031274328974e-01 -1.520346694238e-01
 -3.732220687690e-02  2.616005709777e-02 -2.031274328974e-01 -1.520346694238e-01  -3.823640068190e-02  3.049635200199e-02 -2.013850100837e-01 -1.494623492405e-01
 -3.823640068190e-02  3.049635200199e-02 -2.013850100837e-01 -1.494623492405e-01  -3.903706334661e-02  3.437911920427e-02 -1.998288398865e-01 -1.471050739385e-01
 -3.903706334661e-02  3.437911920427e-02 -1.998288398865e-01 -1.471050739385e-01  -4.253577382312e-02  5.225733528133e-02 -1.927469473545e-01 -1.356422445538e-01
 -4.253577382312e-02  5.225733528133e-02 -1.927469473545e-01 -1.356422445538e-01  -4.464511947569e-02  6.368253291056e-02 -1.883241142200e-01 -1.278448727292e-01
 -4.464511947569e-02  6.368253291056e-02 -1.883241142200e-01 -1.278448727292e-01  -4.692519050283e-02  7.643241172121e-02 -1.835112786881e-01 -1.187652047099e-01
 -4.692519050283e-02  7.643241172121e-02 -1.835112786881e-01 -1.187652047099e-01  -5.102188945260e-02  9.970550891107e-02 -1.751195742976e-01 -1.013146247363e-01
 -5.102188945260e-02  9.970550891107e-02 -1.751195742976e-01 -1.013146247363e-01  -5.111259591506e-02  1.002172651149e-01 -1.749412693545e-01 -1.009197007574e-01
 -5.111259591506e-02  1.002172651149e-01 -1.749412693545e-01 -1.009197007574e-01  -5.117127547421e-02  1.005481182236e-01 -1.748261428466e-01 -1.006641445439e-01
 -5.117127547421e-02  1.005481182236e-01 -1.748261428466e-01 -1.006641445439e-01  -5.382062793949e-02  1.152368910248e-01 -1.698354707926e-01 -8.914224932900e-02
 -5.382062793949e-02  1.152368910248e-01 -1.698354707926e-01 -8.914224932900e-02  -5.560437080241e-02  1.247412869520e-01 -1.667361542869e-01 -8.151933550561e-02
 -5.560437080241e-02  1.247412869520e-01 -1.667361542869e-01 -8.151933550561e-02  -5.680025021487e-02  1.308878167497e-01 -1.647882534059e-01 -7.652724234051e-02
 -5.680025021487e-02  1.308878167497e-01 -1.647882534059e-01 -7.652724234051e-02  -5.925745994898e-02  1.428621899652e-01 -1.611250588977e-01 -6.667663921886e-02
 -5.925745994898e-02  1.428621899652e-01 -1.611250588977e-01 -6.667663921886e-02  -6.013493421108e-02  1.469093410631e-01 -1.599273813023e-01 -6.331348144173e-02
 -6.013493421108e-02  1.469093410631e-01 -1.599273813023e-01 -6.331348144173e-02  -6.064043734358e-02  1.491842145346e-01 -1.592633592691e-01 -6.141624367318e-02
 -6.064043734358e-02  1.491842145346e-01 -1.592633592691e-01 -6.141624367318e-02  -6.392623767503e-02  1.629484496258e-01 -1.553908883139e-01 -4.984370972631e-02
 -6.392623767503e-02  1.629484496258e-01 -1.553908883139e-01 -4.984370972631e-02  -6.697848104535e-02  1.741664387150e-01 -1.524280675422e-01 -4.031556695801e-02
 -6.697848104535e-02  1.741664387150e-01 -1.524280675422e-01 -4.031556695801e-02  -6.854824621040e-02  1.793724661264e-01 -1.511158858868e-01 -3.587288212619e-02
 -6.854824621040e-02  1.793724661264e-01 -1.511158858868e-01 -3.587288212619e-02  -7.171458557510e-02  1.887822192889e-01 -1.488525940192e-01 -2.782464381381e-02
 -7.171458557510e-02  1.887822192889e-01 -1.488525940192e-01 -2.782464381381e-02  -7.552387121778e-02  1.983253834233e-01 -1.467132499544e-01 -1.966595475347e-02
 -7.552387121778e-02  1.983253834233e-01 -1.467132499544e-01 -1.966595475347e-02  -8.643743598702e-02  2.167578609064e-01 -1.431450201753e-01 -4.199613645103e-03
 -8.643743598702e-02  2.167578609064e-01 -1.431450201753e-01 -4.199613645103e-03  -1.012381994088e-01  2.260596494729e-01 -1.419061746784e-01  2.351830938402e-03
 -1.012381994088e-01  2.260596494729e-01 -1.419061746784e-01  2.351830938402e-03  -1.283286092912e-01  2.130565068279e-01 -1.436505277361e-01 -1.400988560200e-02
 -1.283286092912e-01  2.130565068279e-01 -1.436505277361e-01 -1.400988560200e-02  -1.346515310338e-01  2.061096875145e-01 -1.441928286529e-01 -2.152433832586e-02
 -1.346515310338e-01  2.061096875145e-01 -1.441928286529e-01 -2.152433832586e-02  -1.460535719546e-01  1.908618201634e-01 -1.449606319430e-01 -3.757519807438e-02
 -1.460535719546e-01  1.908618201634e-01 -1.449606319430e-01 -3.757519807438e-02  -1.485606023163e-01  1.871075181547e-01 -1.450734367750e-01 -4.146336275470e-02
 -1.485606023163e-01  1.871075181547e-01 -1.450734367750e-01 -4.146336275470e-02  -1.519764253414e-01  1.817921621263e-01 -1.451860325664e-01 -4.693336635213e-02
 -1.519764253414e-01  1.817921621263e-01 -1.451860325664e-01 -4.693336635213e-02  -1.603999499943e-01  1.678328645129e-01 -1.452313206650e-01 -6.112261101984e-02
 -1.603999499943e-01  1.678328645129e-01 -1.452313206650e-01 -6.112261101984e-02  -1.666105304987e-01  1.569227759376e-01 -1.450241101471e-01 -7.204547656063e-02
 -1.666105304987e-01  1.569227759376e-01 -1.450241101471e-01 -7.204547656063e-02  -1.713002389680e-01  1.484345814474e-01 -1.447189247438e-01 -8.044281254108e-02
 -1.713002389680e-01  1.484345814474e-01 -1.447189247438e-01 -8.044281254108e-02  -1.772157000000e-01  1.375287436222e-01 -1.441426028794e-01 -9.109671882760e-02
 -1.772157000000e-01  1.375287436222e-01 -1.441426028794e-01 -9.109671882760e-02  -1.806847858724e-01  1.310770885848e-01 -1.437036438641e-01 -9.732318497313e-02
 -1.806847858724e-01  1.310770885848e-01 -1.437036438641e-01 -9.732318497313e-02  -1.825066305781e-01  1.276834691082e-01 -1.434432667627e-01 -1.005741635024e-01
 -1.825066305781e-01  1.276834691082e-01 -1.434432667627e-01 -1.005741635024e-01  -1.883456374437e-01  1.168321099594e-01 -1.424727573819e-01 -1.108487262787e-01
 -1.883456374437e-01  1.168321099594e-01 -1.424727573819e-01 -1.108487262787e-01  -1.946565964812e-01  1.052505624181e-01 -1.412013128854e-01 -1.215885316450e-01
 -1.946565964812e-01  1.052505624181e-01 -1.412013128854e-01 -1.215885316450e-01  -1.957129541532e-01  1.033362641610e-01 -1.409673544233e-01 -1.233385841979e-01
 -1.957129541532e-01  1.033362641610e-01 -1.409673544233e-01 -1.233385841979e-01  -1.971641782687e-01  1.007204386913e-01 -1.406366315349e-01 -1.257175067704e-01
 -1.971641782687e-01  1.007204386913e-01 -1.406366315349e-01 -1.257175067704e-01  -2.031540607898e-01  9.012388259713e-02 -1.391656406144e-01 -1.351946585684e-01
 -2.031540607898e-01  9.012388259713e-02 -1.391656406144e-01 -1.351946585684e-01  -2.074648334131e-01  8.273099270298e-02 -1.380139069740e-01 -1.416363405996e-01
 -2.074648334131e-01  8.273099270298e-02 -1.380139069740e-01 -1.416363405996e-01  -2.104695837073e-01  7.770869170366e-02 -1.371726775560e-01 -1.459213254001e-01
 -2.104695837073e-01  7.770869170366e-02 -1.371726775560e-01 -1.459213254001e-01  -2.137287399133e-01  7.239077308917e-02 -1.362305582520e-01 -1.503691277735e-01
 -2.137287399133e-01  7.239077308917e-02 -1.362305582520e-01 -1.503691277735e-01  -2.216674018157e-01  6.002785576728e-02 -1.338425990666e-01 -1.602996628669e-01
 -2.216674018157e-01  6.002785576728e-02 -1.338425990666e-01 -1.602996628669e-01  -2.281225012836e-01  5.059639429953e-02 -1.318490124515e-01 -1.674194682329e-01
 -2.281225012836e-01  5.059639429953e-02 -1.318490124515e-01 -1.674194682329e-01  -2.381066967234e-01  3.703024820078e-02 -1.287721378244e-01 -1.768072046193e-01
 -2.381066967234e-01  3.703024820078e-02 -1.287721378244e-01 -1.768072046193e-01  -2.410424166235e-01  3.325124931923e-02 -1.278836642114e-01 -1.792159404051e-01
 -2.410424166235e-01  3.325124931923e-02 -1.278836642114e-01 -1.792159404051e-01  -2.482262926227e-01  2.433805586438e-02 -1.257622216976e-01 -1.844989928021e-01
 -2.482262926227e-01  2.433805586438e-02 -1.257622216976e-01 -1.844989928021e-01  -2.530305181330e-01  1.859673011362e-02 -1.243937235281e-01 -1.875889568653e-01
 -2.530305181330e-01  1.859673011362e-02 -1.243937235281e-01 -1.875889568653e-01  -2.565390017143e-01  1.448999224537e-02 -1.234226509667e-01 -1.896433443624e-01
 -2.565390017143e-01  1.448999224537e-02 -1.234226509667e-01 -1.896433443624e-01  -2.643838026159e-01  5.489115541730e-03 -1.213415942734e-01 -1.936889186872e-01
 -2.643838026159e-01  5.489115541730e-03 -1.213415942734e-01 -1.936889186872e-01  -2.652467048380e-01  4.509189609293e-03 -1.211203212531e-01 -1.940919536419e-01
 -2.652467048380e-01  4.509189609293e-03 -1.211203212531e-01 -1.940919536419e-01  -2.750864206697e-01 -6.631904252383e-03 -1.186997489904e-01 -1.981838064282e-01
 -2.750864206697e-01 -6.631904252383e-03 -1.186997489904e-01 -1.981838064282e-01  -2.795486374507e-01 -1.171749772604e-02 -1.176601424001e-01 -1.997716482097e-01
 -2.795486374507e-01 -1.171749772604e-02 -1.176601424001e-01 -1.997716482097e-01  -2.850857379067e-01 -1.811691373118e-02 -1.164144663590e-01 -2.015479115527e-01
 -2.850857379067e-01 -1.811691373118e-02 -1.164144663590e-01 -2.015479115527e-01  -2.882113826756e-01 -2.179218913600e-02 -1.157306902182e-01 -2.024664335224e-01
 -2.882113826756e-01 -2.179218913600e-02 -1.157306902182e-01 -2.024664335224e-01  -2.944796106240e-01 -2.934843740934e-02 -1.143955412280e-01 -2.041486746931e-01
 -2.944796106240e-01 -2.934843740934e-02 -1.143955412280e-01 -2.041486746931e-01  -2.961588241183e-01 -3.142333557691e-02 -1.140449952444e-01 -2.045665742755e-01
 -2.961588241183e-01 -3.142333557691e-02 -1.140449952444e-01 -2.045665742755e-01  -3.033354206823e-01 -4.059087999122e-02 -1.125739240599e-01 -2.062159108482e-01
 -3.033354206823e-01 -4.059087999122e-02 -1.125739240599e-01 -2.062159108482e-01  -3.047474151244e-01 -4.245997313533e-02 -1.122887933557e-01 -2.065164922209e-01
 -3.047474151244e-01 -4.245997313533e-02 -1.122887933557e-01 -2.065164922209e-01  -3.115629044240e-01 -5.184666013826e-02 -1.109265524085e-01 -2.078693799269e-01
 -3.115629044240e-01 -5.184666013826e-02 -1.109265524085e-01 -2.078693799269e-01  -3.129701529132e-01 -5.386916847042e-02 -1.106474591270e-01 -2.081298577068e-01
 -3.129701529132e-01 -5.386916847042e-02 -1.106474591270e-01 -2.081298577068e-01  -3.190965546731e-01 -6.307244532690e-02 -1.094371105893e-01 -2.091951825457e-01
 -3.190965546731e-01 -6.307244532690e-02 -1.094371105893e-01 -2.091951825457e-01  -3.234296601973e-01 -7.003379331706e-02 -1.085826829963e-01 -2.098852607374e-01
 -3.234296601973e-01 -7.003379331706e-02 -1.085826829963e-01 -2.098852607374e-01  -3.260106186105e-01 -7.438952193089e-02 -1.080732259592e-01 -2.102726326044e-01
 -3.260106186105e-01 -7.438952193089e-02 -1.080732259592e-01 -2.102726326044e-01  -3.295215868829e-01 -8.060315610638e-02 -1.073785699633e-01 -2.107720107769e-01
 -3.295215868829e-01 -8.060315610638e-02 -1.073785699633e-01 -2.107720107769e-01  -3.323615245714e-01 -8.590572173415e-02 -1.068146803185e-01 -2.111529892481e-01
 -3.323615245714e-01 -8.590572173415e-02 -1.068146803185e-01 -2.111529892481e-01  -3.357283101209e-01 -9.256444502741e-02 -1.061432181719e-01 -2.115780755419e-01
 -3.357283101209e-01 -9.256444502741e-02 -1.061432181719e-01 -2.115780755419e-01  -3.380942340920e-01 -9.752321085114e-02 -1.056691223234e-01 -2.118593834554e-01
 -3.380942340920e-01 -9.752321085114e-02 -1.056691223234e-01 -2.118593834554e-01  -3.419264817378e-01 -1.061418798666e-01 -1.048969002435e-01 -2.122837497312e-01
 -3.419264817378e-01 -1.061418798666e-01 -1.048969002435e-01 -2.122837497312e-01  -3.431762985650e-01 -1.091359037436e-01 -1.046438659974e-01 -2.124135271188e-01
 -3.431762985650e-01 -1.091359037436e-01 -1.046438659974e-01 -2.124135271188e-01  -3.441846084171e-01 -1.116267391667e-01 -1.044393022069e-01 -2.125150359638e-01
 -3.441846084171e-01 -1.116267391667e-01 -1.044393022069e-01 -2.125150359638e-01  -3.476686159752e-01 -1.208355492961e-01 -1.037297109129e-01 -2.128429701296e-01
 -3.476686159752e-01 -1.208355492961e-01 -1.037297109129e-01 -2.128429701296e-01  -3.484704718467e-01 -1.231085800262e-01 -1.035658464853e-01 -2.129132212523e-01
 -3.484704718467e-01 -1.231085800262e-01 -1.035658464853e-01 -2.129132212523e-01  -3.516114341882e-01 -1.327162216792e-01 -1.029225261060e-01 -2.131681644240e-01
 -3.516114341882e-01 -1.327162216792e-01 -1.029225261060e-01 -2.131681644240e-01  -3.547180380518e-01 -1.436865420083e-01 -1.022856087948e-01 -2.133856235489e-01
 -3.547180380518e-01 -1.436865420083e-01 -1.022856087948e-01 -2.133856235489e-01  -3.549718108773e-01 -1.446690441162e-01 -1.022336602955e-01 -2.134017058138e-01
 -3.549718108773e-01 -1.446690441162e-01 -1.022336602955e-01 -2.134017058138e-01  -3.570301420386e-01 -1.532943380845e-01 -1.018136978540e-01 -2.135217243268e-01
 -3.570301420386e-01 -1.532943380845e-01 -1.018136978540e-01 -2.135217243268e-01  -3.577356428849e-01 -1.565831270863e-01 -1.016706821394e-01 -2.135582712298e-01
 -3.577356428849e-01 -1.565831270863e-01 -1.016706821394e-01 -2.135582712298e-01  -3.598513158126e-01 -1.680046338030e-01 -1.012478607143e-01 -2.136516228622e-01
 -3.598513158126e-01 -1.680046338030e-01 -1.012478607143e-01 -2.136516228622e-01  -3.599400673191e-01 -1.685536749396e-01 -1.012304377886e-01 -2.136549450560e-01
 -3.599400673191e-01 -1.685536749396e-01 -1.012304377886e-01 -2.136549450560e-01  -3.599418008372e-01 -1.685644724000e-01 -1.012300977751e-01 -2.136550094340e-01
 -3.599418008372e-01 -1.685644724000e-01 -1.012300977751e-01 -2.136550094340e-01  -3.616014721758e-01 -1.806784525735e-01 -1.009140982292e-01 -2.137063950300e-01
 -3.616014721758e-01 -1.806784525735e-01 -1.009140982292e-01 -2.137063950300e-01  -3.619597143663e-01 -1.840195107883e-01 -1.008500728604e-01 -2.137143726176e-01
 -3.619597143663e-01 -1.840195107883e-01 -1.008500728604e-01 -2.137143726176e-01  -3.627016253152e-01 -1.928483610342e-01 -1.007295332322e-01 -2.137262091685e-01
 -3.627016253152e-01 -1.928483610342e-01 -1.007295332322e-01 -2.137262091685e-01  -3.627167492595e-01 -1.930745230383e-01 -1.007273810823e-01 -2.137263712740e-01
 -3.627167492595e-01 -1.930745230383e-01 -1.007273810823e-01 -2.137263712740e-01  -3.632401854339e-01 -2.049533000000e-01 -1.006803849281e-01 -2.137291980775e-01
 -3.632401854339e-01 -2.049533000000e-01 -1.006803849281e-01 -2.137291980775e-01  -3.569865414687e-01 -2.692462622879e-01 -1.028334591630e-01 -2.141122124300e-01
 -1.778861900008e-01 -2.100461771814e-01 -1.199513078104e-01 -4.517254650763e-02  -1.782198291000e-01 -2.099939797929e-01 -1.063597694162e-01 -4.741357704735e-02
 -1.782198291000e-01 -2.099939797929e-01 -1.063597694162e-01 -4.741357704735e-02  -1.775532839461e-01 -2.101261530634e-01 -1.336991514892e-01 -4.379502252904e-02
 -1.775532839461e-01 -2.101261530634e-01 -1.336991514892e-01 -4.379502252904e-02  -1.778861900008e-01 -2.100461771814e-01 -1.199513078104e-01 -4.517254650763e-02
 -1.789143144648e-01 -2.099618896678e-01 -8.021431651653e-02 -5.431615656724e-02  -1.792980818921e-01 -2.099806146059e-01 -6.759048308287e-02 -5.896759053276e-02
 -1.792980818921e-01 -2.099806146059e-01 -6.759048308287e-02 -5.896759053276e-02  -1.797182819719e-01 -2.100244341068e-01 -5.543166781808e-02 -6.434641071183e-02
 -1.797182819719e-01 -2.100244341068e-01 -5.543166781808e-02 -6.434641071183e-02  -1.789143144648e-01 -2.099618896678e-01 -8.021431651653e-02 -5.431615656724e-02
 -1.916139780151e-01 -2.109172620287e-01  3.744853219683e-02 -1.566742202231e-01  -1.929829857588e-01 -2.103006215890e-01  4.153291736890e-02 -1.664725341168e-01
 -1.929829857588e-01 -2.103006215890e-01  4.153291736890e-02 -1.664725341168e-01  -1.951374400265e-01 -2.085234019353e-01  4.737041579611e-02 -1.857872726980e-01
 -1.951374400265e-01 -2.085234019353e-01  4.737041579611e-02 -1.857872726980e-01  -1.959154201158e-01 -2.074151648574e-01  4.922221595385e-02 -1.954503408834e-01
 -1.959154201158e-01 -2.074151648574e-01  4.922221595385e-02 -1.954503408834e-01  -1.964827856736e-01 -2.062106832528e-01  5.036898877639e-02 -2.050541268434e-01
 -1.964827856736e-01 -2.062106832528e-01  5.036898877639e-02 -2.050541268434e-01  -1.969945890510e-01 -2.036625161070e-01  5.061267056774e-02 -2.239051372068e-01
 -1.969945890510e-01 -2.036625161070e-01  5.061267056774e-02 -2.239051372068e-01  -1.969509315585e-01 -2.023551074749e-01  4.972804412917e-02 -2.333056845842e-01
 -1.969509315585e-01 -2.023551074749e-01  4.972804412917e-02 -2.333056845842e-01  -1.967101910362e-01 -2.010698980494e-01  4.817153080865e-02 -2.426271896494e-01
 -1.967101910362e-01 -2.010698980494e-01  4.817153080865e-02 -2.426271896494e-01  -1.956646921604e-01 -1.986965037711e-01  4.308372093813e-02 -2.608491261013e-01
 -1.956646921604e-01 -1.986965037711e-01  4.308372093813e-02 -2.608491261013e-01  -1.948588752372e-01 -1.976452575334e-01  3.949046877430e-02 -2.698909685157e-01
 -1.948588752372e-01 -1.976452575334e-01  3.949046877430e-02 -2.698909685157e-01  -1.938734497024e-01 -1.967327751194e-01  3.518907083265e-02 -2.788211144855e-01
 -1.938734497024e-01 -1.967327751194e-01  3.518907083265e-02 -2.788211144855e-01  -1.914275410268e-01 -1.954630385609e-01  2.448487774304e-02 -2.961495265808e-01
 -1.914275410268e-01 -1.954630385609e-01  2.448487774304e-02 -2.961495265808e-01  -1.899818892550e-01 -1.951574584510e-01  1.794266141157e-02 -3.046630844107e-01
 -1.899818892550e-01 -1.951574584510e-01  1.794266141157e-02 -3.046630844107e-01  -1.884368439797e-01 -1.951070299396e-01  1.060463727170e-02 -3.129895087108e-01
 -1.884368439797e-01 -1.951070299396e-01  1.060463727170e-02 -3.129895087108e-01  -1.853080586988e-01 -1.957309730135e-01 -6.311783788512e-03 -3.287530906435e-01
 -1.853080586988e-01 -1.957309730135e-01 -6.311783788512e-03 -3.287530906435e-01  -1.838513433190e-01 -1.963055612615e-01 -1.597496298107e-02 -3.361784991131e-01
 -1.838513433190e-01 -1.963055612615e-01 -1.597496298107e-02 -3.361784991131e-01  -1.825713737546e-01 -1.969330800640e-01 -2.630640908545e-02 -3.431305105613e-01
 -1.825713737546e-01 -1.969330800640e-01 -2.630640908545e-02 -3.431305105613e-01  -1.806294314215e-01 -1.980358483293e-01 -4.847083332895e-02 -3.552061603746e-01
 -1.806294314215e-01 -1.980358483293e-01 -4.847083332895e-02 -3.552061603746e-01  -1.799041240487e-01 -1.984628702002e-01 -6.038740367460e-02 -3.603242559690e-01
 -1.799041240487e-01 -1.984628702002e-01 -6.038740367460e-02 -3.603242559690e-01  -1.792999872812e-01 -1.988075029652e-01 -7.274608690989e-02 -3.647347851208e-01
 -1.792999872812e-01 -1.988075029652e-01 -7.274608690989e-02 -3.647347851208e-01  -1.783417618821e-01 -1.993005235049e-01 -9.838731453410e-02 -3.712392974420e-01
 -1.783417618821e-01 -1.993005235049e-01 -9.838731453410e-02 -3.712392974420e-01  -1.779366999122e-01 -1.994767619515e-01 -1.117799676684e-01 -3.733196745196e-01
 -1.779366999122e-01 -1.994767619515e-01 -1.117799676684e-01 -3.733196745196e-01  -1.775640225005e-01 -1.996158983414e-01 -1.253885914853e-01 -3.745559371745e-01
 -1.775640225005e-01 -1.996158983414e-01 -1.253885914853e-01 -3.745559371745e-01  -1.768795088755e-01 -1.998017893658e-01 -1.526806543506e-01 -3.744386540395e-01
 -1.768795088755e-01 -1.998017893658e-01 -1.526806543506e-01 -3.744386540395e-01  -1.765445305671e-01 -1.998552620196e-01 -1.664196180000e-01 -3.730725211212e-01
 -1.765445305671e-01 -1.998552620196e-01 -1.664196180000e-01 -3.730725211212e-01  -1.762054908727e-01 -1.998820987626e-01 -1.800191606075e-01 -3.708405183611e-01
 -1.762054908727e-01 -1.998820987626e-01 -1.800191606075e-01 -3.708405183611e-01  -1.754830658979e-01 -1.998443989272e-01 -2.062375974085e-01 -3.639451523700e-01
 -1.754830658979e-01 -1.998443989272e-01 -2.062375974085e-01 -3.639451523700e-01  -1.750662815982e-01 -1.997641449433e-01 -2.189404751520e-01 -3.592865074543e-01
 -1.750662815982e-01 -1.997641449433e-01 -2.189404751520e-01 -3.592865074543e-01  -1.745838689598e-01 -1.996202606427e-01 -2.312275646792e-01 -3.538834673607e-01
 -1.745838689598e-01 -1.996202606427e-01 -2.312275646792e-01 -3.538834673607e-01  -1.732012294117e-01 -1.989415564697e-01 -2.543611235067e-01 -3.410451144636e-01
 -1.732012294117e-01 -1.989415564697e-01 -2.543611235067e-01 -3.410451144636e-01  -1.718863464248e-01 -1.980079512000e-01 -2.657024525069e-01 -3.333519590656e-01
 -1.718863464248e-01 -1.980079512000e-01 -2.657024525069e-01 -3.333519590656e-01  -1.658876190989e-01 -1.920434340279e-01 -2.810620192110e-01 -3.217546656375e-01
 -1.658876190989e-01 -1.920434340279e-01 -2.810620192110e-01 -3.217546656375e-01  -1.634829774309e-01 -1.894742200124e-01 -2.844641674020e-01 -3.192339634355e-01
 -1.634829774309e-01 -1.894742200124e-01 -2.844641674020e-01 -3.192339634355e-01  -1.634726607868e-01 -1.894635195149e-01 -2.844800821283e-01 -3.192223384496e-01
 -1.634726607868e-01 -1.894635195149e-01 -2.844800821283e-01 -3.192223384496e-01  -1.586822711187e-01 -1.852669968479e-01 -2.943666341576e-01 -3.121051600908e-01
 -1.586822711187e-01 -1.852669968479e-01 -2.943666341576e-01 -3.121051600908e-01  -1.525505870270e-01 -1.825994959752e-01 -3.120732626490e-01 -2.986395219381e-01
 -1.525505870270e-01 -1.825994959752e-01 -3.120732626490e-01 -2.986395219381e-01  -1.514476577864e-01 -1.823424946293e-01 -3.152359435209e-01 -2.960402220137e-01
 -1.514476577864e-01 -1.823424946293e-01 -3.152359435209e-01 -2.960402220137e-01  -1.475849039008e-01 -1.819039081649e-01 -3.259115792979e-01 -2.866655383165e-01
 -1.475849039008e-01 -1.819039081649e-01 -3.259115792979e-01 -2.866655383165e-01  -1.471726118897e-01 -1.819004276907e-01 -3.270140734855e-01 -2.856359433734e-01
 -1.471726118897e-01 -1.819004276907e-01 -3.270140734855e-01 -2.856359433734e-01  -1.468339812174e-01 -1.819040460933e-01 -3.279144380373e-01 -2.847853691483e-01
 -1.468339812174e-01 -1.819040460933e-01 -3.279144380373e-01 -2.847853691483e-01  -1.433039574657e-01 -1.823080071136e-01 -3.370379109209e-01 -2.756013506273e-01
 -1.433039574657e-01 -1.823080071136e-01 -3.370379109209e-01 -2.756013506273e-01  -1.432515867619e-01 -1.823193164688e-01 -3.371698612892e-01 -2.754599636662e-01
 -1.432515867619e-01 -1.823193164688e-01 -3.371698612892e-01 -2.754599636662e-01  -1.423417452762e-01 -1.825424943250e-01 -3.394475028802e-01 -2.729747190190e-01
 -1.423417452762e-01 -1.825424943250e-01 -3.394475028802e-01 -2.729747190190e-01  -1.401826554825e-01 -1.832875479198e-01 -3.447471313146e-01 -2.668245985317e-01
 -1.401826554825e-01 -1.832875479198e-01 -3.447471313146e-01 -2.668245985317e-01  -1.399002059343e-01 -1.834091894562e-01 -3.454301830810e-01 -2.659894101558e-01
 -1.399002059343e-01 -1.834091894562e-01 -3.454301830810e-01 -2.659894101558e-01  -1.395310021488e-01 -1.835772384446e-01 -3.463196776598e-01 -2.648855046430e-01
 -1.395310021488e-01 -1.835772384446e-01 -3.463196776598e-01 -2.648855046430e-01  -1.369376868363e-01 -1.850762808785e-01 -3.524685613940e-01 -2.566700489553e-01
 -1.369376868363e-01 -1.850762808785e-01 -3.524685613940e-01 -2.566700489553e-01  -1.362274092010e-01 -1.855971083178e-01 -3.541253499083e-01 -2.542477820933e-01
 -1.362274092010e-01 -1.855971083178e-01 -3.541253499083e-01 -2.542477820933e-01  -1.343909410534e-01 -1.872147040389e-01 -3.583631418723e-01 -2.475187497674e-01
 -1.343909410534e-01 -1.872147040389e-01 -3.583631418723e-01 -2.475187497674e-01  -1.329974058140e-01 -1.887631837837e-01 -3.615412988897e-01 -2.418193720652e-01
 -1.329974058140e-01 -1.887631837837e-01 -3.615412988897e-01 -2.418193720652e-01  -1.322712265085e-01 -1.897108190121e-01 -3.631870410082e-01 -2.385720157239e-01
 -1.322712265085e-01 -1.897108190121e-01 -3.631870410082e-01 -2.385720157239e-01  -1.312065703550e-01 -1.913255432486e-01 -3.655895290483e-01 -2.333438681908e-01
 -1.312065703550e-01 -1.913255432486e-01 -3.655895290483e-01 -2.333438681908e-01  -1.305699595877e-01 -1.924546115262e-01 -3.670213855216e-01 -2.298660116049e-01
 -1.305699595877e-01 -1.924546115262e-01 -3.670213855216e-01 -2.298660116049e-01  -1.299497744080e-01 -1.937111073019e-01 -3.684136807760e-01 -2.261299195703e-01
 -1.299497744080e-01 -1.937111073019e-01 -3.684136807760e-01 -2.261299195703e-01  -1.292445460766e-01 -1.953972016966e-01 -3.699945024993e-01 -2.212935668382e-01
 -1.292445460766e-01 -1.953972016966e-01 -3.699945024993e-01 -2.212935668382e-01  -1.287347182050e-01 -1.968652048405e-01 -3.711359996992e-01 -2.172139370624e-01
 -1.287347182050e-01 -1.968652048405e-01 -3.711359996992e-01 -2.172139370624e-01  -1.282662016375e-01 -1.985089762849e-01 -3.721838355898e-01 -2.127598252989e-01
 -1.282662016375e-01 -1.985089762849e-01 -3.721838355898e-01 -2.127598252989e-01  -1.279036854024e-01 -2.001135977749e-01 -3.729930514593e-01 -2.085042227476e-01
 -1.279036854024e-01 -2.001135977749e-01 -3.729930514593e-01 -2.085042227476e-01  -1.276277838957e-01 -2.017171585145e-01 -3.736064852639e-01 -2.043235325632e-01
 -1.276277838957e-01 -2.017171585145e-01 -3.736064852639e-01 -2.043235325632e-01  -1.274313638597e-01 -2.033362188765e-01 -3.740391865179e-01 -2.001598823158e-01
 -1.274313638597e-01 -2.033362188765e-01 -3.740391865179e-01 -2.001598823158e-01  -1.273135281502e-01 -2.049533000000e-01 -3.742921544817e-01 -1.960457507344e-01
 -1.273135281502e-01 -2.049533000000e-01 -3.742921544817e-01 -1.960457507344e-01  -1.272710102785e-01 -2.066023243740e-01 -3.743711204919e-01 -1.918842756873e-01
 -1.272710102785e-01 -2.066023243740e-01 -3.743711204919e-01 -1.918842756873e-01  -1.273031894582e-01 -2.082106247415e-01 -3.742769217270e-01 -1.878483959044e-01
 -1.273031894582e-01 -2.082106247415e-01 -3.742769217270e-01 -1.878483959044e-01  -1.274163697464e-01 -2.099235780616e-01 -3.739914617694e-01 -1.835643376874e-01
 -1.274163697464e-01 -2.099235780616e-01 -3.739914617694e-01 -1.835643376874e-01  -1.275905620392e-01 -2.114865733557e-01 -3.735630724113e-01 -1.796595852530e-01
 -1.275905620392e-01 -2.114865733557e-01 -3.735630724113e-01 -1.796595852530e-01  -1.278316670167e-01 -2.130413951595e-01 -3.729748477075e-01 -1.757711798519e-01
 -1.278316670167e-01 -2.130413951595e-01 -3.729748477075e-01 -1.757711798519e-01  -1.281703504989e-01 -2.147233835361e-01 -3.721507459272e-01 -1.715508235719e-01
 -1.281703504989e-01 -2.147233835361e-01 -3.721507459272e-01 -1.715508235719e-01  -1.285600574065e-01 -2.162861865847e-01 -3.712024264531e-01 -1.676071990530e-01
 -1.285600574065e-01 -2.162861865847e-01 -3.712024264531e-01 -1.676071990530e-01  -1.290305119712e-01 -2.178644822195e-01 -3.700557967904e-01 -1.635923951419e-01
 -1.290305119712e-01 -2.178644822195e-01 -3.700557967904e-01 -1.635923951419e-01  -1.295637942337e-01 -2.193917594105e-01 -3.687526712554e-01 -1.596656760165e-01
 -1.295637942337e-01 -2.193917594105e-01 -3.687526712554e-01 -1.596656760165e-01  -1.301744294811e-01 -2.209068893031e-01 -3.672555425689e-01 -1.557170276414e-01
 -1.301744294811e-01 -2.209068893031e-01 -3.672555425689e-01 -1.557170276414e-01  -1.308536915663e-01 -2.223810902143e-01 -3.655834597211e-01 -1.518096863703e-01
 -1.308536915663e-01 -2.223810902143e-01 -3.655834597211e-01 -1.518096863703e-01  -1.316178988095e-01 -2.238405276675e-01 -3.636934037711e-01 -1.478603426566e-01
 -1.316178988095e-01 -2.238405276675e-01 -3.636934037711e-01 -1.478603426566e-01  -1.324919712843e-01 -2.253103992553e-01 -3.615195173100e-01 -1.437781879713e-01
 -1.324919712843e-01 -2.253103992553e-01 -3.615195173100e-01 -1.437781879713e-01  -1.333565375550e-01 -2.265976002545e-01 -3.593558551388e-01 -1.400927755023e-01
 -1.333565375550e-01 -2.265976002545e-01 -3.593558551388e-01 -1.400927755023e-01  -1.344624585829e-01 -2.280483088016e-01 -3.565673992012e-01 -1.357772739718e-01
 -1.344624585829e-01 -2.280483088016e-01 -3.565673992012e-01 -1.357772739718e-01  -1.353770382052e-01 -2.291088626498e-01 -3.542425133188e-01 -1.324806287931e-01
 -1.353770382052e-01 -2.291088626498e-01 -3.542425133188e-01 -1.324806287931e-01  -1.362766993459e-01 -2.300464298088e-01 -3.519376200858e-01 -1.294358186666e-01
 -1.362766993459e-01 -2.300464298088e-01 -3.519376200858e-01 -1.294358186666e-01  -1.376983198084e-01 -2.313418775742e-01 -3.482562086125e-01 -1.249565078637e-01
 -1.376983198084e-01 -2.313418775742e-01 -3.482562086125e-01 -1.249565078637e-01  -1.386411941767e-01 -2.320895119550e-01 -3.457857373038e-01 -1.221745424148e-01
 -1.386411941767e-01 -2.320895119550e-01 -3.457857373038e-01 -1.221745424148e-01  -1.403479422742e-01 -2.332429254893e-01 -3.412491365465e-01 -1.174547620147e-01
 -1.403479422742e-01 -2.332429254893e-01 -3.412491365465e-01 -1.174547620147e-01  -1.424659453914e-01 -2.343554080127e-01 -3.354892215294e-01 -1.120607614012e-01
 -1.424659453914e-01 -2.343554080127e-01 -3.354892215294e-01 -1.120607614012e-01  -1.433064493728e-01 -2.347078098631e-01 -3.331588515418e-01 -1.100383536656e-01
 -1.433064493728e-01 -2.347078098631e-01 -3.331588515418e-01 -1.100383536656e-01  -1.460702595636e-01 -2.355397134168e-01 -3.252919390604e-01 -1.037735194526e-01
 -1.460702595636e-01 -2.355397134168e-01 -3.252919390604e-01 -1.037735194526e-01  -1.465360898221e-01 -2.356329101779e-01 -3.239322448733e-01 -1.027682524334e-01
 -1.465360898221e-01 -2.356329101779e-01 -3.239322448733e-01 -1.027682524334e-01  -1.468980348664e-01 -2.356962849401e-01 -3.228685095354e-01 -1.019961107479e-01
 -1.468980348664e-01 -2.356962849401e-01 -3.228685095354e-01 -1.019961107479e-01  -1.497209226594e-01 -2.359261860587e-01 -3.143359148109e-01 -9.621329103963e-02
 -1.497209226594e-01 -2.359261860587e-01 -3.143359148109e-01 -9.621329103963e-02  -1.497649201394e-01 -2.359261252529e-01 -3.141993741244e-01 -9.612619246396e-02
 -1.497649201394e-01 -2.359261252529e-01 -3.141993741244e-01 -9.612619246396e-02  -1.500238067315e-01 -2.359235336313e-01 -3.133935895884e-01 -9.561539718510e-02
 -1.500238067315e-01 -2.359235336313e-01 -3.133935895884e-01 -9.561539718510e-02  -1.500403631730e-01 -2.359232373838e-01 -3.133419207619e-01 -9.558282954117e-02
 -1.500403631730e-01 -2.359232373838e-01 -3.133419207619e-01 -9.558282954117e-02  -1.535479700667e-01 -2.355100687722e-01 -3.019902781916e-01 -8.892078146298e-02
 -1.535479700667e-01 -2.355100687722e-01 -3.019902781916e-01 -8.892078146298e-02  -1.538147011278e-01 -2.354500754801e-01 -3.010914196290e-01 -8.843140619667e-02
 -1.538147011278e-01 -2.354500754801e-01 -3.010914196290e-01 -8.843140619667e-02  -1.541329778483e-01 -2.353731603319e-01 -3.000117149907e-01 -8.785025956539e-02
 -1.541329778483e-01 -2.353731603319e-01 -3.000117149907e-01 -8.785025956539e-02  -1.577712382858e-01 -2.340717389920e-01 -2.870723357330e-01 -8.139839228250e-02
 -1.577712382858e-01 -2.340717389920e-01 -2.870723357330e-01 -8.139839228250e-02  -1.586241514944e-01 -2.336492093446e-01 -2.838675691400e-01 -7.993053387503e-02
 -1.586241514944e-01 -2.336492093446e-01 -2.838675691400e-01 -7.993053387503e-02  -1.640588992895e-01 -2.296107646835e-01 -2.620923262927e-01 -7.100819492524e-02
 -1.640588992895e-01 -2.296107646835e-01 -2.620923262927e-01 -7.100819492524e-02  -1.668293245798e-01 -2.259998444211e-01 -2.516883264161e-01 -6.717272992321e-02
 -1.668293245798e-01 -2.259998444211e-01 -2.516883264161e-01 -6.717272992321e-02  -1.677146673703e-01 -2.245198693973e-01 -2.488999126227e-01 -6.614836736337e-02
 -1.677146673703e-01 -2.245198693973e-01 -2.488999126227e-01 -6.614836736337e-02  -1.682346991247e-01 -2.235901681540e-01 -2.473902753391e-01 -6.558845617751e-02
 -1.682346991247e-01 -2.235901681540e-01 -2.473902753391e-01 -6.558845617751e-02  -1.735375983246e-01 -2.138330229486e-01 -2.283562770672e-01 -5.821315092854e-02
 -1.735375983246e-01 -2.138330229486e-01 -2.283562770672e-01 -5.821315092854e-02  -1.747769201731e-01 -2.121443652453e-01 -2.147213407603e-01 -5.351149986198e-02
 -1.747769201731e-01 -2.121443652453e-01 -2.147213407603e-01 -5.351149986198e-02  -1.760273696000e-01 -2.109186614603e-01 -1.883125785379e-01 -4.694094822628e-02
 -1.760273696000e-01 -2.109186614603e-01 -1.883125785379e-01 -4.694094822628e-02  -1.764709275034e-01 -2.106104087541e-01 -1.747689764732e-01 -4.487107586372e-02
 -1.764709275034e-01 -2.106104087541e-01 -1.747689764732e-01 -4.487107586372e-02  -1.768606527666e-01 -2.103937458210e-01 -1.610708490332e-01 -4.364968000730e-02
 -1.768606527666e-01 -2.103937458210e-01 -1.610708490332e-01 -4.364968000730e-02  -1.807184642087e-01 -2.101987538167e-01 -3.289065270127e-02 -7.697662811516e-02
 -1.807184642087e-01 -2.101987538167e-01 -3.289065270127e-02 -7.697662811516e-02  -1.813493677566e-01 -2.103404007034e-01 -2.238260673598e-02 -8.424427764395e-02
 -1.813493677566e-01 -2.103404007034e-01 -2.238260673598e-02 -8.424427764395e-02  -1.821044371397e-01 -2.105246709849e-01 -1.248146295425e-02 -9.205553663785e-02
 -1.821044371397e-01 -2.105246709849e-01 -1.248146295425e-02 -9.205553663785e-02  -1.841123478714e-01 -2.110049340915e-01  5.287826120525e-03 -1.089821499707e-01
 -1.841123478714e-01 -2.110049340915e-01  5.287826120525e-03 -1.089821499707e-01  -1.854304339192e-01 -2.112566870352e-01  1.325781179040e-02 -1.181359662491e-01
 -1.854304339192e-01 -2.112566870352e-01  1.325781179040e-02 -1.181359662491e-01  -1.869275167718e-01 -2.114385737966e-01  2.050590596522e-02 -1.275970426555e-01
 -1.869275167718e-01 -2.114385737966e-01  2.050590596522e-02 -1.275970426555e-01  -1.900983548793e-01 -2.113108324913e-01  3.256825816200e-02 -1.468667812819e-01
 -1.900983548793e-01 -2.113108324913e-01  3.256825816200e-02 -1.468667812819e-01  -1.916139780151e-01 -2.109172620287e-01  3.744853219683e-02 -1.566742202231e-01
