#
# Columns: x1 y1 u1 v1 x2 y2 u2 v2
#
# To plot the image plane curves, connect each (x1,y1)
# to the (x2,y2) on the same line -- do *not* connect
# consecutive lines!
#
# To plot the source plane curves, do the same for
# (u1,v1) and (u2,v2).
#
 -1.154484118405e+00 -3.172223476846e-01 -6.795507263450e-01  2.876879852965e-01  -1.174821807430e+00 -2.996877038647e-01 -6.778634269008e-01  2.901515629493e-01
 -1.174821807430e+00 -2.996877038647e-01 -6.778634269008e-01  2.901515629493e-01  -1.191187452400e+00 -2.849915029362e-01 -6.767319252762e-01  2.916528994294e-01
 -1.191187452400e+00 -2.849915029362e-01 -6.767319252762e-01  2.916528994294e-01  -1.194311164163e+00 -2.821256557200e-01 -6.765437026834e-01  2.918898838167e-01
 -1.194311164163e+00 -2.821256557200e-01 -6.765437026834e-01  2.918898838167e-01  -1.226128235300e+00 -2.517848864201e-01 -6.752540895289e-01  2.933926643611e-01
 -1.226128235300e+00 -2.517848864201e-01 -6.752540895289e-01  2.933926643611e-01  -1.248311967718e+00 -2.293284918935e-01 -6.751830589802e-01  2.934710908884e-01
 -1.248311967718e+00 -2.293284918935e-01 -6.751830589802e-01  2.934710908884e-01  -1.259978393321e+00 -2.170595441498e-01 -6.754781339403e-01  2.932046910065e-01
 -1.259978393321e+00 -2.170595441498e-01 -6.754781339403e-01  2.932046910065e-01  -1.268501426517e+00 -2.078855247423e-01 -6.758556626126e-01  2.928816479203e-01
 -1.268501426517e+00 -2.078855247423e-01 -6.758556626126e-01  2.928816479203e-01  -1.293292123746e+00 -1.801209677420e-01 -6.778194282961e-01  2.913649694771e-01
 -1.293292123746e+00 -1.801209677420e-01 -6.778194282961e-01  2.913649694771e-01  -1.305270628013e+00 -1.660848547024e-01 -6.792778813340e-01  2.903502612964e-01
 -1.305270628013e+00 -1.660848547024e-01 -6.792778813340e-01  2.903502612964e-01  -1.325626650437e+00 -1.412004212989e-01 -6.826098068154e-01  2.882634475215e-01
 -1.325626650437e+00 -1.412004212989e-01 -6.826098068154e-01  2.882634475215e-01  -1.330948844110e+00 -1.344626201133e-01 -6.836710931297e-01  2.876518925678e-01
 -1.330948844110e+00 -1.344626201133e-01 -6.836710931297e-01  2.876518925678e-01  -1.356505780114e+00 -1.006022879892e-01 -6.899722123187e-01  2.844173372537e-01
 -1.356505780114e+00 -1.006022879892e-01 -6.899722123187e-01  2.844173372537e-01  -1.357706926228e+00 -9.894450633955e-02 -6.903203339192e-01  2.842555047951e-01
 -1.357706926228e+00 -9.894450633955e-02 -6.903203339192e-01  2.842555047951e-01  -1.386237981825e+00 -5.753339340834e-02 -7.001089731326e-01  2.802697539380e-01
 -1.386237981825e+00 -5.753339340834e-02 -7.001089731326e-01  2.802697539380e-01  -1.392053007691e+00 -4.856271857749e-02 -7.024877496685e-01  2.794438003454e-01
 -1.392053007691e+00 -4.856271857749e-02 -7.024877496685e-01  2.794438003454e-01  -1.414999980683e+00 -1.107736032894e-02 -7.133094375383e-01  2.762581458108e-01
 -1.414999980683e+00 -1.107736032894e-02 -7.133094375383e-01  2.762581458108e-01  -1.421002101339e+00 -6.592277960471e-04 -7.165512158190e-01  2.754662711633e-01
 -1.421002101339e+00 -6.592277960471e-04 -7.165512158190e-01  2.754662711633e-01  -1.429743831585e+00  1.502715834713e-02 -7.216099705803e-01  2.743636891762e-01
 -1.429743831585e+00  1.502715834713e-02 -7.216099705803e-01  2.743636891762e-01  -1.437208743588e+00  2.893944244232e-02 -7.262681425973e-01  2.734826433118e-01
 -1.437208743588e+00  2.893944244232e-02 -7.262681425973e-01  2.734826433118e-01  -1.442148184877e+00  3.842475411719e-02 -7.295335350184e-01  2.729371889355e-01
 -1.442148184877e+00  3.842475411719e-02 -7.295335350184e-01  2.729371889355e-01  -1.453350611375e+00  6.082225273199e-02 -7.375246639376e-01  2.718368754240e-01
 -1.453350611375e+00  6.082225273199e-02 -7.375246639376e-01  2.718368754240e-01  -1.467240997339e+00  9.043672634088e-02 -7.486898842805e-01  2.708120881242e-01
 -1.467240997339e+00  9.043672634088e-02 -7.486898842805e-01  2.708120881242e-01  -1.469858470180e+00  9.625854564900e-02 -7.509660657070e-01  2.706712333147e-01
 -1.469858470180e+00  9.625854564900e-02 -7.509660657070e-01  2.706712333147e-01  -1.476825888157e+00  1.121382280166e-01 -7.573146629156e-01  2.703927613680e-01
 -1.476825888157e+00  1.121382280166e-01 -7.573146629156e-01  2.703927613680e-01  -1.487447480728e+00  1.374088794618e-01 -7.678607815714e-01  2.702822227022e-01
 -1.487447480728e+00  1.374088794618e-01 -7.678607815714e-01  2.702822227022e-01  -1.490882926210e+00  1.458468021559e-01 -7.715108449942e-01  2.703406402396e-01
 -1.490882926210e+00  1.458468021559e-01 -7.715108449942e-01  2.703406402396e-01  -1.504816015551e+00  1.812199595867e-01 -7.875871645570e-01  2.711447026302e-01
 -1.504816015551e+00  1.812199595867e-01 -7.875871645570e-01  2.711447026302e-01  -1.514244651030e+00  2.059449705504e-01 -7.996488716012e-01  2.722892783838e-01
 -1.514244651030e+00  2.059449705504e-01 -7.996488716012e-01  2.722892783838e-01  -1.518726504773e+00  2.178209552078e-01 -8.057100844632e-01  2.730260524301e-01
 -1.518726504773e+00  2.178209552078e-01 -8.057100844632e-01  2.730260524301e-01  -1.522050364196e+00  2.266504260545e-01 -8.103358173171e-01  2.736574437639e-01
 -1.522050364196e+00  2.266504260545e-01 -8.103358173171e-01  2.736574437639e-01  -1.528775767307e+00  2.445093254799e-01 -8.200166608833e-01  2.751642006117e-01
 -1.528775767307e+00  2.445093254799e-01 -8.200166608833e-01  2.751642006117e-01  -1.538834643694e+00  2.710111205335e-01 -8.352184849874e-01  2.780071497689e-01
 -1.538834643694e+00  2.710111205335e-01 -8.352184849874e-01  2.780071497689e-01  -1.539097624106e+00  2.716984829975e-01 -8.356263691023e-01  2.780910701823e-01
 -1.539097624106e+00  2.716984829975e-01 -8.356263691023e-01  2.780910701823e-01  -1.539277467141e+00  2.721683351180e-01 -8.359055876521e-01  2.781487416832e-01
 -1.539277467141e+00  2.721683351180e-01 -8.359055876521e-01  2.781487416832e-01  -1.549528871323e+00  2.986671260915e-01 -8.521762305534e-01  2.818139276235e-01
 -1.549528871323e+00  2.986671260915e-01 -8.521762305534e-01  2.818139276235e-01  -1.556595681002e+00  3.165866989437e-01 -8.637514395339e-01  2.847694553565e-01
 -1.556595681002e+00  3.165866989437e-01 -8.637514395339e-01  2.847694553565e-01  -1.560317610122e+00  3.259130952066e-01 -8.699503996404e-01  2.864651591736e-01
 -1.560317610122e+00  3.259130952066e-01 -8.699503996404e-01  2.864651591736e-01  -1.566804864994e+00  3.420064410427e-01 -8.809103217810e-01  2.896484842478e-01
 -1.566804864994e+00  3.420064410427e-01 -8.809103217810e-01  2.896484842478e-01  -1.571351425915e+00  3.531841223897e-01 -8.887039433976e-01  2.920517801254e-01
 -1.571351425915e+00  3.531841223897e-01 -8.887039433976e-01  2.920517801254e-01  -1.573801043510e+00  3.591805161233e-01 -8.929408210535e-01  2.934057403417e-01
 -1.573801043510e+00  3.591805161233e-01 -8.929408210535e-01  2.934057403417e-01  -1.582386972658e+00  3.801225507984e-01 -9.080044519515e-01  2.984830843671e-01
 -1.582386972658e+00  3.801225507984e-01 -9.080044519515e-01  2.984830843671e-01  -1.590421575959e+00  3.997602352297e-01 -9.224270697939e-01  3.037192909216e-01
 -1.590421575959e+00  3.997602352297e-01 -9.224270697939e-01  3.037192909216e-01  -1.593403717574e+00  4.071038430570e-01 -9.278717995551e-01  3.057891861699e-01
 -1.593403717574e+00  4.071038430570e-01 -9.278717995551e-01  3.057891861699e-01  -1.599523491794e+00  4.223520013586e-01 -9.392280487570e-01  3.102683077785e-01
 -1.599523491794e+00  4.223520013586e-01 -9.392280487570e-01  3.102683077785e-01  -1.604270683035e+00  4.344265980795e-01 -9.482370587755e-01  3.139760819697e-01
 -1.604270683035e+00  4.344265980795e-01 -9.482370587755e-01  3.139760819697e-01  -1.606371527058e+00  4.398651202337e-01 -9.522902352807e-01  3.156886102476e-01
 -1.606371527058e+00  4.398651202337e-01 -9.522902352807e-01  3.156886102476e-01  -1.614796029306e+00  4.625281664081e-01 -9.690688333957e-01  3.230713006734e-01
 -1.614796029306e+00  4.625281664081e-01 -9.690688333957e-01  3.230713006734e-01  -1.621371761578e+00  4.816934539632e-01 -9.829896191857e-01  3.295591575437e-01
 -1.621371761578e+00  4.816934539632e-01 -9.829896191857e-01  3.295591575437e-01  -1.624671851269e+00  4.921105010097e-01 -9.903949934097e-01  3.331475128662e-01
 -1.624671851269e+00  4.921105010097e-01 -9.903949934097e-01  3.331475128662e-01  -1.630643615816e+00  5.133371547413e-01 -1.004998897342e+00  3.405134430343e-01
 -1.630643615816e+00  5.133371547413e-01 -1.004998897342e+00  3.405134430343e-01  -1.632616006163e+00  5.214751588965e-01 -1.010384027330e+00  3.433305476333e-01
 -1.632616006163e+00  5.214751588965e-01 -1.010384027330e+00  3.433305476333e-01  -1.633304167524e+00  5.245277430769e-01 -1.012368316912e+00  3.443828715877e-01
 -1.633304167524e+00  5.245277430769e-01 -1.012368316912e+00  3.443828715877e-01  -1.637466041029e+00  5.476727099672e-01 -1.026672687671e+00  3.522095750663e-01
 -1.637466041029e+00  5.476727099672e-01 -1.026672687671e+00  3.522095750663e-01  -1.639040587460e+00  5.635469637664e-01 -1.035575958323e+00  3.573135296900e-01
 -1.639040587460e+00  5.635469637664e-01 -1.035575958323e+00  3.573135296900e-01  -1.639350242081e+00  5.779961793769e-01 -1.042880284249e+00  3.616543235689e-01
 -1.639350242081e+00  5.779961793769e-01 -1.042880284249e+00  3.616543235689e-01  -1.636669061572e+00  6.030263474387e-01 -1.053258347335e+00  3.681142052661e-01
 -1.636669061572e+00  6.030263474387e-01 -1.053258347335e+00  3.681142052661e-01  -1.631573362017e+00  6.207085094608e-01 -1.058360064865e+00  3.714622205875e-01
 -1.631573362017e+00  6.207085094608e-01 -1.058360064865e+00  3.714622205875e-01  -1.594570069856e+00  6.694425369472e-01 -1.057190767570e+00  3.703753745636e-01
 -1.594570069856e+00  6.694425369472e-01 -1.057190767570e+00  3.703753745636e-01  -1.591176776491e+00  6.720161514791e-01 -1.056219559247e+00  3.696163247348e-01
 -1.591176776491e+00  6.720161514791e-01 -1.056219559247e+00  3.696163247348e-01  -1.587002378183e+00  6.749865801866e-01 -1.054943154274e+00  3.686085162749e-01
 -1.587002378183e+00  6.749865801866e-01 -1.054943154274e+00  3.686085162749e-01  -1.557496030511e+00  6.916303345938e-01 -1.044230431953e+00  3.597800022530e-01
 -1.557496030511e+00  6.916303345938e-01 -1.044230431953e+00  3.597800022530e-01  -1.534307734182e+00  7.013295481802e-01 -1.034698121969e+00  3.514594728748e-01
 -1.534307734182e+00  7.013295481802e-01 -1.034698121969e+00  3.514594728748e-01  -1.528150870968e+00  7.035869629212e-01 -1.032092578417e+00  3.491158173986e-01
 -1.528150870968e+00  7.035869629212e-01 -1.032092578417e+00  3.491158173986e-01  -1.516015822759e+00  7.077426225284e-01 -1.026914385785e+00  3.443719094871e-01
 -1.516015822759e+00  7.077426225284e-01 -1.026914385785e+00  3.443719094871e-01  -1.500452173263e+00  7.126157181931e-01 -1.020248619634e+00  3.380967485938e-01
 -1.500452173263e+00  7.126157181931e-01 -1.020248619634e+00  3.380967485938e-01  -1.493623176911e+00  7.146260841629e-01 -1.017332942363e+00  3.352918325910e-01
 -1.493623176911e+00  7.146260841629e-01 -1.017332942363e+00  3.352918325910e-01  -1.473684674206e+00  7.201665773433e-01 -1.008914259541e+00  3.269826330641e-01
 -1.473684674206e+00  7.201665773433e-01 -1.008914259541e+00  3.269826330641e-01  -1.455763386622e+00  7.248541052211e-01 -1.001535659151e+00  3.194326507080e-01
 -1.455763386622e+00  7.248541052211e-01 -1.001535659151e+00  3.194326507080e-01  -1.447643272182e+00  7.269205663714e-01 -9.982698079245e-01  3.160069669564e-01
 -1.447643272182e+00  7.269205663714e-01 -9.982698079245e-01  3.160069669564e-01  -1.429481713141e+00  7.314718133915e-01 -9.911734192526e-01  3.083744523112e-01
 -1.429481713141e+00  7.314718133915e-01 -9.911734192526e-01  3.083744523112e-01  -1.418775000437e+00  7.341355290842e-01 -9.871397203327e-01  3.039138060167e-01
 -1.418775000437e+00  7.341355290842e-01 -9.871397203327e-01  3.039138060167e-01  -1.409850216891e+00  7.363578294223e-01 -9.838696786636e-01  3.002282459129e-01
 -1.409850216891e+00  7.363578294223e-01 -9.838696786636e-01  3.002282459129e-01  -1.381771924707e+00  7.434329100476e-01 -9.741705894735e-01  2.888963729151e-01
 -1.381771924707e+00  7.434329100476e-01 -9.741705894735e-01  2.888963729151e-01  -1.350391891637e+00  7.516039634999e-01 -9.644511180717e-01  2.768472594544e-01
 -1.350391891637e+00  7.516039634999e-01 -9.644511180717e-01  2.768472594544e-01  -1.344313867667e+00  7.532245324659e-01 -9.627078048185e-01  2.746007313135e-01
 -1.344313867667e+00  7.532245324659e-01 -9.627078048185e-01  2.746007313135e-01  -1.337614612762e+00  7.550246317298e-01 -9.608381797769e-01  2.721592899009e-01
 -1.337614612762e+00  7.550246317298e-01 -9.608381797769e-01  2.721592899009e-01  -1.306320312880e+00  7.635978605032e-01 -9.528034075516e-01  2.612445069377e-01
 -1.306320312880e+00  7.635978605032e-01 -9.528034075516e-01  2.612445069377e-01  -1.279973898440e+00  7.709384834716e-01 -9.468700125499e-01  2.526654073533e-01
 -1.279973898440e+00  7.709384834716e-01 -9.468700125499e-01  2.526654073533e-01  -1.267864338034e+00  7.743117089341e-01 -9.443714555081e-01  2.488941110333e-01
 -1.267864338034e+00  7.743117089341e-01 -9.443714555081e-01  2.488941110333e-01  -1.251897475795e+00  7.787247485707e-01 -9.412744720251e-01  2.440689249451e-01
 -1.251897475795e+00  7.787247485707e-01 -9.412744720251e-01  2.440689249451e-01  -1.229998537810e+00  7.846528027920e-01 -9.373526635124e-01  2.376863363896e-01
 -1.229998537810e+00  7.846528027920e-01 -9.373526635124e-01  2.376863363896e-01  -1.214093333818e+00  7.888216040339e-01 -9.347106686717e-01  2.331897263217e-01
 -1.214093333818e+00  7.888216040339e-01 -9.347106686717e-01  2.331897263217e-01  -1.193437408349e+00  7.940042360867e-01 -9.315013624889e-01  2.274806865982e-01
 -1.193437408349e+00  7.940042360867e-01 -9.315013624889e-01  2.274806865982e-01  -1.169233715532e+00  7.996651102116e-01 -9.280114254925e-01  2.209157216742e-01
 -1.169233715532e+00  7.996651102116e-01 -9.280114254925e-01  2.209157216742e-01  -1.158620402200e+00  8.019856537714e-01 -9.265604646522e-01  2.180611851141e-01
 -1.158620402200e+00  8.019856537714e-01 -9.265604646522e-01  2.180611851141e-01  -1.149641156040e+00  8.038648844333e-01 -9.253667077717e-01  2.156514392892e-01
 -1.149641156040e+00  8.038648844333e-01 -9.253667077717e-01  2.156514392892e-01  -1.101586941735e+00  8.124786851799e-01 -9.194345555319e-01  2.027120772199e-01
 -1.101586941735e+00  8.124786851799e-01 -9.194345555319e-01  2.027120772199e-01  -1.086488351796e+00  8.146435359766e-01 -9.177110074879e-01  1.985930645662e-01
 -1.086488351796e+00  8.146435359766e-01 -9.177110074879e-01  1.985930645662e-01  -1.045323451007e+00  8.191319354165e-01 -9.133178325468e-01  1.871341673016e-01
 -1.045323451007e+00  8.191319354165e-01 -9.133178325468e-01  1.871341673016e-01  -1.025242407614e+00  8.205454773809e-01 -9.113335904686e-01  1.813978952185e-01
 -1.025242407614e+00  8.205454773809e-01 -9.113335904686e-01  1.813978952185e-01  -9.982844453788e-01  8.216217690935e-01 -9.088364002582e-01  1.735276538171e-01
 -9.982844453788e-01  8.216217690935e-01 -9.088364002582e-01  1.735276538171e-01  -9.651956905844e-01  8.216355180431e-01 -9.060449356113e-01  1.635909124342e-01
 -9.651956905844e-01  8.216355180431e-01 -9.060449356113e-01  1.635909124342e-01  -9.580327324305e-01  8.214468446909e-01 -9.054824411142e-01  1.613994967235e-01
 -9.580327324305e-01  8.214468446909e-01 -9.054824411142e-01  1.613994967235e-01  -9.460288639876e-01  8.209767241894e-01 -9.045746774263e-01  1.576953327664e-01
 -9.460288639876e-01  8.209767241894e-01 -9.045746774263e-01  1.576953327664e-01  -9.213106999172e-01  8.193983872762e-01 -9.028486471742e-01  1.499457745800e-01
 -9.213106999172e-01  8.193983872762e-01 -9.028486471742e-01  1.499457745800e-01  -9.058490885403e-01  8.179911335946e-01 -9.018718329375e-01  1.450183769638e-01
 -9.058490885403e-01  8.179911335946e-01 -9.018718329375e-01  1.450183769638e-01  -8.667845932246e-01  8.129837864226e-01 -8.997829194774e-01  1.323211905223e-01
 -8.667845932246e-01  8.129837864226e-01 -8.997829194774e-01  1.323211905223e-01  -8.483658377512e-01  8.098954296694e-01 -8.989988104153e-01  1.262268406760e-01
 -8.483658377512e-01  8.098954296694e-01 -8.989988104153e-01  1.262268406760e-01  -8.082458018746e-01  8.015357152388e-01 -8.977726249314e-01  1.127716890574e-01
 -8.082458018746e-01  8.015357152388e-01 -8.977726249314e-01  1.127716890574e-01  -7.937542228877e-01  7.979605229778e-01 -8.975007668099e-01  1.078687878660e-01
 -7.937542228877e-01  7.979605229778e-01 -8.975007668099e-01  1.078687878660e-01  -7.638351276609e-01  7.896343936989e-01 -8.972419696169e-01  9.771538829400e-02
 -7.638351276609e-01  7.896343936989e-01 -8.972419696169e-01  9.771538829400e-02  -7.413933359833e-01  7.825441031975e-01 -8.973242730079e-01  9.010552209989e-02
 -7.413933359833e-01  7.825441031975e-01 -8.973242730079e-01  9.010552209989e-02  -7.266420707555e-01  7.774842455846e-01 -8.975107319396e-01  8.512374810641e-02
 -7.266420707555e-01  7.774842455846e-01 -8.975107319396e-01  8.512374810641e-02  -6.980671046800e-01  7.667701083720e-01 -8.981748794470e-01  7.556290911803e-02
 -6.980671046800e-01  7.667701083720e-01 -8.981748794470e-01  7.556290911803e-02  -6.932457060873e-01  7.648424877785e-01 -8.983264834204e-01  7.396589099004e-02
 -6.932457060873e-01  7.648424877785e-01 -8.983264834204e-01  7.396589099004e-02  -6.907004525444e-01  7.638108197810e-01 -8.984111144050e-01  7.312510993147e-02
 -6.907004525444e-01  7.638108197810e-01 -8.984111144050e-01  7.312510993147e-02  -6.818185329682e-01  7.601343646871e-01 -8.987312641451e-01  7.020466832036e-02
 -6.818185329682e-01  7.601343646871e-01 -8.987312641451e-01  7.020466832036e-02  -6.424299078793e-01  7.423841798986e-01 -9.006082068814e-01  5.757382601714e-02
 -6.424299078793e-01  7.423841798986e-01 -9.006082068814e-01  5.757382601714e-02  -6.238179067306e-01  7.331636408506e-01 -9.017444446873e-01  5.184115862327e-02
 -6.238179067306e-01  7.331636408506e-01 -9.017444446873e-01  5.184115862327e-02  -5.971296220478e-01  7.189913269278e-01 -9.036285376419e-01  4.396797073361e-02
 -5.971296220478e-01  7.189913269278e-01 -9.036285376419e-01  4.396797073361e-02  -5.744327590571e-01  7.060437375488e-01 -9.054386276283e-01  3.766125796665e-02
 -5.744327590571e-01  7.060437375488e-01 -9.054386276283e-01  3.766125796665e-02  -5.540004295054e-01  6.936734873865e-01 -9.072002500574e-01  3.234676591738e-02
 -5.540004295054e-01  6.936734873865e-01 -9.072002500574e-01  3.234676591738e-02  -5.371310589902e-01  6.829433215027e-01 -9.087241945276e-01  2.825446267532e-02
 -5.371310589902e-01  6.829433215027e-01 -9.087241945276e-01  2.825446267532e-02  -5.123154035493e-01  6.662968193831e-01 -9.110273065657e-01  2.278247125914e-02
 -5.123154035493e-01  6.662968193831e-01 -9.110273065657e-01  2.278247125914e-02  -4.783358698045e-01  6.418083471768e-01 -9.141433814508e-01  1.649060870198e-02
 -4.783358698045e-01  6.418083471768e-01 -9.141433814508e-01  1.649060870198e-02  -4.724768664041e-01  6.373845393403e-01 -9.146579210396e-01  1.555939432617e-02
 -4.724768664041e-01  6.373845393403e-01 -9.146579210396e-01  1.555939432617e-02  -4.694481251385e-01  6.350742116226e-01 -9.149196915339e-01  1.509668169112e-02
 -4.694481251385e-01  6.350742116226e-01 -9.149196915339e-01  1.509668169112e-02  -4.347713392264e-01  6.074646499083e-01 -9.176236817464e-01  1.074472039811e-02
 -4.347713392264e-01  6.074646499083e-01 -9.176236817464e-01  1.074472039811e-02  -4.069514854106e-01  5.837340145426e-01 -9.192086426611e-01  8.571793851127e-03
 -4.069514854106e-01  5.837340145426e-01 -9.192086426611e-01  8.571793851127e-03  -3.984284610908e-01  5.761723186714e-01 -9.195493403926e-01  8.148465812184e-03
 -3.984284610908e-01  5.761723186714e-01 -9.195493403926e-01  8.148465812184e-03  -3.630957669682e-01  5.432956618044e-01 -9.200122581835e-01  7.606523357422e-03
 -3.630957669682e-01  5.432956618044e-01 -9.200122581835e-01  7.606523357422e-03  -3.627761984905e-01  5.429866520249e-01 -9.200084030798e-01  7.610412479156e-03
 -3.627761984905e-01  5.429866520249e-01 -9.200084030798e-01  7.610412479156e-03  -3.625306385339e-01  5.427490585013e-01 -9.200053322780e-01  7.613505737874e-03
 -3.625306385339e-01  5.427490585013e-01 -9.200053322780e-01  7.613505737874e-03  -3.606105024372e-01  5.408868080757e-01 -9.199780425177e-01  7.640832431768e-03
 -3.606105024372e-01  5.408868080757e-01 -9.199780425177e-01  7.640832431768e-03  -3.309289750071e-01  5.110697680054e-01 -9.187516513766e-01  8.750364764885e-03
 -3.309289750071e-01  5.110697680054e-01 -9.187516513766e-01  8.750364764885e-03  -3.281707206699e-01  5.081964412008e-01 -9.185541963887e-01  8.916435242113e-03
 -3.281707206699e-01  5.081964412008e-01 -9.185541963887e-01  8.916435242113e-03  -2.978408145778e-01  4.753445788143e-01 -9.153078022094e-01  1.137970195280e-02
 -2.978408145778e-01  4.753445788143e-01 -9.153078022094e-01  1.137970195280e-02  -2.949738965875e-01  4.721128826834e-01 -9.148914142045e-01  1.166834090948e-02
 -2.949738965875e-01  4.721128826834e-01 -9.148914142045e-01  1.166834090948e-02  -2.852093093180e-01  4.609290750190e-01 -9.133195221725e-01  1.271567705172e-02
 -2.852093093180e-01  4.609290750190e-01 -9.133195221725e-01  1.271567705172e-02  -2.626982905422e-01  4.340272812872e-01 -9.087328080116e-01  1.546375164340e-02
 -2.626982905422e-01  4.340272812872e-01 -9.087328080116e-01  1.546375164340e-02  -2.506702772260e-01  4.189480297991e-01 -9.056889656869e-01  1.708746224765e-02
 -2.506702772260e-01  4.189480297991e-01 -9.056889656869e-01  1.708746224765e-02  -2.310053422540e-01  3.930879770294e-01 -8.997401655670e-01  1.990286171287e-02
 -2.310053422540e-01  3.930879770294e-01 -8.997401655670e-01  1.990286171287e-02  -2.183280420174e-01  3.755228230061e-01 -8.952165372146e-01  2.178032356822e-02
 -2.183280420174e-01  3.755228230061e-01 -8.952165372146e-01  2.178032356822e-02  -2.005447046976e-01  3.495153084818e-01 -8.878773904325e-01  2.442511041232e-02
 -2.005447046976e-01  3.495153084818e-01 -8.878773904325e-01  2.442511041232e-02  -1.977316515954e-01  3.452390483875e-01 -8.866033001484e-01  2.483911267591e-02
 -1.977316515954e-01  3.452390483875e-01 -8.866033001484e-01  2.483911267591e-02  -1.907156859967e-01  3.343622700892e-01 -8.832831764834e-01  2.586053807023e-02
 -1.907156859967e-01  3.343622700892e-01 -8.832831764834e-01  2.586053807023e-02  -1.769419417072e-01  3.120546309647e-01 -8.761412041506e-01  2.779646261427e-02
 -1.769419417072e-01  3.120546309647e-01 -8.761412041506e-01  2.779646261427e-02  -1.719900733147e-01  3.036954980583e-01 -8.733585768912e-01  2.846119988562e-02
 -1.719900733147e-01  3.036954980583e-01 -8.733585768912e-01  2.846119988562e-02  -1.530259008736e-01  2.697643500802e-01 -8.615356563883e-01  3.078168857822e-02
 -1.530259008736e-01  2.697643500802e-01 -8.615356563883e-01  3.078168857822e-02  -1.452438103657e-01  2.548399577674e-01 -8.560929503195e-01  3.159759557124e-02
 -1.452438103657e-01  2.548399577674e-01 -8.560929503195e-01  3.159759557124e-02  -1.278089973285e-01  2.188597053576e-01 -8.424345670363e-01  3.301663737117e-02
 -1.278089973285e-01  2.188597053576e-01 -8.424345670363e-01  3.301663737117e-02  -1.202710284003e-01  2.020498401174e-01 -8.358104854949e-01  3.340501953643e-02
 -1.202710284003e-01  2.020498401174e-01 -8.358104854949e-01  3.340501953643e-02  -1.116234219198e-01  1.816926677899e-01 -8.275883171948e-01  3.363435383252e-02
 -1.116234219198e-01  1.816926677899e-01 -8.275883171948e-01  3.363435383252e-02  -1.016556763167e-01  1.566541824207e-01 -8.171704468185e-01  3.354568969528e-02
 -1.016556763167e-01  1.566541824207e-01 -8.171704468185e-01  3.354568969528e-02  -9.941749882573e-02  1.507835571859e-01 -8.146774481874e-01  3.346442838341e-02
 -9.941749882573e-02  1.507835571859e-01 -8.146774481874e-01  3.346442838341e-02  -9.756291632879e-02  1.458473354851e-01 -8.125659001927e-01  3.337801700705e-02
 -9.756291632879e-02  1.458473354851e-01 -8.125659001927e-01  3.337801700705e-02  -8.759026446282e-02  1.181604966891e-01 -8.004491647768e-01  3.258038729488e-02
 -8.759026446282e-02  1.181604966891e-01 -8.004491647768e-01  3.258038729488e-02  -7.707169948721e-02  8.685742453514e-02 -7.861349001011e-01  3.101031930892e-02
 -7.707169948721e-02  8.685742453514e-02 -7.861349001011e-01  3.101031930892e-02  -7.580319258432e-02  8.294203070964e-02 -7.842938071517e-01  3.076151502090e-02
 -7.580319258432e-02  8.294203070964e-02 -7.842938071517e-01  3.076151502090e-02  -7.387871715244e-02  7.694762812800e-02 -7.814518380283e-01  3.035718064141e-02
 -7.387871715244e-02  7.694762812800e-02 -7.814518380283e-01  3.035718064141e-02  -6.386968107837e-02  4.481858123977e-02 -7.657088403922e-01  2.768703400075e-02
 -6.386968107837e-02  4.481858123977e-02 -7.657088403922e-01  2.768703400075e-02  -5.753683373003e-02  2.382096950447e-02 -7.549193832642e-01  2.545615225651e-02
 -5.753683373003e-02  2.382096950447e-02 -7.549193832642e-01  2.545615225651e-02  -5.217318098765e-02  5.759194857175e-03 -7.453003799951e-01  2.320797299126e-02
 -5.217318098765e-02  5.759194857175e-03 -7.453003799951e-01  2.320797299126e-02  -4.499490133832e-02 -1.866476693704e-02 -7.317835392153e-01  1.965635528911e-02
 -4.499490133832e-02 -1.866476693704e-02 -7.317835392153e-01  1.965635528911e-02  -4.058944271485e-02 -3.374547787431e-02 -7.231480812895e-01  1.715780174469e-02
 -4.058944271485e-02 -3.374547787431e-02 -7.231480812895e-01  1.715780174469e-02  -3.721396656373e-02 -4.533858043152e-02 -7.163655888695e-01  1.507452606902e-02
 -3.721396656373e-02 -4.533858043152e-02 -7.163655888695e-01  1.507452606902e-02  -3.196276744519e-02 -6.345477070406e-02 -7.055333539069e-01  1.153346798158e-02
 -3.196276744519e-02 -6.345477070406e-02 -7.055333539069e-01  1.153346798158e-02  -2.906888354054e-02 -7.349963922362e-02 -6.994157987626e-01  9.420249927449e-03
 -2.906888354054e-02 -7.349963922362e-02 -6.994157987626e-01  9.420249927449e-03  -2.448175768328e-02 -8.956501501131e-02 -6.894903778833e-01  5.821728623178e-03
 -2.448175768328e-02 -8.956501501131e-02 -6.894903778833e-01  5.821728623178e-03  -1.770206422283e-02 -1.138609055371e-01 -6.742316178695e-01 -1.114352925250e-04
 -1.770206422283e-02 -1.138609055371e-01 -6.742316178695e-01 -1.114352925250e-04  -1.701385401106e-02 -1.163824700433e-01 -6.726364256570e-01 -7.593454190923e-04
 -1.701385401106e-02 -1.163824700433e-01 -6.726364256570e-01 -7.593454190923e-04  -1.566327135976e-02 -1.213704924434e-01 -6.694770829385e-01 -2.057879169145e-03
 -1.566327135976e-02 -1.213704924434e-01 -6.694770829385e-01 -2.057879169145e-03  -9.818215270898e-03 -1.437632853696e-01 -6.552757771531e-01 -8.145369013465e-03
 -9.818215270898e-03 -1.437632853696e-01 -6.552757771531e-01 -8.145369013465e-03  -6.802088647971e-03 -1.560656961002e-01 -6.475056418823e-01 -1.164952397561e-02
 -6.802088647971e-03 -1.560656961002e-01 -6.475056418823e-01 -1.164952397561e-02  -3.072280978725e-03 -1.724448639476e-01 -6.372651460984e-01 -1.645662904202e-02
 -3.072280978725e-03 -1.724448639476e-01 -6.372651460984e-01 -1.645662904202e-02   2.725645282905e-03 -2.031250306652e-01 -6.186862899249e-01 -2.574082997026e-02
  2.725645282905e-03 -2.031250306652e-01 -6.186862899249e-01 -2.574082997026e-02   2.757783545126e-03 -2.033291199157e-01 -6.185664071695e-01 -2.580317286198e-02
  2.757783545126e-03 -2.033291199157e-01 -6.185664071695e-01 -2.580317286198e-02   2.776101692917e-03 -2.034456887908e-01 -6.184979560076e-01 -2.583878408116e-02
  2.776101692917e-03 -2.034456887908e-01 -6.184979560076e-01 -2.583878408116e-02   6.459465330724e-03 -2.359248579636e-01 -6.003248248273e-01 -3.567942972778e-02
  6.459465330724e-03 -2.359248579636e-01 -6.003248248273e-01 -3.567942972778e-02   6.760188157829e-03 -2.629171891238e-01 -5.870446472787e-01 -4.340832230933e-02
  6.760188157829e-03 -2.629171891238e-01 -5.870446472787e-01 -4.340832230933e-02   5.798005939900e-03 -2.751988807422e-01 -5.817435723426e-01 -4.664392461837e-02
  5.798005939900e-03 -2.751988807422e-01 -5.817435723426e-01 -4.664392461837e-02   4.411844509776e-03 -2.851155142099e-01 -5.778749172155e-01 -4.906935303658e-02
  4.411844509776e-03 -2.851155142099e-01 -5.778749172155e-01 -4.906935303658e-02  -1.763264238198e-02 -3.407682307460e-01 -5.655959838884e-01 -5.728361524750e-02
 -1.763264238198e-02 -3.407682307460e-01 -5.655959838884e-01 -5.728361524750e-02  -2.800328429911e-02 -3.540466258227e-01 -5.659195288519e-01 -5.703806308761e-02
 -2.800328429911e-02 -3.540466258227e-01 -5.659195288519e-01 -5.703806308761e-02  -6.707563345684e-02 -3.867402894588e-01 -5.746457376971e-01 -4.992883114532e-02
 -6.707563345684e-02 -3.867402894588e-01 -5.746457376971e-01 -4.992883114532e-02  -9.170673829206e-02 -4.008237443102e-01 -5.825733730435e-01 -4.297237675099e-02
 -9.170673829206e-02 -4.008237443102e-01 -5.825733730435e-01 -4.297237675099e-02  -1.057678263886e-01 -4.077015157297e-01 -5.874002744909e-01 -3.854790686497e-02
 -1.057678263886e-01 -4.077015157297e-01 -5.874002744909e-01 -3.854790686497e-02  -1.191719666451e-01 -4.137117342677e-01 -5.920854367823e-01 -3.412264953941e-02
 -1.191719666451e-01 -4.137117342677e-01 -5.920854367823e-01 -3.412264953941e-02  -1.403879293590e-01 -4.224299443186e-01 -5.995179571680e-01 -2.683858470122e-02
 -1.403879293590e-01 -4.224299443186e-01 -5.995179571680e-01 -2.683858470122e-02  -1.656647553675e-01 -4.319536550358e-01 -6.081885913504e-01 -1.791831184623e-02
 -1.656647553675e-01 -4.319536550358e-01 -6.081885913504e-01 -1.791831184623e-02  -1.738295098195e-01 -4.348929037869e-01 -6.109131053851e-01 -1.501626403266e-02
 -1.738295098195e-01 -4.348929037869e-01 -6.109131053851e-01 -1.501626403266e-02  -1.806442477398e-01 -4.373081225587e-01 -6.131516561784e-01 -1.259453534239e-02
 -1.806442477398e-01 -4.373081225587e-01 -6.131516561784e-01 -1.259453534239e-02  -2.072948946014e-01 -4.465079731712e-01 -6.215504039114e-01 -3.188966352670e-03
 -2.072948946014e-01 -4.465079731712e-01 -6.215504039114e-01 -3.188966352670e-03  -2.379832186902e-01 -4.567959088656e-01 -6.304289652994e-01  7.367172030232e-03
 -2.379832186902e-01 -4.567959088656e-01 -6.304289652994e-01  7.367172030232e-03  -2.396788949067e-01 -4.573580056823e-01 -6.308933249840e-01  7.938709546926e-03
 -2.396788949067e-01 -4.573580056823e-01 -6.308933249840e-01  7.938709546926e-03  -2.410659676167e-01 -4.578173797648e-01 -6.312711073672e-01  8.405215718095e-03
 -2.410659676167e-01 -4.578173797648e-01 -6.312711073672e-01  8.405215718095e-03  -2.718262461177e-01 -4.679082576702e-01 -6.391742779608e-01  1.850247509421e-02
 -2.718262461177e-01 -4.679082576702e-01 -6.391742779608e-01  1.850247509421e-02  -2.995467325049e-01 -4.768159310641e-01 -6.455475476051e-01  2.718123807314e-02
 -2.995467325049e-01 -4.768159310641e-01 -6.455475476051e-01  2.718123807314e-02  -3.030129978011e-01 -4.779135047357e-01 -6.462977304368e-01  2.823910354699e-02
 -3.030129978011e-01 -4.779135047357e-01 -6.462977304368e-01  2.823910354699e-02  -3.069798545052e-01 -4.791642897320e-01 -6.471441470527e-01  2.944263731559e-02
 -3.069798545052e-01 -4.791642897320e-01 -6.471441470527e-01  2.944263731559e-02  -3.555401833049e-01 -4.938785281001e-01 -6.565582320072e-01  4.363763985459e-02
 -3.555401833049e-01 -4.938785281001e-01 -6.565582320072e-01  4.363763985459e-02  -3.728639930265e-01 -4.987781977201e-01 -6.595501943095e-01  4.851366964861e-02
 -3.728639930265e-01 -4.987781977201e-01 -6.595501943095e-01  4.851366964861e-02  -4.075756102628e-01 -5.078604715238e-01 -6.650874023471e-01  5.812039954748e-02
 -4.075756102628e-01 -5.078604715238e-01 -6.650874023471e-01  5.812039954748e-02  -4.361865229991e-01 -5.144838062316e-01 -6.692721024757e-01  6.598036383224e-02
 -4.361865229991e-01 -5.144838062316e-01 -6.692721024757e-01  6.598036383224e-02  -4.548558956472e-01 -5.183342444435e-01 -6.718486364075e-01  7.112754951924e-02
 -4.548558956472e-01 -5.183342444435e-01 -6.718486364075e-01  7.112754951924e-02  -4.931581798407e-01 -5.249699848567e-01 -6.768061581748e-01  8.183087903684e-02
 -4.931581798407e-01 -5.249699848567e-01 -6.768061581748e-01  8.183087903684e-02  -4.966553006506e-01 -5.254875873803e-01 -6.772384244215e-01  8.282150493972e-02
 -4.966553006506e-01 -5.254875873803e-01 -6.772384244215e-01  8.282150493972e-02  -4.985306532828e-01 -5.257589148491e-01 -6.774688852649e-01  8.335382453250e-02
 -4.985306532828e-01 -5.257589148491e-01 -6.774688852649e-01  8.335382453250e-02  -5.352930386225e-01 -5.301838330837e-01 -6.818001735993e-01  9.395821307568e-02
 -5.352930386225e-01 -5.301838330837e-01 -6.818001735993e-01  9.395821307568e-02  -5.608322359902e-01 -5.322351373188e-01 -6.846021852393e-01  1.015378743336e-01
 -5.608322359902e-01 -5.322351373188e-01 -6.846021852393e-01  1.015378743336e-01  -5.818158152740e-01 -5.332802418784e-01 -6.867749895114e-01  1.079085944278e-01
 -5.818158152740e-01 -5.332802418784e-01 -6.867749895114e-01  1.079085944278e-01  -6.219942053325e-01 -5.336467853145e-01 -6.905921870345e-01  1.204819131910e-01
 -6.219942053325e-01 -5.336467853145e-01 -6.905921870345e-01  1.204819131910e-01  -6.450877686638e-01 -5.328755832467e-01 -6.925679455718e-01  1.279322268115e-01
 -6.450877686638e-01 -5.328755832467e-01 -6.925679455718e-01  1.279322268115e-01  -6.808672396451e-01 -5.302511709657e-01 -6.952849371498e-01  1.397853190505e-01
 -6.808672396451e-01 -5.302511709657e-01 -6.952849371498e-01  1.397853190505e-01  -6.955653303957e-01 -5.286660201019e-01 -6.962712587148e-01  1.447577028383e-01
 -6.955653303957e-01 -5.286660201019e-01 -6.962712587148e-01  1.447577028383e-01  -7.321679343854e-01 -5.234238577944e-01 -6.983716122005e-01  1.573753845245e-01
 -7.321679343854e-01 -5.234238577944e-01 -6.983716122005e-01  1.573753845245e-01  -7.361654797102e-01 -5.227387396011e-01 -6.985687048658e-01  1.587719400656e-01
 -7.361654797102e-01 -5.227387396011e-01 -6.985687048658e-01  1.587719400656e-01  -7.379638551844e-01 -5.224232568409e-01 -6.986552208997e-01  1.594012991282e-01
 -7.379638551844e-01 -5.224232568409e-01 -6.986552208997e-01  1.594012991282e-01  -7.729551423476e-01 -5.153824348063e-01 -7.000640754526e-01  1.717677010091e-01
 -7.729551423476e-01 -5.153824348063e-01 -7.000640754526e-01  1.717677010091e-01  -7.937542228877e-01 -5.103771016605e-01 -7.006429429744e-01  1.792079810871e-01
 -7.937542228877e-01 -5.103771016605e-01 -7.006429429744e-01  1.792079810871e-01  -8.223055474778e-01 -5.024967550024e-01 -7.011048133316e-01  1.894905819765e-01
 -8.223055474778e-01 -5.024967550024e-01 -7.011048133316e-01  1.894905819765e-01  -8.472273750778e-01 -4.946506343019e-01 -7.011792906128e-01  1.984925996234e-01
 -8.472273750778e-01 -4.946506343019e-01 -7.011792906128e-01  1.984925996234e-01  -8.835531903803e-01 -4.815696522103e-01 -7.007163745719e-01  2.115665109078e-01
 -8.835531903803e-01 -4.815696522103e-01 -7.007163745719e-01  2.115665109078e-01  -8.975858718401e-01 -4.759855276171e-01 -7.003518801243e-01  2.165739112910e-01
 -8.975858718401e-01 -4.759855276171e-01 -7.003518801243e-01  2.165739112910e-01  -9.275629028592e-01 -4.630467168329e-01 -6.992236050533e-01  2.271267426732e-01
 -9.275629028592e-01 -4.630467168329e-01 -6.992236050533e-01  2.271267426732e-01  -9.455481434171e-01 -4.546135258279e-01 -6.983198185713e-01  2.333277348321e-01
 -9.455481434171e-01 -4.546135258279e-01 -6.983198185713e-01  2.333277348321e-01  -9.638901394095e-01 -4.454865973860e-01 -6.972271105434e-01  2.395184112227e-01
 -9.638901394095e-01 -4.454865973860e-01 -6.972271105434e-01  2.395184112227e-01  -9.917762603551e-01 -4.305750576568e-01 -6.952505050414e-01  2.486051751003e-01
 -9.917762603551e-01 -4.305750576568e-01 -6.952505050414e-01  2.486051751003e-01  -1.005728146492e+00 -4.226383108903e-01 -6.941286121240e-01  2.529735594562e-01
 -1.005728146492e+00 -4.226383108903e-01 -6.941286121240e-01  2.529735594562e-01  -1.035702904335e+00 -4.044920055224e-01 -6.914567587942e-01  2.618692191489e-01
 -1.035702904335e+00 -4.044920055224e-01 -6.914567587942e-01  2.618692191489e-01  -1.071652323459e+00 -3.807162427417e-01 -6.878929590017e-01  2.714692754412e-01
 -1.071652323459e+00 -3.807162427417e-01 -6.878929590017e-01  2.714692754412e-01  -1.076937009855e+00 -3.770325262010e-01 -6.873477290422e-01  2.727664693695e-01
 -1.076937009855e+00 -3.770325262010e-01 -6.873477290422e-01  2.727664693695e-01  -1.078969095973e+00 -3.756030261495e-01 -6.871372041733e-01  2.732568344106e-01
 -1.078969095973e+00 -3.756030261495e-01 -6.871372041733e-01  2.732568344106e-01  -1.116289111513e+00 -3.480469192284e-01 -6.832570262930e-01  2.813636136881e-01
 -1.116289111513e+00 -3.480469192284e-01 -6.832570262930e-01  2.813636136881e-01  -1.120531638195e+00 -3.447558551089e-01 -6.828236488127e-01  2.821698566546e-01
 -1.120531638195e+00 -3.447558551089e-01 -6.828236488127e-01  2.821698566546e-01  -1.154484118405e+00 -3.172223476846e-01 -6.795507263450e-01  2.876879852965e-01
 -8.509629964784e-01  1.049168958959e-01 -3.309974692019e-01  5.800017836867e-01  -8.494680944716e-01  1.028286611084e-01 -3.427355991749e-01  5.961965342036e-01
 -8.494680944716e-01  1.028286611084e-01 -3.427355991749e-01  5.961965342036e-01  -8.472051109072e-01  1.002299657803e-01 -3.593190271463e-01  6.169541896228e-01
 -8.472051109072e-01  1.002299657803e-01 -3.593190271463e-01  6.169541896228e-01  -8.455093354824e-01  9.859949407787e-02 -3.711629236891e-01  6.304759859239e-01
 -8.455093354824e-01  9.859949407787e-02 -3.711629236891e-01  6.304759859239e-01  -8.438091003609e-01  9.717283311900e-02 -3.827159023255e-01  6.427534087509e-01
 -8.438091003609e-01  9.717283311900e-02 -3.827159023255e-01  6.427534087509e-01  -8.408826592780e-01  9.510672060190e-02 -4.021238949394e-01  6.615946808765e-01
 -8.408826592780e-01  9.510672060190e-02 -4.021238949394e-01  6.615946808765e-01  -8.390537194554e-01  9.402342844951e-02 -4.140696876812e-01  6.722018045892e-01
 -8.390537194554e-01  9.402342844951e-02 -4.140696876812e-01  6.722018045892e-01  -8.356808339069e-01  9.237612061262e-02 -4.359429786107e-01  6.899039625548e-01
 -8.356808339069e-01  9.237612061262e-02 -4.359429786107e-01  6.899039625548e-01  -8.315079942487e-01  9.087906141003e-02 -4.630324668639e-01  7.091117999756e-01
 -8.315079942487e-01  9.087906141003e-02 -4.630324668639e-01  7.091117999756e-01  -8.301268815803e-01  9.050169675612e-02 -4.720629002258e-01  7.149163327477e-01
 -8.301268815803e-01  9.050169675612e-02 -4.720629002258e-01  7.149163327477e-01  -8.248214295946e-01  8.955345119546e-02 -5.073233829684e-01  7.350293161764e-01
 -8.248214295946e-01  8.955345119546e-02 -5.073233829684e-01  7.350293161764e-01  -8.244534907801e-01  8.951615310072e-02 -5.098121842089e-01  7.363056282782e-01
 -8.244534907801e-01  8.951615310072e-02 -5.098121842089e-01  7.363056282782e-01  -8.241773019829e-01  8.949053052934e-02 -5.116847927896e-01  7.372541457083e-01
 -8.241773019829e-01  8.949053052934e-02 -5.116847927896e-01  7.372541457083e-01  -8.213671039135e-01  8.934510258118e-02 -5.309743856964e-01  7.464522291628e-01
 -8.213671039135e-01  8.934510258118e-02 -5.309743856964e-01  7.464522291628e-01  -8.188848852460e-01  8.939093091259e-02 -5.484233306779e-01  7.539135954798e-01
 -8.188848852460e-01  8.939093091259e-02 -5.484233306779e-01  7.539135954798e-01  -8.187268974811e-01  8.939940671574e-02 -5.495487034596e-01  7.543679792998e-01
 -8.187268974811e-01  8.939940671574e-02 -5.495487034596e-01  7.543679792998e-01  -8.136088812864e-01  9.004229522303e-02 -5.871461251846e-01  7.677822520871e-01
 -8.136088812864e-01  9.004229522303e-02 -5.871461251846e-01  7.677822520871e-01  -8.130054523390e-01  9.016651592340e-02 -5.917450777865e-01  7.691970181610e-01
 -8.130054523390e-01  9.016651592340e-02 -5.917450777865e-01  7.691970181610e-01  -8.122610812194e-01  9.033439572340e-02 -5.974737132776e-01  7.708932309366e-01
 -8.122610812194e-01  9.033439572340e-02 -5.974737132776e-01  7.708932309366e-01  -8.075056227984e-01  9.181026136077e-02 -6.357420808189e-01  7.804131960468e-01
 -8.075056227984e-01  9.181026136077e-02 -6.357420808189e-01  7.804131960468e-01  -8.059879632432e-01  9.244003714826e-02 -6.486751220106e-01  7.829466556965e-01
 -8.059879632432e-01  9.244003714826e-02 -6.486751220106e-01  7.829466556965e-01  -8.024278033773e-01  9.426551330813e-02 -6.807772927959e-01  7.878188149739e-01
 -8.024278033773e-01  9.426551330813e-02 -6.807772927959e-01  7.878188149739e-01  -8.000233971734e-01  9.581901841940e-02 -7.042060023859e-01  7.901463543673e-01
 -8.000233971734e-01  9.581901841940e-02 -7.042060023859e-01  7.901463543673e-01  -7.978192901485e-01  9.752220645038e-02 -7.273108453948e-01  7.914637364931e-01
 -7.978192901485e-01  9.752220645038e-02 -7.273108453948e-01  7.914637364931e-01  -7.963241421852e-01  9.886280519994e-02 -7.441119517094e-01  7.918273144928e-01
 -7.963241421852e-01  9.886280519994e-02 -7.441119517094e-01  7.918273144928e-01  -7.937542228877e-01  1.016234409930e-01 -7.758791080718e-01  7.911805612352e-01
 -7.937542228877e-01  1.016234409930e-01 -7.758791080718e-01  7.911805612352e-01  -7.917177338417e-01  1.043892259672e-01 -8.048337060975e-01  7.891046636620e-01
 -7.917177338417e-01  1.043892259672e-01 -8.048337060975e-01  7.891046636620e-01  -7.904404056460e-01  1.065261955444e-01 -8.256956581032e-01  7.867476211206e-01
 -7.904404056460e-01  1.065261955444e-01 -8.256956581032e-01  7.867476211206e-01  -7.902621070698e-01  1.068587363466e-01 -8.288410219586e-01  7.863303421128e-01
 -7.902621070698e-01  1.068587363466e-01 -8.288410219586e-01  7.863303421128e-01  -7.870955560057e-01  1.160924806254e-01 -9.080808250675e-01  7.705485320106e-01
 -7.870955560057e-01  1.160924806254e-01 -9.080808250675e-01  7.705485320106e-01  -7.867407247128e-01  1.184813897034e-01 -9.268049945971e-01  7.653528993099e-01
 -7.867407247128e-01  1.184813897034e-01 -9.268049945971e-01  7.653528993099e-01  -7.865246665104e-01  1.211350427855e-01 -9.472821158036e-01  7.590300565714e-01
 -7.865246665104e-01  1.211350427855e-01 -9.472821158036e-01  7.590300565714e-01  -7.864934199052e-01  1.250934350137e-01 -9.784176822546e-01  7.481161326961e-01
 -7.864934199052e-01  1.250934350137e-01 -9.784176822546e-01  7.481161326961e-01  -7.865535397919e-01  1.265894815139e-01 -9.909350374050e-01  7.432749045207e-01
 -7.865535397919e-01  1.265894815139e-01 -9.909350374050e-01  7.432749045207e-01  -7.868193480927e-01  1.304579299380e-01 -1.028362914115e+00  7.271545582095e-01
 -7.868193480927e-01  1.304579299380e-01 -1.028362914115e+00  7.271545582095e-01  -7.871113923905e-01  1.360631777790e-01 -1.119388294844e+00  6.759866456326e-01
 -7.871113923905e-01  1.360631777790e-01 -1.119388294844e+00  6.759866456326e-01  -7.870257299638e-01  1.375986636659e-01 -1.162089630824e+00  6.448309658582e-01
 -7.870257299638e-01  1.375986636659e-01 -1.162089630824e+00  6.448309658582e-01  -7.868497436390e-01  1.387517261895e-01 -1.202437580472e+00  6.100930763893e-01
 -7.868497436390e-01  1.387517261895e-01 -1.202437580472e+00  6.100930763893e-01  -7.863105485997e-01  1.404429836327e-01 -1.274196531993e+00  5.314164659387e-01
 -7.863105485997e-01  1.404429836327e-01 -1.274196531993e+00  5.314164659387e-01  -7.859455573987e-01  1.411417757666e-01 -1.306012122830e+00  4.867511279243e-01
 -7.859455573987e-01  1.411417757666e-01 -1.306012122830e+00  4.867511279243e-01  -7.855086911223e-01  1.417872362370e-01 -1.334346141785e+00  4.392238991743e-01
 -7.855086911223e-01  1.417872362370e-01 -1.334346141785e+00  4.392238991743e-01  -7.843542607353e-01  1.430104409195e-01 -1.378928913458e+00  3.384514659198e-01
 -7.843542607353e-01  1.430104409195e-01 -1.378928913458e+00  3.384514659198e-01  -7.835445525898e-01  1.436579918989e-01 -1.395335445280e+00  2.846056718054e-01
 -7.835445525898e-01  1.436579918989e-01 -1.395335445280e+00  2.846056718054e-01  -7.824916925489e-01  1.443706332267e-01 -1.407353035811e+00  2.294651302758e-01
 -7.824916925489e-01  1.443706332267e-01 -1.407353035811e+00  2.294651302758e-01  -7.791508872737e-01  1.462351230250e-01 -1.417871258873e+00  1.184183893707e-01
 -7.791508872737e-01  1.462351230250e-01 -1.417871258873e+00  1.184183893707e-01  -7.763867398555e-01  1.476825422252e-01 -1.416466041166e+00  6.163980192716e-02
 -7.763867398555e-01  1.476825422252e-01 -1.416466041166e+00  6.163980192716e-02  -7.730316347804e-01  1.495771081236e-01 -1.411166729524e+00  9.426998969678e-03
 -7.730316347804e-01  1.495771081236e-01 -1.411166729524e+00  9.426998969678e-03  -7.728102457275e-01  1.497115399358e-01 -1.410729493753e+00  6.322648645461e-03
 -7.728102457275e-01  1.497115399358e-01 -1.410729493753e+00  6.322648645461e-03  -7.727222999880e-01  1.497653391760e-01 -1.410553096453e+00  5.097329392291e-03
 -7.727222999880e-01  1.497653391760e-01 -1.410553096453e+00  5.097329392291e-03  -7.697541319966e-01  1.517362198230e-01 -1.403685943892e+00 -3.444232713967e-02
 -7.697541319966e-01  1.517362198230e-01 -1.403685943892e+00 -3.444232713967e-02  -7.685764150399e-01  1.526193184185e-01 -1.400429321836e+00 -4.962953860445e-02
 -7.685764150399e-01  1.526193184185e-01 -1.400429321836e+00 -4.962953860445e-02  -7.664480652930e-01  1.544077256348e-01 -1.393596710520e+00 -7.722551213499e-02
 -7.664480652930e-01  1.544077256348e-01 -1.393596710520e+00 -7.722551213499e-02  -7.645823084953e-01  1.562396126818e-01 -1.386309987277e+00 -1.023334834992e-01
 -7.645823084953e-01  1.562396126818e-01 -1.386309987277e+00 -1.023334834992e-01  -7.618780827678e-01  1.595592322095e-01 -1.372391556324e+00 -1.424655642765e-01
 -7.618780827678e-01  1.595592322095e-01 -1.372391556324e+00 -1.424655642765e-01  -7.612483760971e-01  1.605018179338e-01 -1.368266290033e+00 -1.529429592669e-01
 -7.612483760971e-01  1.605018179338e-01 -1.368266290033e+00 -1.529429592669e-01  -7.608114117395e-01  1.612104303836e-01 -1.365112095526e+00 -1.606076068850e-01
 -7.608114117395e-01  1.612104303836e-01 -1.365112095526e+00 -1.606076068850e-01  -7.589158735087e-01  1.651226374731e-01 -1.346818779986e+00 -2.002860136677e-01
 -7.589158735087e-01  1.651226374731e-01 -1.346818779986e+00 -2.002860136677e-01  -7.588198646695e-01  1.653803589626e-01 -1.345557587089e+00 -2.027696189783e-01
 -7.588198646695e-01  1.653803589626e-01 -1.345557587089e+00 -2.027696189783e-01  -7.580165637832e-01  1.680732553726e-01 -1.331915563719e+00 -2.279719742050e-01
 -7.580165637832e-01  1.680732553726e-01 -1.331915563719e+00 -2.279719742050e-01  -7.578871327732e-01  1.686685840417e-01 -1.328777733412e+00 -2.333810929478e-01
 -7.578871327732e-01  1.686685840417e-01 -1.328777733412e+00 -2.333810929478e-01  -7.577144052246e-01  1.696289948186e-01 -1.323614691227e+00 -2.420013779488e-01
 -7.577144052246e-01  1.696289948186e-01 -1.323614691227e+00 -2.420013779488e-01  -7.576872265885e-01  1.698071762867e-01 -1.322642648820e+00 -2.435871317085e-01
 -7.576872265885e-01  1.698071762867e-01 -1.322642648820e+00 -2.435871317085e-01  -7.576477532537e-01  1.700861196614e-01 -1.321111660476e+00 -2.460617150949e-01
 -7.576477532537e-01  1.700861196614e-01 -1.321111660476e+00 -2.460617150949e-01  -7.575147790433e-01  1.744166286363e-01 -1.295739545413e+00 -2.834395647933e-01
 -7.575147790433e-01  1.744166286363e-01 -1.295739545413e+00 -2.834395647933e-01  -7.576643246981e-01  1.757878166430e-01 -1.286979710473e+00 -2.949673019083e-01
 -7.576643246981e-01  1.757878166430e-01 -1.286979710473e+00 -2.949673019083e-01  -7.583489986174e-01  1.788362365284e-01 -1.265923531690e+00 -3.203056741911e-01
 -7.583489986174e-01  1.788362365284e-01 -1.265923531690e+00 -3.203056741911e-01  -7.592220563403e-01  1.811478016823e-01 -1.248158587948e+00 -3.394297338826e-01
 -7.592220563403e-01  1.811478016823e-01 -1.248158587948e+00 -3.394297338826e-01  -7.600898177619e-01  1.828545043170e-01 -1.233763393965e+00 -3.536180901547e-01
 -7.600898177619e-01  1.828545043170e-01 -1.233763393965e+00 -3.536180901547e-01  -7.612837622835e-01  1.847103731406e-01 -1.216531672992e+00 -3.692341555242e-01
 -7.612837622835e-01  1.847103731406e-01 -1.216531672992e+00 -3.692341555242e-01  -7.625660829589e-01  1.863139545510e-01 -1.199928802367e+00 -3.830086187401e-01
 -7.625660829589e-01  1.863139545510e-01 -1.199928802367e+00 -3.830086187401e-01  -7.641151514358e-01  1.878945731959e-01 -1.181461633410e+00 -3.970043556423e-01
 -7.641151514358e-01  1.878945731959e-01 -1.181461633410e+00 -3.970043556423e-01  -7.656606582714e-01  1.891904496618e-01 -1.164154543122e+00 -4.089639447090e-01
 -7.656606582714e-01  1.891904496618e-01 -1.164154543122e+00 -4.089639447090e-01  -7.676251223914e-01  1.905301994518e-01 -1.143202977905e+00 -4.220708813857e-01
 -7.676251223914e-01  1.905301994518e-01 -1.143202977905e+00 -4.220708813857e-01  -7.692906040898e-01  1.914482397025e-01 -1.126052110576e+00 -4.317661052671e-01
 -7.692906040898e-01  1.914482397025e-01 -1.126052110576e+00 -4.317661052671e-01  -7.710518143983e-01  1.922354036250e-01 -1.108315403134e+00 -4.408803535129e-01
 -7.710518143983e-01  1.922354036250e-01 -1.108315403134e+00 -4.408803535129e-01  -7.732793591678e-01  1.929937066202e-01 -1.086242416016e+00 -4.510088269503e-01
 -7.732793591678e-01  1.929937066202e-01 -1.086242416016e+00 -4.510088269503e-01  -7.753300245596e-01  1.934800147117e-01 -1.066093119445e+00 -4.591492257251e-01
 -7.753300245596e-01  1.934800147117e-01 -1.066093119445e+00 -4.591492257251e-01  -7.774340607987e-01  1.937824396345e-01 -1.045430436795e+00 -4.664628104013e-01
 -7.774340607987e-01  1.937824396345e-01 -1.045430436795e+00 -4.664628104013e-01  -7.793579557347e-01  1.938911356525e-01 -1.026427012337e+00 -4.723087948270e-01
 -7.793579557347e-01  1.938911356525e-01 -1.026427012337e+00 -4.723087948270e-01  -7.816797006119e-01  1.938109010951e-01 -1.003200277223e+00 -4.783596625145e-01
 -7.816797006119e-01  1.938109010951e-01 -1.003200277223e+00 -4.783596625145e-01  -7.834207591582e-01  1.935964993394e-01 -9.854634393853e-01 -4.822005197717e-01
 -7.834207591582e-01  1.935964993394e-01 -9.854634393853e-01 -4.822005197717e-01  -7.859454246785e-01  1.930389937053e-01 -9.590518670507e-01 -4.867151366996e-01
 -7.859454246785e-01  1.930389937053e-01 -9.590518670507e-01 -4.867151366996e-01  -7.889929817623e-01  1.919371547783e-01 -9.256258891739e-01 -4.904376802977e-01
 -7.889929817623e-01  1.919371547783e-01 -9.256258891739e-01 -4.904376802977e-01  -7.900351681180e-01  1.914381787709e-01 -9.136729452815e-01 -4.912445841211e-01
 -7.900351681180e-01  1.914381787709e-01 -9.136729452815e-01 -4.912445841211e-01  -7.936446034985e-01  1.891082116449e-01 -8.692562247987e-01 -4.918932229287e-01
 -7.936446034985e-01  1.891082116449e-01 -8.692562247987e-01 -4.918932229287e-01  -7.937542228877e-01  1.890199376044e-01 -8.678122149732e-01 -4.918531179433e-01
 -7.937542228877e-01  1.890199376044e-01 -8.678122149732e-01 -4.918531179433e-01  -7.938264926841e-01  1.889610732672e-01 -8.668563940361e-01 -4.918244751135e-01
 -7.938264926841e-01  1.889610732672e-01 -8.668563940361e-01 -4.918244751135e-01  -7.942664559437e-01  1.885908904895e-01 -8.609693451912e-01 -4.916113025774e-01
 -7.942664559437e-01  1.885908904895e-01 -8.609693451912e-01 -4.916113025774e-01  -7.968366929483e-01  1.859321296640e-01 -8.235941429798e-01 -4.887942302175e-01
 -7.968366929483e-01  1.859321296640e-01 -8.235941429798e-01 -4.887942302175e-01  -7.970030059790e-01  1.857233369773e-01 -8.209466226943e-01 -4.884994479001e-01
 -7.970030059790e-01  1.857233369773e-01 -8.209466226943e-01 -4.884994479001e-01  -7.992744451069e-01  1.821346080936e-01 -7.799519220630e-01 -4.823424895667e-01
 -7.992744451069e-01  1.821346080936e-01 -7.799519220630e-01 -4.823424895667e-01  -7.996218769187e-01  1.814063543914e-01 -7.724736623929e-01 -4.808980988105e-01
 -7.996218769187e-01  1.814063543914e-01 -7.724736623929e-01 -4.808980988105e-01  -8.000555082727e-01  1.803850607473e-01 -7.623643483246e-01 -4.787885938814e-01
 -8.000555082727e-01  1.803850607473e-01 -7.623643483246e-01 -4.787885938814e-01  -8.013124475493e-01  1.760189881478e-01 -7.230907522906e-01 -4.688856600508e-01
 -8.013124475493e-01  1.760189881478e-01 -7.230907522906e-01 -4.688856600508e-01  -8.017354615102e-01  1.728559046894e-01 -6.974098156430e-01 -4.609435782495e-01
 -8.017354615102e-01  1.728559046894e-01 -6.974098156430e-01 -4.609435782495e-01  -8.018456392704e-01  1.698129222662e-01 -6.737195194101e-01 -4.525861430237e-01
 -8.018456392704e-01  1.698129222662e-01 -6.737195194101e-01 -4.525861430237e-01  -8.018197361262e-01  1.684843832952e-01 -6.633711894966e-01 -4.486224850999e-01
 -8.018197361262e-01  1.684843832952e-01 -6.633711894966e-01 -4.486224850999e-01  -8.016570407859e-01  1.657616686701e-01 -6.413493549924e-01 -4.395430971636e-01
 -8.016570407859e-01  1.657616686701e-01 -6.413493549924e-01 -4.395430971636e-01  -8.016487195100e-01  1.656612814275e-01 -6.405002026025e-01 -4.391751601715e-01
 -8.016487195100e-01  1.656612814275e-01 -6.405002026025e-01 -4.391751601715e-01  -8.014814134679e-01  1.638869328744e-01 -6.247723823816e-01 -4.321148220851e-01
 -8.014814134679e-01  1.638869328744e-01 -6.247723823816e-01 -4.321148220851e-01  -8.010188310701e-01  1.596672517102e-01 -5.772083502019e-01 -4.077611867655e-01
 -8.010188310701e-01  1.596672517102e-01 -5.772083502019e-01 -4.077611867655e-01  -8.008119152989e-01  1.570326228817e-01 -5.321005334631e-01 -3.799828723550e-01
 -8.008119152989e-01  1.570326228817e-01 -5.321005334631e-01 -3.799828723550e-01  -8.009185414275e-01  1.540348476300e-01 -4.500200599456e-01 -3.148181511874e-01
 -8.009185414275e-01  1.540348476300e-01 -4.500200599456e-01 -3.148181511874e-01  -8.011282502810e-01  1.530317019741e-01 -4.121658274781e-01 -2.765524157242e-01
 -8.011282502810e-01  1.530317019741e-01 -4.121658274781e-01 -2.765524157242e-01  -8.014182530316e-01  1.522015867767e-01 -3.771790588162e-01 -2.349282154437e-01
 -8.014182530316e-01  1.522015867767e-01 -3.771790588162e-01 -2.349282154437e-01  -8.022477080588e-01  1.508461253757e-01 -3.177484224560e-01 -1.438540914509e-01
 -8.022477080588e-01  1.508461253757e-01 -3.177484224560e-01 -1.438540914509e-01  -8.028462048491e-01  1.502315446013e-01 -2.930596655747e-01 -9.373176266363e-02
 -8.028462048491e-01  1.502315446013e-01 -2.930596655747e-01 -9.373176266363e-02  -8.036364239198e-01  1.496297115930e-01 -2.723675945338e-01 -4.141113393987e-02
 -8.036364239198e-01  1.496297115930e-01 -2.723675945338e-01 -4.141113393987e-02  -8.063747770339e-01  1.483568106316e-01 -2.439365267539e-01  6.698786380951e-02
 -8.063747770339e-01  1.483568106316e-01 -2.439365267539e-01  6.698786380951e-02  -8.094117942619e-01  1.475408549056e-01 -2.359379339262e-01  1.245118514870e-01
 -8.094117942619e-01  1.475408549056e-01 -2.359379339262e-01  1.245118514870e-01  -8.147201314815e-01  1.466406665434e-01 -2.326444048287e-01  1.712128129484e-01
 -8.147201314815e-01  1.466406665434e-01 -2.326444048287e-01  1.712128129484e-01  -8.161078365992e-01  1.464581846716e-01 -2.323544368098e-01  1.785660171367e-01
 -8.161078365992e-01  1.464581846716e-01 -2.323544368098e-01  1.785660171367e-01  -8.179873450644e-01  1.462296441853e-01 -2.320901253989e-01  1.868840954848e-01
 -8.179873450644e-01  1.462296441853e-01 -2.320901253989e-01  1.868840954848e-01  -8.255886454805e-01  1.453772229731e-01 -2.316426638123e-01  2.108616920710e-01
 -8.255886454805e-01  1.453772229731e-01 -2.316426638123e-01  2.108616920710e-01  -8.355471594031e-01  1.437251299656e-01 -2.316530626851e-01  2.408582270410e-01
 -8.355471594031e-01  1.437251299656e-01 -2.316530626851e-01  2.408582270410e-01  -8.359694315870e-01  1.436178745981e-01 -2.316754774493e-01  2.424752038727e-01
 -8.359694315870e-01  1.436178745981e-01 -2.316754774493e-01  2.424752038727e-01  -8.379301636561e-01  1.430554923314e-01 -2.318290833245e-01  2.506026390356e-01
 -8.379301636561e-01  1.430554923314e-01 -2.318290833245e-01  2.506026390356e-01  -8.397198218259e-01  1.424346134318e-01 -2.320650007529e-01  2.590310045730e-01
 -8.397198218259e-01  1.424346134318e-01 -2.320650007529e-01  2.590310045730e-01  -8.453775193409e-01  1.395285996777e-01 -2.339718010904e-01  2.939016531356e-01
 -8.453775193409e-01  1.395285996777e-01 -2.339718010904e-01  2.939016531356e-01  -8.483318137950e-01  1.371679558156e-01 -2.363560865926e-01  3.188962971637e-01
 -8.483318137950e-01  1.371679558156e-01 -2.363560865926e-01  3.188962971637e-01  -8.526067764759e-01  1.317121743190e-01 -2.442651885140e-01  3.704298227456e-01
 -8.526067764759e-01  1.317121743190e-01 -2.442651885140e-01  3.704298227456e-01  -8.528433898609e-01  1.312800222674e-01 -2.450233931941e-01  3.742514577597e-01
 -8.528433898609e-01  1.312800222674e-01 -2.450233931941e-01  3.742514577597e-01  -8.530085464382e-01  1.309645996093e-01 -2.455885454344e-01  3.770217488497e-01
 -8.530085464382e-01  1.309645996093e-01 -2.455885454344e-01  3.770217488497e-01  -8.540534284528e-01  1.286161472837e-01 -2.501051422165e-01  3.971894065050e-01
 -8.540534284528e-01  1.286161472837e-01 -2.501051422165e-01  3.971894065050e-01  -8.549371608001e-01  1.257492141995e-01 -2.563524801744e-01  4.208853537831e-01
 -8.549371608001e-01  1.257492141995e-01 -2.563524801744e-01  4.208853537831e-01  -8.550720403843e-01  1.251539924326e-01 -2.577510765636e-01  4.256987076129e-01
 -8.550720403843e-01  1.251539924326e-01 -2.577510765636e-01  4.256987076129e-01  -8.556071255682e-01  1.203803964963e-01 -2.702708016092e-01  4.632770222963e-01
 -8.556071255682e-01  1.203803964963e-01 -2.702708016092e-01  4.632770222963e-01  -8.555942851954e-01  1.191178652499e-01 -2.739865468553e-01  4.729730755012e-01
 -8.555942851954e-01  1.191178652499e-01 -2.739865468553e-01  4.729730755012e-01  -8.554870248607e-01  1.175049858171e-01 -2.789965018849e-01  4.852519852338e-01
 -8.554870248607e-01  1.175049858171e-01 -2.789965018849e-01  4.852519852338e-01  -8.547254819459e-01  1.132922712560e-01 -2.936002406912e-01  5.169389289222e-01
 -8.547254819459e-01  1.132922712560e-01 -2.936002406912e-01  5.169389289222e-01  -8.540282197042e-01  1.110504349460e-01 -3.023810515605e-01  5.337012432342e-01
 -8.540282197042e-01  1.110504349460e-01 -3.023810515605e-01  5.337012432342e-01  -8.526213397155e-01  1.077836246205e-01 -3.166765916422e-01  5.582087736442e-01
 -8.526213397155e-01  1.077836246205e-01 -3.166765916422e-01  5.582087736442e-01  -8.509629964784e-01  1.049168958959e-01 -3.309974692019e-01  5.800017836867e-01
