LENS PARMS:
   alpha 6.090755e-01 8.421124e-01 1.680588e-01 3.029716e-01 -6.335936e+01 9.438206e-02 -2.306686e+01 0.0 0.0 1.000000e+00
 expdisk 3.122438e-01 8.010700e-01 1.292100e-01 7.600000e-01 -6.200000e+01 0.0 0.0 3.295700e-01 0.0 0.0
SOURCE PARMS:
   ptsrc 1.456751e+00 7.108850e-01 -4.795111e-03 0.0 0.0 0.0 0.0 0.0
CHISQ: 9.295936e-05 5.323671e-05 3.972217e-05 0.000000e+00 4.709269e-10 0.000000e+00 0.000000e+00 0.000000e+00 0.000000e+00 # tot pos flux tdel gal plim crv ring weak

Source #1
  posn:  7.108850e-01 -4.795111e-03
  flux:  1.456751e+00
     h:  7.000000e-01
  zsrc:  1.340000e+00
tscale:  5.029346e+01
images:
   0.0000   0.0000 (3.0e-03)  15.6000 ( 1.50e+00)   0.00 (0.0e+00) ->  -0.0000   0.0000  15.6081   2.2604
   0.0560  -0.1560 (3.0e-03)  13.1040 ( 5.00e-01)   0.00 (0.0e+00) ->   0.0560  -0.1560  13.1025   2.2934
   0.8120  -0.6630 (3.0e-03)   6.5208 ( 3.00e-01)   0.00 (0.0e+00) ->   0.8120  -0.6630   6.5211   0.0000
   1.1740   0.4590 (3.0e-03)   1.2792 ( 1.30e-01)   0.00 (0.0e+00) ->   1.1740   0.4590   1.2793  20.6293


