LENS PARMS:
   alpha 5.131346e-01 7.801020e-01 1.647238e-01 2.041730e-01 -5.312572e+01 1.148913e-01 -3.916928e+01 0.0 0.0 1.000000e+00
 expdisk 1.880982e+00 8.041887e-01 1.283051e-01 7.325263e-01 -6.500887e+01 0.0 0.0 1.741326e-01 0.0 0.0
SOURCE PARMS:
   ptsrc 1.654381e+00 6.495722e-01 -1.137881e-02 0.0 0.0 0.0 0.0 0.0
CHISQ: 9.778231e-05 7.271374e-05 2.506812e-05 0.000000e+00 4.477632e-10 0.000000e+00 0.000000e+00 0.000000e+00 0.000000e+00 # tot pos flux tdel gal plim crv ring weak

Source #1
  posn:  6.495722e-01 -1.137881e-02
  flux:  1.654381e+00
     h:  7.000000e-01
  zsrc:  1.340000e+00
tscale:  5.029346e+01
images:
   0.0000   0.0000 (3.0e-03)  15.6000 ( 1.50e+00)   0.00 (0.0e+00) ->   0.0000   0.0000  15.6057   1.9533
   0.0549  -0.1548 (3.0e-03)  13.1040 ( 5.00e-01)   0.00 (0.0e+00) ->   0.0549  -0.1548  13.1041   1.9846
   0.7958  -0.6527 (3.0e-03)   6.5208 ( 3.00e-01)   0.00 (0.0e+00) ->   0.7958  -0.6527   6.5200   0.0000
   1.1466   0.4479 (3.0e-03)   1.2792 ( 1.30e-01)   0.00 (0.0e+00) ->   1.1466   0.4479   1.2794  20.4206


